0.00019914494570525494 0.0002171426642621266
6.291562633255454e-05 0.00023317533794221744
0.0029937327435769893 0.00445417543039549
0.0016828338692948812 8.683840125240226e-05
-0.0015175326014639744 0.0004472429745013526
0.00011722527524439923 -5.910363465708958e-07
-0.0007521954499730261 0.00019929845789375385
-0.000643031703375904 0.00042756620253012694
-0.0015513989013860902 -0.0005531465423374751
-0.00038573086468173293 -0.00036459850011739004
0.0013781861644930195 -0.0021194977135087327
-0.0018565916782125047 0.002767640237084926
-0.0014018992117600488 0.0026087352796167816
0.00018302831043011286 -0.0003362394659387794
0.0001857757818321593 -0.0016342995476443182
-0.0003294657810559118 0.0025124785499970356
-0.0006072910474436198 -0.0002750704504999797
-8.066302484660494e-05 -0.0016558610306359896
2.7591249277062915e-06 -0.0016093053241055413
0.0009982092626015038 0.0009207705639993118
-0.0008436023923340489 -0.0007994816055552578
-0.0011210217599155136 0.0005158167333613106
0.0018448193559905297 -0.0016443301344194418
0.002092041460187868 0.0022011430512015352
-0.002634864799399613 0.00010854353648949052
-0.00018344395098309494 -0.0001465206715318139
0.0005944046238049857 -0.000519648589575168
-0.0006922272446437702 -0.0028825510045873567
0.000818967110046224 0.001533763466219084
0.0006499202267979253 9.879006637450757e-05
0.000551445941264265 0.00036694609802407117
0.002882818077285888 -0.0005877403951747096
0.0032624059296755053 0.003861024115145658
0.0006631632111376241 -0.0018551192892601541
-0.0004948065254726284 0.0025277731776506434
0.0005056609134522814 0.0008615063821134201
0.0012191022790122668 -0.0010036268960269298
-0.000632017856853048 -0.0006619799596616026
0.002243105216068596 -0.0022509823017682487
-0.002165517168773278 0.0001987075539046528
-0.0021357879228419297 -0.0010006738799266729
-0.000782897524598556 -0.0005051287059504737
-0.00031884063729938983 0.000144535030417418
-0.00026973490618439715 0.0017163002178830807
2.9672963728994447e-06 0.0007992244666818153
0.0009243162830765434 -0.0019475187673865212
9.353329560531609e-05 0.0034234269541061585
-8.098052071332787e-05 -0.0028782177771676893
0.000698209732535484 -0.0015491262717301957
-0.0011301189162034745 0.00039122885950413185
0.0014690977038147072 0.0006932123963452124
0.0023701339498567635 -0.0015600819155573448
0.0005165632277095193 0.0004825583626714567
-0.0039504011263004155 -0.001064883434643811
0.0019548053379783957 -0.004228772709768541
-0.0010491812231844364 0.0011673211571102998
0.001004858000587449 -0.0006478775904307194
-0.001212290288442668 0.0007741619993139206
-0.000908068175353504 0.0032314425157563683
-0.0023479827977704467 -0.0008031889622338188
-0.00020667548859122317 -0.0018440604692209173
-0.0007867365830160414 -0.0006904352809381619
-0.000488483090612261 -0.0004647982886405488
0.0020983057129963217 0.00021805023793123533
-0.001991129525189978 -0.00024071373678603963
-0.0012578923039111953 -0.0007473421526282498
0.0007591763227664593 -0.00047941856022723354
-0.001667507945531287 0.0025529535993269554
0.0027983641416469075 0.002179010109727836
-0.0010454348013665498 -0.0004736886283520412
-0.0006481522133566053 0.0015047470840111278
-0.0038232136606650624 -0.0019084838446420632
0.0001278499008077596 0.0016911317871102672
-0.00042586049145048585 -0.00040053743900295076
-0.002528508230302225 -0.0007138991067139076
0.0014394331028207274 0.001549869299896323
-0.0001441966581374804 -0.0009898678316187513
-0.0011183651123366995 -0.0011622168762453343
-0.000198673141174742 -0.002016701693589848
-0.003011885415406104 -0.0003989031743331301
-7.2054875386399946e-06 0.0017268885654163628
0.0021473375219445093 -0.0011141238647678652
-0.0017465162203018736 0.0014760468581945824
0.00013691737210085888 0.0008799975777236099
0.0018407002402751587 0.0009504096610061692
0.0013737219967308873 -3.7021592451576813e-06
9.199538397083885e-05 -6.459175308495352e-05
0.0017579421904164816 0.00038900453417943704
-0.0009901581385645813 0.0004329290905066837
0.0014309467006994178 0.00022089449693170378
0.0014136661223773537 0.002493810828930543
0.0013772843050629292 -0.0008923760886390645
-0.0012257208458201316 0.0022541878729135847
-0.0017428959808664533 -0.002419989827135979
-0.001607904183959085 0.00015966347673828014
-0.001617071609234357 -0.0009692260341086686
-0.003065735730711613 -0.004543118067872895
0.00022558861634213844 -3.52545139885357e-05
1.6616819679438536e-05 0.0007504186463964775
-0.0008149796128761592 0.001106283353954532
0.00022590182638745654 -0.0029476165630820303
-0.0015448554512439308 -0.0009181192934491611
-0.00010274799753974414 0.0003437448195439231
-0.0006350316098478405 -0.0014034940557627045
0.002497996016484581 -0.0009226038833586988
-0.00028725795460181406 -0.002152425828001747
-0.0005277694032656293 -0.0007011475949305166
-0.001169307312644562 0.0004851580736739737
0.0014952137474250832 6.414514891608473e-05
0.0019285433092762908 0.00012554050501152795
0.00032326427989601145 -0.000669742439293637
-0.0019381189221828108 -0.001464602304056409
-4.0401086118496606e-05 0.0007320510734308431
5.832708982886999e-05 0.000249571083261638
0.00023898850580075415 -0.0003748796229382708
-0.0017670020329417914 0.00026494614173348504
-0.000497510992556887 -0.0004453943901719962
0.001339101887812545 0.0017149858052729035
-0.0014616121473759063 -0.0020912579921755704
-0.0018092124107237095 0.0021894301875768044
0.000598524121521441 0.0010855651329002324
0.0005553824876116618 -0.0005000790241671448
-0.0007652950981406357 -7.652386956386312e-05
0.0021954568274086764 0.0004367377619947614
-0.0015296065526730174 -0.0009218636006013537
0.00025375168714963486 0.0009422325470111906
-0.0003917724679093459 0.0011282718473964225
-0.00027151494695368174 -0.0003479601633642434
-0.0015650158691711718 -0.0011673207803756568
-0.001760898964218452 -0.0017766117232958017
-0.0013973446662404589 0.0003810750495504514
9.634511425242436e-05 0.0012121583280071291
0.0013665646034076748 0.0017425633259653616
0.000410533715253109 -0.0004720612608483389
0.0007265852897814499 -0.00021463586844611406
-0.0005137695489370234 0.00022197784148777586
-0.00037648435122875713 0.0008367875879885284
-0.0006674629603239863 2.023966183018693e-05
-0.0005638650557666777 -0.0011814177033419864
-0.0016987295156047257 0.00041199490052347697
-0.0019285307483367146 0.0005137620143831152
-0.0011337788851046582 -0.0008930651524390983
0.0006917740361440733 0.0011105557514033565
0.0008471370128344806 -0.0010062083860801262
-0.0017309350478198744 0.00015089652122590063
-0.0015960473339983565 0.0020337382719904117
-3.93454087818261e-05 0.00029910463787981837
-0.0018244031445952 0.0005654400075465106
0.0010718046552343093 -0.0016536364296361003
0.0018110165685228472 -0.0008478569107322356
0.0010994149173168984 -3.483147788049161e-05
0.0001414632309206791 -0.001767155503286929
0.001866134102902454 0.0020312120643669576
-0.00024331946274250223 -0.001432359436190124
0.0007020982419580014 0.00021104111569277432
-4.4733776537497255e-05 -0.00035672907698391405
-2.8611610834324868e-05 -0.0014732645355602881
-0.00036442879270951774 -0.0008468997530488142
0.0005402974456925628 -0.0016832446228953806
0.0003748165527047857 0.0009990820239253848
0.0006952585373821343 0.0004905030037726369
-0.0003590887338578182 0.0017195214104850796
-0.0012847987943886828 -0.0007757933797591848
-0.0008849413207495931 0.0018400940449921923
0.0015578748705859925 -0.001416058035669836
-0.00015313683650295738 -6.176668831189142e-05
0.0005562797288808938 -0.00023256082082638785
-0.0016125572702853964 -5.049611689689372e-05
0.0007585811366453187 -0.0011045897759879326
-0.0018889314706666915 -0.000709071407345237
0.00014447759699817337 -0.0007363483227759898
0.0005873316929385521 -0.0018989509145376192
-0.0012415444923234622 -0.0004282351176045452
-0.0023593089034356107 -0.00028513339514107917
0.0004899279184341384 0.0003849957341918878
-0.001401696364744086 -0.0021941145826910547
-3.791418401655207e-05 0.0006140622984896734
0.0009728960329034113 0.0002732029383178866
0.0009547834354278742 -9.844796324097479e-05
-0.00045642667036344093 0.0009559998407455857
-0.0002108759854516415 -0.0005275177558765681
-0.00154974406625141 0.002659899009149486
0.0018523085441723966 0.001637375604099285
3.010173621145314e-05 -0.0003368745477016008
-0.0004505706167078581 8.078499778862499e-05
-0.00016799438276526803 -0.00020638494451659072
0.00037630223394973216 9.137376174927864e-05
0.000523149414942669 0.0003315498767275564
-0.00040062193043286285 -0.0008127832580950093
0.002203612639640872 0.0005721257862557732
0.0006311515576581493 -0.0005205652508654771
-0.0017697193030816098 -0.00020158377806767019
-0.0011529464782789386 -0.0006203547311439343
-0.0009201238099563377 -0.0009854884479578727
0.0008958696438486318 -0.00032725873135938985
-0.0005303321355948703 0.0012996021286383426
0.0010543944768417707 -0.00023534267771612786
-0.0010557959706755987 0.0015173110412249483
2.9756000844192593e-05 0.0018019680581036505
-0.0006619353355578309 0.0011566639130718552
0.00028883308349574813 0.0017780311211518741
0.0007704195163285339 -0.0003782024652938193
0.0018511364895371103 -0.0024452903769897403
-0.001297491332419824 -0.0003585271658718983
-0.0006906120475200076 0.001179041451080058
0.0015624128131883491 0.0010713436273797952
-0.00020463505322434314 -0.003823191917763268
-0.0009937855039720226 0.0007385019267924441
0.0015093463156446415 0.001355034601919154
0.00018671526103337477 0.0025800853168375217
0.0005694476246860289 0.0009737824145489375
0.000122340072109991 -0.0004599784368926495
-0.0024807672213423343 -8.315269273786426e-05
0.0003209194746895179 -0.0015934135950282854
0.0003231715649709372 -0.0024453872452552595
0.0019071235964523692 -0.000497185570875561
0.0002809344034916498 -0.00048714249132988556
0.00019296247991582008 0.001942982735076304
0.0003805691910156535 -0.0007061610863762647
0.002419173571731055 0.0006101346885060934
-0.0008986847645524565 0.0006119134942129323
0.0017271686754087195 -0.0007126372945893023
-0.0032447775395721525 -0.002285235307381161
0.0019105219585591894 -0.001611811561681658
-0.0030049984997620005 -0.000843387537845951
0.0015822443000003807 0.0004496346949862982
0.0010181945453566171 -0.00040675243675658936
0.001074645866915061 -0.0005542072634465404
-0.0003267223093768705 0.0010837533262181127
-0.0006341393752308768 -0.001797964744437211
0.0008686350644689213 0.0008322296366238303
-0.0010802182534165202 0.00022304717832745616
-0.0027935898166661036 0.00232649840383023
0.0013048137322666878 -0.000565692336703859
0.0004999132797661736 -0.00042317736593196144
0.0007724195829495983 0.002271520114209455
-0.002940674042877023 -0.0010268580281030135
0.0017846930751756723 -0.0007259063667263121
0.0008665238359858387 0.0005202684525743924
0.001545619882145992 0.001187244753099379
0.0005986975008078079 0.0004939772340455141
0.0004941112370797792 -0.0028375474598282056
-0.0016650662708385193 0.0017646520019204551
0.000724966091253309 -0.0012601355962853238
0.0020520198569669236 -0.0005519876577863961
-0.0017047572227209457 0.0014619763334627084
0.0004459539245231947 -0.00039568157643592156
0.0007235448052291897 -0.0005124791469525619
0.0006457860908494717 -0.0006726055253488864
0.0006125704141347908 -0.00016165976242254432
-0.00029719609789535925 -0.0007741939369461206
-0.0006393204664837698 0.0017349862053426563
-0.00030700542811779155 -0.0007943867400781824
-0.0008986504015547895 -0.0013717061923807852
-0.00030570944450243707 -0.000749400254542654
0.0003907539103022245 0.0012591626182646158
-0.0007102659467504657 -0.0009472607683569301
-0.0008216664488852104 0.001438397022318344
-0.0009125445221248618 -0.0006032251921838017
0.00012470678394607554 -0.0008505818963013275
0.0004701889468390047 0.0009097728306149793
-0.000526262793327445 0.001443198801387147
0.00033558253347818894 -0.00033485143109111734
3.75938227041602e-05 -0.0016429581550643107
-0.0002587713126073322 -0.00032156363842271343
0.0021864679611106707 9.915657017334942e-05
-0.0003131010010502336 -5.81479401376304e-05
-1.2419286939630855e-05 0.00039872656738324484
-0.0016196688525014515 0.0003354940126763535
0.00019854168182643865 -0.0024198270178767325
0.001004666454881452 -0.00014200744663311622
0.00022685292874816604 0.0018678168049162142
-0.0010403957734324912 0.00036271707621069696
0.0009279132471370176 -0.0017878714347631251
-0.0014577204799159943 -0.00021906287081199552
-0.002811302553845684 -0.0002439893844716194
-6.0956998735155034e-05 0.000370010923832163
-0.0012902349653669072 -0.00031373964840249467
0.0004169532474981254 -0.00042969919350341616
0.0010382143359417718 -0.00045669083461615667
0.001320111396026917 -0.0009194761479624397
0.0021255222243242453 0.0019334256951933527
-0.001161485636341898 0.001339495564154517
-0.0013561073080990255 -0.0007556641081252809
-0.0014574770054225036 0.00015751799680622662
-0.0016630397801274783 0.0011227670179642544
-2.367207981079892e-05 0.0022167392753022655
-0.0011671797808409032 -0.0012348936286742985
0.0005682315694102233 -0.001057448784456022
0.0012364844826654533 -0.003924062473708289
-0.00021548857598331644 -0.0006266879032429082
0.002206645534205966 -0.0010841975023293663
-0.0004009401089824161 -0.0001112516017668931
0.0006363784906935423 0.00025399615804160935
0.0004617811416028512 -0.0006804927941723664
0.0002810866488225804 6.299358279626997e-05
0.0012546845438582113 -0.00022408762497496163
-0.0009108945911636599 -0.00046723687472375675
-0.0006750429465719986 -0.0011741630526965665
-0.001224864580974763 -0.0027246828275769137
0.000988535821464321 -0.0004641949244445239
0.00033498699381424586 -0.0021671123019124483
5.923256710629701e-05 -0.0007702636546230914
