0.00014677947393127794 2.2322297776746885e-05
0.00028852632139382507 0.00018465913473822052
0.0032778898710341315 0.0028859126873237565
0.00161152027211441 0.0013211645566925585
-0.00030124488324417777 -0.0002085399849190266
-0.0006420937200337153 -0.0012776194865042687
0.00017433642561299817 -0.001548118310381878
-0.0024005009742292366 -0.0001188241097402452
-0.0002491538438321369 -0.00220343102457636
-0.0007526726613708365 1.6360382817979215e-06
0.002975852051105528 -0.0005617020390861134
0.0006583490886612167 -0.0012365501909216798
-0.0007057424731151649 0.0022422990667503666
-0.00013506250931381153 -0.00022819970673397565
0.0020870352487702853 -0.0005302148204110304
-6.343660715218928e-05 -0.0019311280193213141
0.0007613776654319389 0.00035531417511476326
-0.0002447904863196148 -0.0005343880122761111
0.0019416293345067986 0.000971346383775078
0.0002879821303637312 -0.00024078704917912655
0.0010756611916929821 -0.0015828077452632026
0.0018955521126094669 -0.002142413132102866
0.0005941983288446276 0.001318843643089589
0.002294716516802492 -0.00020027362210772316
-0.0013848963541760548 -0.0022735161307120486
0.0016936749485192612 -0.0012739726571145379
0.00025527972061716763 0.0012147503106452893
1.735324820335011e-05 0.00040210931695171503
-0.0010608949903077728 0.00012688657032381716
0.0005875154365492964 -0.0011034763359556391
-0.0010120001514078425 -0.00048134238334564483
-0.002265123806064477 0.0011185783883437207
-0.0015148088597492085 -0.0007931165489186842
-0.0025660676935573864 0.001076680627540073
0.0005979239002166549 -0.00037728743002535443
-0.0006887522668134825 -0.001302029809435608
-0.0003831153578782924 -0.0006475334445205775
0.0011342182655857981 0.0012532357702563898
-0.00011592120095039343 -0.0019603933930072526
-0.0029300544373538633 0.0017153023524679684
-0.0029838642033814524 -0.001767512067390602
0.004196253143520736 0.0004212936775938083
-0.0007275406015682517 -0.0006302098391757922
-4.553899225057229e-05 -0.0008972968293266246
-0.0013966127215491913 0.00036219957540034847
0.0010873495375155634 -0.0008382206071614076
0.0010794368257113019 0.0009489082957919619
0.0002048402759923725 0.0012291953567621144
-0.00086328906385505 0.0011307006543408455
-0.0011281797209966148 0.0015593725966955977
0.0014243985143093454 0.00023925842895087632
-0.0014771210330807771 0.0007216054263248461
-0.0006503951038858617 0.0004351037553260637
-0.003978325110627713 0.0008330419231486947
0.00022873307890493945 0.0008891007397723067
0.0016680917402993622 -0.0010877081252302408
-0.00047773838057071363 0.0004373431008684935
-0.0021615084655332998 0.0005241492057950031
0.001439934299703429 0.0002751101664043229
-0.00034859195372591024 0.0007868875816321709
-0.0018880251225153603 0.0014944670882811124
-0.0014322816313693419 -0.0006974485032999168
-7.10958834978164e-05 0.003526394960275728
0.0016599837531211315 0.00092137199419937
0.001292507503367318 0.0017538200271696909
-0.0005853292302330094 0.0005562995299823127
-0.0008132000552013317 -0.0005311663302141304
-0.00047658837800323593 -0.0009058213356957192
0.00047412274898718125 -0.00019409713461569745
0.0009145014890727834 0.0032049989608593414
-0.00010605085806604442 0.0007611875894860023
0.0037517275815879066 -0.002497282649417715
0.001264907312205243 0.0008069015852067215
-0.001260020454645602 0.001319308521805561
-0.00013599620196140614 0.0008049429888566671
7.073614869292562e-05 -0.0011965819868417888
-0.0007205018655417008 0.0016340297035544347
0.0012815223398633276 7.738948276752772e-05
-0.0013769951269504495 -0.002201559088464884
0.001414969773780653 -0.0017089395932013076
-0.0013039192281003157 -0.001610626519796117
-0.0005396978185596941 0.0019538030004464533
0.0010132994585708868 0.001423675779659424
-0.0012150018684923955 -0.00021364052187261082
-0.000722237243478159 -0.0022363631789263983
0.00015574385129358317 0.003022490354988526
-0.0019908638747173526 -0.0015376988154953506
-0.0020836519422032978 0.00021189277474028504
0.00023329504934032938 0.0006444837387017152
-0.0006960343550455622 -0.0017626037819406125
-0.003221600419330269 0.00033214910763341033
-0.0007512838140886411 0.0002555874004732148
-0.0019036906666918471 0.0006869756590481774
0.0033062500165151236 0.0003424658879705133
-0.0004165111497669811 -0.0003415683438569571
-0.0017954299505797463 -0.0013718956784478217
-0.0010592637413749768 -0.0018029111138643387
-0.0012950006076329489 0.0007056732419109915
0.0010993740523045246 -0.0024305996099231834
-0.0026039757201696693 0.0014364466476337646
-0.000130518865882711 -0.002046828022419745
0.002132665275015878 -0.0015011623652865886
-0.00138440830157551 -0.0016070692300091019
0.00048702510719318963 -0.000480545965695046
-0.0009210020527241444 0.0017582121084244525
-0.001194862439076117 -0.0014999868100168947
0.0004887018140414048 0.0001452286725383466
0.00018130385914642543 -0.002861707412868213
-0.0003456898851693669 0.0008788221239333162
-0.0005001552817948942 -0.0006055400729106
0.002217289334355447 0.00033181786900200754
-0.0004382864214880414 -0.0003705507280764271
-0.0011112794629294753 -0.002995837310734044
0.002871480207737682 0.0010996281377913762
0.0005063574108952059 -0.00032891260869208355
0.00036269366993061465 0.00022822426327250041
0.0024894963628740723 0.0008019471309419608
0.0010830646932627785 -0.0003639183901813299
-0.0001290823620852881 -0.00013077331861497716
-0.0006418073663456823 -0.0012445711577162401
0.0005665472373305922 0.0014050986613985154
0.0004707290401711952 -0.000791240765098538
0.0010297796885993383 0.0005347171958395376
-0.0011920255729352591 -0.001410376479919794
-0.0005447311353408823 -0.0011171708221095417
-0.0007193482001121482 -0.0008764827246316098
0.0006853812083001924 0.002370393109446265
0.0005381511726308059 0.0010955850383578376
0.0021545989514844856 -0.000880390690991813
-8.951213536045892e-05 -0.0020804473944930494
0.00021964246486492345 0.0016374879495072618
-0.0005175886032997147 0.0025019831234221837
0.000856864946614243 -0.002541367003547273
-0.0009040265238488098 0.0006141562554468405
0.00021157960914955522 0.00042656928404991544
-0.0006819154947281448 0.003080072186549339
0.0032764717341276237 -0.0020967657667982894
0.0001298768535087248 -0.0004847675755302869
0.0016084299920421591 -0.0001576705775270577
-0.0002660684976785705 0.0005035544636802363
-0.003478034702123324 -0.0006224606932455054
-0.00022868192775751288 0.0011293359322158494
-0.001090650599015746 -0.0016471949229729503
0.0002853113254571203 7.95344809529411e-05
0.00016793144354643853 -0.0007066762837109196
0.0007911601952894067 0.001034036795001143
-0.0002579645852697038 0.001286670944148851
-0.0025722938595147712 0.0003703170809990935
0.001702950731708111 0.0002015514722774563
0.0011738678907348542 -0.00028338907589901905
0.00035777042881074276 0.0013816605684404037
0.0019791518660694065 0.0018687297179114572
-0.0005496869485535976 0.0013220209514748
-0.0017783715805837709 0.0011617451797640837
0.0021907494065789815 -0.0007092519985497164
-0.0012864119606949135 0.0006469425944296838
-0.001433687874303977 -0.0016498833307231457
0.0007601057200179992 0.0014822808049911125
-0.000587887177461535 -0.0017576057436925867
0.0021234788311921236 -0.000991951035239931
-0.0006577318171315639 0.00017356983909584185
0.0006648307124183305 0.001802035811964777
0.000874469207784495 -0.00036345473541368235
-0.0004698773341568259 -0.0009091752042566715
-0.00028223732798618114 -0.0007590634060509732
-0.002686051243348254 0.001805556376949775
0.0005307804945248951 -0.0004543202120138983
0.0001490676168704393 -0.000615631096876134
-0.0008037547632341327 -0.000321679989878804
0.001754438053346688 0.0003554518052736669
-0.00020110014361504673 0.00024737695663622846
0.0009096567242304993 -0.00025100330980068366
0.0031792764193114393 -0.0008747523486159231
-0.00011471627578184027 0.0011665948715499184
-0.0012395978455545364 0.0020062172265988653
0.0012065215122307202 -0.0009835199754362636
0.00039830730264340186 4.7555137596809e-05
-0.002372393964147711 -0.000546703244678411
0.0006925421357205457 -0.0010631986749180626
-0.00028389772647607187 -0.001695207904595487
0.00047879038027482854 0.0003944789382786479
-0.00029217559365538097 -0.0008365933706981207
0.0024012653380885906 -0.0007970242698538139
-0.0006288998071237188 0.0030834880443944886
-0.0005196344510706967 -0.00029071371711320037
0.0020196953114761857 -0.0007103445495155451
0.00017717860435450438 6.443768201614169e-05
0.00037610368811063713 -0.0014723704897947002
3.894919512478145e-05 0.00026999120059325644
-0.0003203565984006525 -0.0017406479304838123
0.00048660252396095393 -0.0013798146549342638
-0.0003399340841826634 -0.001384514282494314
-0.002051607002844905 -0.0014675540143537144
0.0022191208045071035 0.00036807935889580766
-0.0004203915429572612 0.001297941816977392
0.0008522671697400346 0.002089905203014522
-0.0008251636380954339 0.0020201485354330454
0.0030242875662625864 0.0019035354559074336
0.00027947109135056594 0.001476833512746855
0.0016700651161104137 -0.0004137677246419412
0.00020065816582868693 -0.00012233138661624186
0.0008476799223458043 0.0010001087803263602
-0.0015980531710205633 0.0006149675607901534
-0.0028932871717548096 -0.0012888158873764306
0.0013438240574463142 -0.0002601101448256299
-0.0009111544245839911 0.00034797548732833485
0.0015746601818125772 -3.1430470029049606e-05
-0.0003715101707675909 -0.00115005804073725
-0.00013273573554230733 7.944951509170097e-05
0.001446498780823538 -0.0007812721170068485
0.0031331583658694324 0.0010790464584461252
-0.00246894234255366 -0.0009705739659884198
0.0007055817577261154 -7.024794649081275e-05
0.0007193521185899816 0.00023878183268998552
0.00173874756375973 0.0002597117640571111
-0.0016177100607174253 -0.002211269044402272
-0.0010932836288405658 0.0010929848689359067
0.00031808141335912845 -6.212987769033827e-05
-0.0012304264212206744 0.0003873047024699021
0.0003810407204784658 -0.0017317578224483189
-0.0004241596415134973 0.0014676722407071837
0.001906221801589471 0.00047281389069233796
-0.00034000265816574006 0.0014385511815434308
0.0010187435339381436 -0.0012055027932523473
0.0019027666705791482 -0.0010605896156388427
-0.0011652480715144103 -0.002312445199212169
0.0013496830406783636 0.000594103744796057
0.0009154618151815683 -0.0011461494803311396
-0.0016379783089633725 -0.00021930481742367072
-0.0017356299371727474 0.00017479444603758635
0.00020818255790622906 4.875250859240479e-06
-0.0020716910293708812 -0.001507366081685217
-0.00011962348113275492 -0.0006887792977715127
-0.0006136801621033077 0.0005120855703137411
-0.00012729814923127163 -0.00022127219320898376
-0.0018902212638991112 0.0035223007318294784
0.00037005467015853514 0.0010023034374921351
0.0023271183168154515 -0.0015249789715437948
0.00319305307713316 0.0033563190846208606
-0.0007546611193216939 0.0015039401488033172
1.606685960264599e-05 0.002906292895289711
-0.0016111797786655365 0.001911969444703948
0.0014050371329978736 -0.0032074665990137912
-0.0004410698219483704 0.0025529286472446944
0.0005752983838895312 0.0019473896366516779
0.0008764308590343041 -0.002802709874886272
0.0015396695247912701 0.0010326688630388921
0.0005291422819772747 0.0002623619817054114
0.0001723122359917303 0.00018360704898990539
0.0006459411294255174 0.0016431238264126428
0.0019775684300089072 0.000464145895695077
-0.00031916806912935474 0.0002951836157161774
0.0006275108229005081 0.0004985930777032247
0.001371831385612095 -0.0016314415290872117
0.0006434158645910575 -0.0009237909546999901
0.0010826093416374857 -0.001391369353326091
0.00017774379718793855 0.00010254803513290418
-0.0002460980309053537 -0.002166565891944151
-0.00010295532290487292 -0.0012651858083345437
-0.0022036419860411065 0.00031137657982462433
0.0003493863979380518 -0.002225589384808859
-0.0003868571261987066 -0.00034335817069260587
-0.00025119106714317833 0.00021405366740376587
0.00015898273061091926 0.001260973504421681
-0.0008597193219298415 0.0010598939488991445
0.00021311926963873083 0.0024435093041217607
-0.0024753011015506265 0.0003134518367273145
0.00010687861580313996 -0.00029718891211209266
-0.00027316860508764927 0.0015910505465809282
0.0005773198318265614 0.00033327359434185067
0.0006429554422873672 0.0010140339066718892
-0.0008819067863354144 0.0027466141126667024
0.002306289493647446 -0.00021170381748547557
0.0013010906367565617 0.0027545797587128925
0.0008315492290889925 -0.0016476942727742514
-0.0008282536658911835 0.0014318812189084652
0.0008091774832957267 -0.0018566984883995748
0.0012549440089748218 -0.0004999478253658487
-0.0006409570066200229 0.0001380017661009213
-0.0005383511158192517 0.00011749707726131267
0.00025556664476382906 0.0016318978782408609
0.0023813880345456176 0.0011008122429457005
0.0015841226004342688 -0.000960563583291308
-0.00030551865735855085 -7.93863424886645e-05
-0.0015468410555865742 0.0007645944880543354
-0.0016026425330412787 0.0005386357072458166
9.290119015970622e-05 0.001152844139260642
-0.0024596841931673096 -0.0019657926786675124
0.0018128308220928297 3.1170841252398167e-06
-0.0005969286550780838 -0.0008653922339618803
-0.0019290277070719184 0.000442822387657253
0.003215016218819228 -0.0007418386097606018
-0.0009233084447567218 -0.00015312773625009488
0.004690949589281308 -0.0006316834636590118
-0.0018783108868340444 -0.000940452296794016
0.0020155969582714875 -0.000970466171941693
0.0010743097013719844 0.0005708371230212449
0.0018373089234152858 -0.0012327022341817738
0.00023661345429323006 -0.0018631443797089773
0.0011508753076313381 0.0019617569524477668
0.002811990292299665 -0.0009463510211627459
0.0007127174391913907 0.000977489223330024
-0.00021925973032922892 -0.0011918377118581966
