0.00015515772161863044 0.0002528630387603857
0.0002415188860595024 9.654687395726728e-05
0.005194857015332803 0.005060548987574934
-0.0027442006234722734 0.00037408927904669274
-0.000467489749808766 0.0004856292160652501
-0.0006014902869234522 -0.0008259640894199006
0.001342713903130026 -0.000203403484207953
-0.0010611880748577986 -0.0018807016133522367
-0.0006577281127293179 0.0006846773305485174
-0.0021972502404180487 -5.991133736233227e-05
0.000205914675952464 0.00022767336285371416
-0.0019713044488234356 1.7916230667051502e-05
-0.0006301602041929549 0.0021676059849720323
0.00012490772494936012 0.001606903600077892
-0.0019455794424669802 0.0026690737083362366
-0.0007015249517551541 -0.0007421406642306992
-0.0012827498471256339 0.0012918380050365224
0.0024696074348580606 7.545362579472466e-05
0.0007840461463584876 0.0011429582406053888
0.0014584956595746375 -0.00028358136135002025
-0.00020582736995467793 0.00020002895260498262
0.0016851742571908697 0.0006673945380279413
-0.0009962909052729245 -0.002092560740657701
0.00021872630111594048 -6.047986668817968e-05
-0.0026765015700192206 0.0001652218848580884
-0.0026946187143362397 -0.0002922596834916764
-0.0017311552413609137 0.0009628438498731198
0.0016479930531498725 0.0008875413440116233
-0.003828917901214286 -0.002438257816853731
0.0008924872802694673 0.0012042426744142162
0.0021187518277429366 -0.000819999346062536
0.0009362455937717794 -0.0015379188362624147
-0.003072644312453941 -0.0023006036734840554
0.0008237784585177422 -0.0006025467466040354
0.0017388089127766866 0.0021211698112518365
-9.60400069499455e-05 0.0013358261925231622
-0.0006833372850779026 0.0029940630499426537
-0.0015565864045065322 -0.00037246100839396574
-0.001817332415091616 0.0012265918543247038
-0.0022043018286880983 0.0031694217380791668
0.00041443429811777123 0.0009180384397160638
-0.0011734514181073285 -0.0012716484874794895
7.424036287724417e-05 0.0043139914622882525
-0.0003021130029744144 0.00015495336135865694
-8.447540625886056e-05 -0.0016555172337069076
0.0004497208655249722 0.001908581738927415
0.0003262418316653885 6.480085378205583e-05
0.002080997989011338 -0.001219636803690699
-0.002255708896372058 0.0011405824942697749
0.0005188184155074821 -0.0003788160388763178
0.001440913164616435 -0.0026223771742465234
0.0015630446794468724 -0.0005069294016407123
-0.0010761394619053187 0.002644095822964793
0.0006816098975406478 -0.0010093600697679153
0.001653594691506281 0.0011322870760519831
-0.0013654766640364743 0.00016992857270983313
-0.00016471825451995828 0.0039549845964669626
-0.0009689230681735457 -0.0009685253312370001
-0.0026969385390856514 -0.0008974343038176768
-0.00021128107760551895 -0.0002896558178461713
-0.0011557920920657755 0.00038113800285391675
-0.001530493921191851 6.529996356719995e-05
0.0022584638704060698 0.00018621968862728288
-0.0018839848184674071 -0.0004861502026602251
0.00044139861022368817 -0.000921321065797164
0.0012476321730021099 0.00032335678970902334
-0.0005718754212147204 0.0031556781301664725
-5.531530887806649e-05 0.002847369376972207
0.0011966981173118568 -0.002707492171871638
0.0006978005617037834 0.0008002538142087238
0.00024224236732169006 0.003117588786705998
0.003437829495446191 -0.00356239683603699
-0.0016643712338192949 0.0031220448118330145
0.0008314168685342389 -0.001892964453947882
-4.9464516744811796e-05 0.0006663867795810307
-0.0034048006201524796 0.0022033473379122273
0.0011406586325377333 -0.002358786904465649
0.0009477146415922868 -0.00011026830918325107
-0.0013205985730081872 0.0002795188496442174
0.00017535040614858225 0.000673386982875794
0.0005850556062606281 0.0011982457255309772
-0.0015645749796929236 -9.462657207570644e-05
0.001965490905209619 0.0019964183158987427
-0.0022019078105402325 0.00031804362910301334
0.002269682484454867 0.001403848798999698
-0.001764730964366179 0.00023574782763181236
0.0031011566466730544 0.0025351780400095694
-0.00118684500337189 0.002397834334770672
0.0005139450564661822 0.001660776330682017
0.0010124084898484656 -0.0011216424807810148
0.0025271272583187606 0.0005991064909771919
0.0019234746952986638 -0.0012983920494379372
-0.0017365049149049882 0.0002757178520127467
0.0009035013914598122 -0.0014228346652258971
0.00041004299551304185 9.170809327467462e-05
0.0012001408847829823 -0.0021256042227770296
-0.0011095576461137694 0.0005045744203406267
-0.000624435403012349 0.0005080425981603467
-0.002133561897975847 -0.003462427330429383
-0.0025818310810671614 0.0010044269129327523
0.0009477073292022152 -0.0009079480142361632
-0.0012875612676716715 0.0006964382196425582
-0.0014031990975410917 0.0008230190273901799
-0.0003548166566614597 -0.0005217745478657664
0.0007896112435573379 0.001786157443509602
0.0005895912012927349 -0.001794248014473052
0.0006767932056954965 0.0009866311584783762
-0.002237248364898751 0.00019383450438780722
-0.00125847027084695 0.0039964223839564295
0.0010118597101820205 -0.002182685954529247
-0.001983252938112002 0.001167928770340104
0.0011743175267185909 -5.8065312836898815e-05
0.0005718424270174829 0.0006767741680612961
0.00015317555166843136 0.0009373832904602098
-0.0002830152338864226 0.0014840700753406795
0.0012021124352715592 -0.0004780473511902075
-0.0010648103516785754 -0.0001401773091308078
-0.0023470484017922327 -0.0027858475626580718
-0.0017509982115259583 0.0021046959692339546
0.001010403607165252 -0.0015261591871061242
9.291175086603182e-05 0.0017594522515641008
0.001277580055531373 -0.0018515014989602687
0.0004617526994660284 -0.0005071448945390836
0.000682607815021952 -0.0012031823722093834
0.0005580113843364996 -0.0012336767002282547
-0.000507348475152054 0.0010845973514240015
-0.0012654625989164622 -0.0006384671533888169
0.00013838443164421123 0.0017994688969075313
0.0008688007441537711 -0.001794085177932334
0.0002907663079270742 -0.00023336794107674383
-0.00017918631893739097 0.0010686191097500025
0.0014218638675613884 0.001962201524816961
0.00046383616845468333 0.00038313359021914425
-5.8554828454091036e-05 -0.00032867261262521934
-0.0009915240086291334 -0.0001441164142494753
-0.0007511266806410541 0.0005414293679407065
0.001188567700281819 -0.0001670555132106517
0.0029687341435976292 0.000809514088651751
-0.0009760522141530065 -0.000797796834737224
0.0016028479049031103 -0.0004165480882297733
9.546571606819448e-05 -0.0003537048043969426
-0.0012554550622713928 -0.0007524310853044043
0.00258963532587308 -0.0011266564067599115
-0.0006086736251277005 -0.0007347002037988123
-0.001698358330104326 -0.00011118686919708456
-0.002538604761616711 -0.00022896938503951596
0.0001029330469017884 0.0016695360584948788
-8.880721878917106e-05 -0.0015838359110007024
0.0002364347207369855 -0.003313121013935985
-0.0008642552415317095 -0.0004049245346168945
-0.0014886739744224115 -0.00018189151323718615
-0.0008532155009778092 0.0006516945974823517
-0.00019886662213086865 -0.00017990979829936424
9.497875335314144e-05 0.0003467404171817195
0.0016419231645411771 -0.0013530637805465983
-0.0011560300143408295 0.0007114279487528335
-0.00020406205416828574 0.0007724061704193213
-0.0006776683421310734 -0.00037886930666530995
-0.00015697352859262256 8.439417333906788e-05
-0.0005859153383866897 0.0010498442349235085
0.0016361312955591699 -0.00046857331788651465
-5.553729042216234e-05 -0.002010279362074599
-0.0009587135357595061 0.0008572475249383269
-0.0012488628366208755 0.001717358293595896
0.0005301243832764026 0.0016642455056759427
-0.0013737007334560594 -0.002772080998678527
-0.0004734684366338378 0.0015125866881676219
0.0002610994373701596 -0.0007958162463621965
0.0008062013734113172 0.0013345742252640531
-0.0009111326552710135 -0.0004170937070126017
-0.0004961174005878577 -0.0011867117870308975
-0.00020689328643582735 -0.0027892869482569463
9.991575931157737e-05 0.0007867530161443525
0.002847981095521664 0.0016136891681180583
-0.0008365915706623018 -0.00017629550099842797
-0.00018762724467564728 -0.0009584420169301073
0.0007279280672549586 -7.973710674539834e-05
-0.0006948943453950733 0.0010411101730578767
-0.0009459774766480306 -0.001929838255845108
-0.000785824932227094 -0.0001855211173392009
-0.0009756279553474184 -0.001060809062397038
0.0010058130791921244 -0.001452580203643872
-0.0018823769179072715 -0.0005239834553813932
0.001965154054477598 -0.001578557748066366
-0.0008551696398025298 7.255445358696024e-05
-0.0002873275182258856 3.3749163933900815e-05
0.0006684946034105929 0.002604562442286864
-0.00028763421387468146 -0.0011742234651569397
-0.0004585986995543641 -5.496662425093281e-06
-0.0002243144362762341 -0.0006801076356798648
0.001127248797692618 0.0004959347370080098
8.81827031496546e-05 0.0001955644402219025
-0.0006027756024979442 -0.000572706937095487
-0.0014854488630391786 -0.000535864128795914
-0.0012400724793683376 -0.0002091982550522574
-0.000120683362211117 -0.0006690975386538078
0.0023416200449075716 -0.0012116131879602444
-0.0009237588000694054 0.0008528550698143791
-0.0012103671740871852 0.003325217623887822
-0.000898372539802427 0.0007097299279452415
-0.0016039726497909367 0.0009241918221078171
0.00042691241851692364 0.0009577667163192152
0.0014790431281828413 0.00036532568728217795
-0.0007235422961741401 0.00019275133285022613
-8.891024114434101e-05 -0.00032083595311538187
-0.003109379064364077 0.0004564860912275186
-0.0016218821777106993 -0.001154646407036216
-0.000263066200204897 0.0009241400140008285
0.0019081170873453813 0.002938898409408312
-0.0011999745416591148 0.0007282718115274732
-0.0005478840984059182 0.0016918397444704843
0.0004602195780756105 -0.0016274356845430132
-0.0027544763904676886 -0.0002571540533567218
0.0015169761338740574 0.0003915154139597172
-0.0012239808490296792 6.821643665998654e-05
0.0007891799565647313 0.001753110290956353
-0.0010783179432849984 -0.0029005448178236626
0.0009008581670397733 -4.623639397593157e-05
0.003142555688882055 -0.00038160759840672853
0.0001657490060837357 0.0017336850602116393
0.001161453800143947 0.00044850202815106973
-0.0009477965666004634 1.1884256168511949e-05
0.0004937440729707584 -0.0010118186066835038
0.0018849615547916442 -0.00032346614609913166
-0.001674655520239698 -0.0008466415561812989
0.0014556938860831345 0.0011912785184572472
-0.0004905920685611511 0.0005313098258141294
0.0006545724373321669 0.0004626399387234983
-0.0005701883867173479 0.0012442969773950022
0.001885074258684124 -0.0024588853845682775
-9.357176075251823e-05 -0.001641483779270454
0.0011196808609641802 -0.00011615868184367067
0.0034802917470943 -0.0029850382281500424
-0.0004699386057108686 -0.001152039881156409
0.0013016262045354395 0.0006654272214967677
0.0009230535461104278 0.001234425611333876
0.002136190353320514 -0.0008901156851332814
-0.0007385301070529187 -0.00035630578979235647
0.0009912279887160696 0.00046575078149940926
0.0015144286244182271 -0.0011402861674671635
0.0006308347773642586 0.0004094883582152956
-0.001052913773824119 1.6455243525093968e-05
0.00023903551734693378 0.0018183220255780258
0.0008340085437574574 -0.0005281691351294872
0.00018372953113079463 0.001936659500074733
0.00014639681006482406 -9.17321821053042e-05
-0.001971931409549567 0.0001029287119096898
0.001103569171039933 -0.00010960718491064631
0.000840677337648701 -0.0020051884665818406
-0.002598313327696966 -0.00013510203378874902
0.000936696417463637 5.192437538102703e-05
-6.766446740573937e-05 -0.0014297807450339567
0.002041613576928333 -0.0013285049723120107
-1.6500981576213754e-05 -0.0004028005757597866
-0.0017827084311969478 0.0009863012451966718
-0.00010098588153541573 0.0013261261826455367
0.0009820732275112785 3.728261792063859e-05
3.82812473548932e-05 0.0013045487393240757
-0.0007141625311781677 -0.0011336063170062892
0.0023217261494557677 -0.0027064676300792177
-0.0027502376355393993 0.0005455829739241521
-0.001986864003835985 0.0021401920446701564
0.0001568394060607592 -0.0014448199498303751
3.944278818285376e-05 -0.0008902369913377351
-0.000914490243041655 -0.001371690044712295
-0.0009677670281581466 0.0007751861813128287
-0.00017859041651392682 0.0008192764850831257
-0.0010227671729127175 -0.0018830318627056594
-0.0003108884607064968 -3.558121867167205e-05
-0.0015416947233953269 0.0011648267024080851
0.0005256940739792382 -0.0008755548967024167
-0.00016727731025097066 6.677236026621644e-05
0.0020268391555847026 -0.0022586316309206418
-0.00021391098432156264 -0.0006932777510361723
0.001585987421811414 -0.0010956045469098796
0.00031693675641352066 -0.002275613839075663
0.0013893276385651605 -1.4710413996808497e-05
0.0018941277899406253 -0.0005571829934883425
0.001347251212687608 0.0008979012533160621
0.0025657475470834364 0.00022588943935998555
-0.002744422910089671 0.0008335264995932566
0.0016175291450973056 0.0006203710193189269
-0.0004997821523368596 8.424629664485483e-05
0.0010170192726972904 0.00016242192258032116
-0.001066433881273594 0.0005136962296445423
-0.00043862565437381636 -0.0034316681859615284
0.0017286756733714825 -0.0010102646577428585
0.0007806396393680324 0.0017393303143984986
-0.0021527074593743496 0.0021163788014195144
0.00010200128055525866 0.00037691319852450455
0.0001983877181274327 -0.0014812141965603863
0.0009630143637070437 0.0011217451727134793
-0.0016622140604999355 -0.003461165101780688
0.0009560316742094642 0.0029780776236990342
0.0007742974355688324 -0.0022454722806982464
-0.0008505345009297914 -0.001812212125924014
0.00010777027935621849 -0.00024638250999088753
-0.003082892764792841 -0.0005272849718102186
0.002190200402256828 -0.0016669942483475623
0.003194940444802327 -0.002479854515171023
-0.0006943305285009911 -0.0002408203015630384
0.0005682651672566088 -0.0014744934865187499
-0.0006144620969173535 -4.7403487103434783e-05
