0.0001706978395747911 0.00017294882437584046
0.00010673646663404769 0.000179589885269479
0.004593203710440271 0.003026698129420621
0.0007351350934660953 -0.0006372567451821012
-0.0005089444615017394 0.0001842767396930435
-0.0029869498266671055 0.0017897460501694062
0.0004173813906542558 -0.0013163494753016007
-0.0012352790221225726 -0.00022725740864049974
0.0004920307028709132 0.0030423039438038113
-0.000739140377083375 -0.0012330345749352483
-0.00010383679438019545 0.0024542249785301077
0.0006376773411192314 0.001289538947304545
-0.0009218002944239673 -0.0006272289274179229
-0.0006198005016088533 0.00160000156438585
0.0013296810383261533 5.787684749583474e-05
-0.00034737959959231903 -0.00034728057632559055
-0.002939992941928592 0.001940061072591192
-0.0002856537656399097 -0.0007967929923265487
-0.00030109967557671185 -0.0015293627368613302
0.0010306383259269301 0.0011111494018071582
0.0013748649628833101 -0.0008587831225368587
0.0013530420361604972 0.00041203669258742264
0.00033097810446169087 0.001416130026506117
-0.0003034891214348879 0.00028851640239396765
0.001990316651104032 0.0018636864559324901
0.00010496500265613524 0.0001382660973823989
-0.00407935789718172 -0.000598277627045952
0.0025089371177574836 0.0005905775057041103
0.0008822190920527183 -0.000813169511240259
0.00012223189334956063 0.0003418943532131218
0.00027596445319665773 0.0003315382050686633
0.0022319166442164484 0.0020551229087847215
0.0005962609341361445 0.0010428243321899439
0.0013688789351838507 0.0002145513252037125
-0.0011576582261210759 -0.001931186879870585
-0.0012023103106173234 0.00012893069467302155
0.00044051320539390286 0.002421897516613492
-0.00417997474254631 0.0011247405548936674
0.0032201432264427907 -0.0005716699065957501
0.0009718069210134798 -0.001226747556066573
-0.0006862007733389333 -0.00047460953924912357
-0.0012124721757047366 -0.00011970245708076359
-0.0014103048950283412 -0.00036456605728376533
0.0003642759423630273 0.0001025210451887174
-0.0030179349782649494 0.00012293526258390955
0.00019295881974093384 0.0011372786470896558
-0.0006467734663378983 0.0006546374877023797
0.0004570965754884151 -0.0013555129873632308
-5.3520161011047945e-06 0.00018472027579434386
0.0006876708783776648 0.0016375152544020513
-0.0010547019053658447 0.0014951584622825858
-0.0005406378543842281 0.0011046020828531474
0.0005690012641825075 0.0015963536989494344
0.002900698123487827 0.00027605670523475997
-0.002204581790554948 0.0009516115647171175
0.0028489798415214096 0.0029268268967480027
0.0031695333737215524 -0.0007104985431165694
-0.0012091233688393398 0.0018810168909214149
0.001874850581646641 -0.00216398101712372
0.0006732004445175892 -0.0025428311616742874
-0.0002876085329977937 -0.00038729376004982996
0.00010351119960686639 0.0037702949620158003
-0.0026360446507839993 0.00021977334978942606
0.00014902469745789728 -0.0020763346002444214
-0.000512586352762693 0.001388797434245874
0.0020074220512254722 -0.0025794273480982777
0.001721331505088167 0.00216116005368972
0.00033253569975239715 0.001300490351794654
0.0009884137729873194 0.0013559433330581454
-0.0004792974234240863 -0.0001727548182987693
-0.0032664387535077484 -0.000405680019186418
-0.002142179399279313 0.002322496497769362
-0.004300811084133193 -0.00017272477623955567
-0.00010627633400149322 8.216265731157276e-05
-0.0028910386729914667 0.0005509463432267048
-0.0011105811270878758 -0.0010267814764356898
0.0017932055049646285 0.002928324236547381
-0.0008471237310248131 -0.000945650288315372
-0.00016960197493141147 0.0016572531138494585
0.000993016120859899 0.0009812703440436193
0.0005221176343349126 -0.002579216588742431
-0.0004290173245744392 -0.0009947286063081255
-0.00013713106877939787 -0.000937881574890518
-5.7865953449094764e-05 -0.0009602137722941516
-0.002605586829401376 0.0002767982971394614
0.0020953105599614526 -0.00040025324404499547
0.00043116465890475876 -0.0012786833486553482
0.0021846591673972213 0.000542754958335995
-0.0009207877083387992 -0.001672551579431026
-0.000848811606756329 0.0012356215717549157
-0.0013622889618527068 -0.0003317700606128905
8.67717596673031e-05 -0.0006062489045437892
0.0006138601424958652 0.002735701196866942
-0.0009463772952811983 -0.0005363495503490093
0.0006178665495761505 -0.00038714828383903705
-0.0004114204155986169 -0.0012756363008504879
0.0008084245213727261 -0.00045800043149759603
-0.0009484697991650214 -0.0006427296065032192
0.00013034959983628788 0.002154036127202985
0.00018339694646218478 0.002487382249503969
0.002600577244092621 0.00044146157621036244
0.0014487894908162045 0.0006467673184583764
-0.0009767730127210122 -0.00038491300971486847
-0.0027435082586251803 0.0013276624261275465
0.00019325619971651125 -0.00043538057744073414
-0.0010717748614955402 0.0007091517589256638
0.0026042476182658483 -0.0005175043661757923
0.00023227233541203552 0.0006334403398078516
-0.0014983484724212944 0.0002801657603313698
0.0015441967096413004 0.003328753849879437
3.134009938204096e-05 5.579848919949984e-05
-0.00022860745628862825 0.000334854436497028
-0.001420846365726076 -0.0005887167274785028
0.0001522825219798329 0.001623344292442306
0.0003747905188303075 -0.00110703435581999
0.0002743446410038822 0.0003798999397596908
0.002477006061413905 0.0006118429413496646
0.002950877672380038 -0.0006825448244961735
0.0003574019986214848 0.00012027846624008387
-0.0016854122862440671 -0.0009182567899240258
-0.0006921049090812682 0.00020275009539467222
0.00011172108479541213 0.003073626196757932
-0.0026130532818473165 0.0014072021745723147
-0.0015971882499662114 -0.0006707128183053973
-0.0005379178044963235 0.0011946393414445334
0.0005938200709538164 -2.8272390573987475e-05
-0.0009560354515205523 3.788830895950807e-05
-0.0006720451643740253 0.001823379773738032
0.000510328627569484 0.0017357278436747564
0.0011093558822123848 -0.0008229825718842336
-0.00036035572533131067 0.0017016688612401598
0.003452686302760196 -0.0016115561299165704
0.0002923953215492586 0.001423657070697432
-0.00018388186594408786 -0.0016927944674671061
0.0011510275969306397 -0.0011358535247491142
-0.0012836621628377577 1.4017675198376014e-05
-0.001987866103399694 0.001551226818054432
-0.000565202198786344 -0.00014364046757150585
0.002102186823716418 0.0007564927129493152
4.861819570930497e-06 0.0006474565519084334
0.0006571726891728097 -0.0019182899689089842
-9.180725142447847e-05 -0.0020132210832085958
-0.00026761795382220297 0.00018020438522911984
0.0014087736006510665 -0.0009463482686932977
-0.0006452262879872438 -0.001939052168914806
-0.00011233330875315439 -0.0014541672901423833
-0.0024229331559361043 -0.000405660956104798
0.0005352133165698056 0.0009993579418854138
0.0002872934004125248 -0.0015433568497178897
0.0020855389203675405 0.001984651804447462
0.00043904600192195165 -0.0016187052692176601
-0.0003252056705102485 -0.0005248557733043896
-0.0004230433970551368 0.0023541659762429472
-0.0006544454603927491 -0.0031006837347031233
0.00032748668024456287 -0.0009980278675372385
-0.0011221689507213437 -0.0010003830067918287
0.0003974306885398242 4.861385629262728e-05
3.894781702142608e-06 -0.000796314493069349
0.0005903514593427077 0.0006586154397891662
-0.0016744204211845625 0.0003921329671365646
0.0009976703478188796 -0.0007010152801795686
0.0006623867898267634 0.0005171988136777601
-0.0014849624837408064 0.0026123641210794826
0.0011414230923127385 -0.0018996478410917333
-0.001231452571704899 0.0007242557911090731
0.0009622590145480294 0.0012190995216902194
7.207764519132782e-05 -0.0015497846194960133
-0.0016326010960481684 -0.0006816673689436263
-0.0006641423516878944 -0.0009564723693137663
0.0013253068057525533 -0.00025259852761694995
-0.00041216504809264833 0.0017927770140641057
-0.0023623850079868133 0.001787419863033104
-0.0007139811608380275 -0.00107612451342784
0.0002585219297010551 -0.0010906853183125318
0.00045738645242074166 -0.0018421295351853325
0.0013990645558456152 -0.0008189663665699906
-0.00010042074756258255 0.0005009494077470832
-0.001325365689228785 0.0012253845535344229
0.001358144376083508 -0.004182663139064418
-0.0026623729159931013 -0.00044322325529210513
0.0011583399586594526 -0.0008838227971584972
0.00031295392449750924 -0.0013729069861402477
-0.0001308995476236762 -0.0009331913639461473
0.001160107499464231 -0.0005571662394421653
-0.0010405972744133418 -2.215233851084352e-05
-0.002861734979656588 0.0010801523450708268
0.0003957728832237223 0.00058457747976512
-0.0008818862020481556 0.0016091621852201234
0.0011816770380497779 -0.0001863388407070923
-8.312027324284825e-05 -4.629864273314144e-05
0.001325520187417635 0.0004529980677714421
0.00015564718446641807 0.002740831660137073
0.002634675153511143 0.001425010866153999
-0.0017113805036540525 0.0010618796664068617
0.00015491732837507016 0.0019432906441970298
-0.0008252606900915501 9.242323832679914e-05
0.0016734760204006839 -0.0007185124077219475
0.00033424266809060677 0.0032311951535686652
-0.002690710586906254 0.002327313558228112
-0.001058058379634321 0.0015472609203933394
-0.0011101942997949646 -0.001089747989224342
-0.0004365647465578353 0.0030273786158100963
-0.0006466379323494257 -0.000533587529916162
-0.0002355579975891096 0.0004156758855908482
-0.0013294581384854592 -0.00020758082416880613
0.00014114168328981246 0.0009488122187397804
-0.002502542190043435 -0.0016437619464141325
-0.002839779152150355 0.002675621108786405
0.0005623364536272639 -0.0012257636714433388
-0.0003686949946853779 -0.0010931406157836585
0.0016253766580601584 -0.0007679001433331329
0.0009099607624196659 -0.0012707019409238778
-0.000296931775117807 -0.0003668275447335865
-0.0002928105275609002 0.00020269459900509412
0.0028724691023315476 -0.0023353495898635196
0.002114221395356178 0.0020339767987691843
0.0014109240818441712 0.002646339924758739
-7.863922844591792e-05 0.0019339225511935303
-0.002026293770980929 -0.0010843806038365832
0.002629616041458382 -0.00161705793575976
-0.00024097718210131715 -0.00024139337349152556
0.0008528745322865858 0.0011153510907162265
-5.8511871494398446e-05 0.0010732026554932169
-0.0002880998661432845 -0.0006329376885250593
0.000755241355189915 -0.0002024259478298744
0.0006775967851785139 0.0003515845462436042
-0.0005784300391621572 0.0008742071276541163
0.0030894674894877 0.00032584476451060634
-0.00040011505517307096 -0.0007300476410424837
-0.0002470256239956161 -0.0002812204690087689
-0.001843203532925656 0.0023266368702949576
0.0005071585756347662 0.002029365934182649
0.001208827688315804 -0.0004342885897765013
0.00025612702924967867 1.1288333907125722e-05
0.001970930955119377 8.553462949234703e-05
0.0002217782956733061 -4.035751524884632e-05
0.0025106749772405667 -0.00013981003713005668
0.0017395608753955983 -0.0005773636874734584
-0.0018446678496191705 0.0005593861553924519
-0.0006831246561737938 -0.0006037168725563711
0.0009920625880198604 2.881577991764298e-05
0.003302866708870416 -0.0006560901217736103
0.0005773645341118923 0.0005361861382145262
-0.0017631015581699167 -0.0008478099109166594
-0.0023743742188897785 0.00025029776828109
-0.0011262521873775808 -0.002499937906690735
-0.002326671904391382 -0.00042604309214319555
0.0004394254961940838 -0.0015711470434516656
-0.0007555714264546196 0.0004202023174691155
-0.000625486125958249 -0.0016743641297928815
0.00022123379701297695 0.0015931539993604916
-2.8193204300012874e-05 0.0011412771948717012
-0.0014312258035487542 -0.002465383674487833
0.00027496718337087115 -0.0013841848836185144
-0.0013811216450074276 0.0014885636060309058
0.0020717763713054894 0.0011501537517948522
0.003071864562398509 -0.001260034568569385
0.0014708111767865043 0.0028577220696927434
0.0010887176330483866 0.0004566528721002989
-0.002370347967020811 -0.0014105200721680213
0.0013094668844540564 0.0007119478270298257
0.000673482258386032 -0.0027330381013965905
-0.0032758781575676034 0.0001769517642931708
-0.0007413319499621132 -3.279024085713432e-05
0.002407274503600821 0.0005623966941526917
0.0005218638280115776 0.0010838578298726952
0.0017417952727586225 0.0003539151069735046
0.0002450871108075026 0.00044929354105064967
0.0009428164638234473 -0.0017415136488234434
0.0019171856881179364 -0.0013128257077237315
0.0022600459944831374 -0.0017853476863749775
0.0005958918843120448 -0.0018027955104873354
-0.0024215762192002915 0.0013916913692928214
-0.001538945821647754 -0.00013604681694063286
-0.0006427871766365939 -3.580426011291404e-05
-7.891773376418228e-05 0.00037999077160833785
-0.001487289717891245 -0.0037556178760365603
-0.00015106489809512837 -0.00047862905503314997
0.0005541247715034304 0.0026178980263445316
-0.0017280279436128797 -0.0012792030609213494
-0.0007555624851318451 8.095857882398464e-05
0.0019283027806990278 -0.0003276705878117536
0.0010229055603041132 0.002886554569839685
-0.000980209734461846 0.0008523866956172915
0.001993553696491452 -0.0007194135785477815
-0.0018604274530095177 0.0011205493801268681
-3.256710264174142e-05 0.0002967683759082419
0.0009193596207768551 -0.0010497823828684004
-0.0007389788603701049 0.0010830865834047698
-0.00045745004054383265 -0.00024205775095110444
-0.0027077700783313847 0.0004748217596687302
0.000322589926601545 0.0018088958137306825
-0.00017783213069880226 0.002333701341424058
-0.0013840140691537522 0.0003013379571210131
-0.0015787337219218681 -0.0008192603292528409
0.0020748962936286337 0.0008669509944128415
0.00260524582080599 0.0013301941031536538
0.003355221175836553 3.2788343138110745e-05
-0.0001254251197770723 0.0005176420674138796
0.001793559952218494 -0.0011680604577017845
0.0007132480515572679 -0.002195398146363432
-0.0011638383078910672 0.00010214541276372766
-0.00019572087594623563 -0.0009672371731658807
