0.0001692066747113483 0.00021704434029163586
0.0001841198529482942 0.0002846816596010722
0.0046482351799902386 0.0026447558557595357
0.0012650399712163625 -0.00025130440987141333
-0.0005442909810521426 -0.0011118486280433536
-0.00037359863205543614 0.0019347692622181808
-0.0009968562753868704 -0.0016862358096088148
0.0014819079918998734 -0.0025389291475555608
0.0004827843823900547 0.0028707282662040275
0.0022135664427249445 -0.0008586096397082888
-0.0016414562874918683 0.0004006842324851154
0.0008604737113342541 0.0001468270415994865
0.0014336661824744029 0.0011102801978469944
0.001235590898624354 0.0008405383290603685
-0.00039270488628670094 -0.0023585034521681468
0.0015777105917056146 -6.541651390440659e-05
-0.0002990035334670944 0.00026161312739475854
1.2894697485243578e-05 -0.00038454851522035755
0.0006408918527041796 -0.0014348053213415466
-0.0012909898565191184 -0.0015742171986375551
-0.0008000254757007541 -7.826729127974363e-05
0.00047990637317582596 -0.00021068563697962224
-6.292367980818706e-05 -0.002913063406456258
-0.00019308154726336242 -0.001805847846934815
-0.0006775756968629315 -0.0007220257367283325
0.0009433818869526465 0.0007213476670360869
0.0026596528108190002 -0.0001975643061329772
-0.0019463614325831997 -0.0029699310781434876
0.0011043448983051232 -0.0016085582182821237
-0.0019366455322256228 -0.0006949683668129093
0.001100936330904307 0.00045821661527439627
-0.00192895864726358 -0.0017128546602801858
-0.0019274130557925706 0.002689811067191571
-0.0005061160414874182 -0.00014417020467527488
0.0010171192854829584 8.355035326163954e-05
-0.001861709510490954 0.0018178215983122904
-0.0004438660465833256 0.0031116084764638368
1.8201102920283238e-05 -0.0015248456914512035
-0.0028153545712720726 -0.0002239763164717917
-0.0012193390506603336 0.0018981076215526917
0.0009718997563617758 -0.0002623011168470576
0.002648299963595692 0.0005845653478729508
-0.0016526065461646264 -0.0026206944799951454
0.002441726002435316 0.0015379907986491342
-9.153579902018764e-06 -0.0015264208502201988
0.0009080220632104243 0.002040405060289567
-0.0006722980362352475 -0.0009842229477348414
-0.0019004913662302703 0.0006241898929704149
0.0008382044872897084 -0.0035849246060141436
0.001425594694388563 -0.0010483282500741169
-0.0018920660484943244 0.00439084032351475
0.0004946430361360294 -0.0008140333686150846
-0.0017850271644973253 0.00397540245271383
-0.0015634478835162037 -0.0015622210939629066
-0.0014686030746130145 -0.001160901763636501
0.001965977719318528 -0.0017382907109187548
0.0007408450969454458 0.0006093089849361497
-2.5129607534080863e-05 0.0006699188197576352
0.0009420317358340819 0.0009072078495943925
-0.001352956343944061 -0.0012437528134925334
-0.0001838580910585458 0.0009613446077341098
-0.0024733433298453605 0.00014642290284987486
-0.00024477351513886586 -0.0022744391561163404
0.002439133593805504 -0.0005393440481427079
-0.0014878139621577798 0.0012082250654461702
0.000995654342593979 0.001983774258944107
0.000986826827977846 -0.00023585084268304464
0.000873186353745194 -0.00036816745713879625
-0.0010735604032684701 -0.0019622548396562873
0.00023720584143599474 0.0020717926505620567
0.00018757641041067545 0.0023024910160703758
-0.002305078617594302 -0.001994342897535023
-0.0013673765906219036 -0.00040385538146898796
-0.0029707391913842258 0.0005546093460032809
-0.0007526076595781101 -0.0007484301833668996
0.0006776872945715969 0.0020329233083997296
-0.0008235236754947222 0.0008162580383747642
-0.0006290171387530854 -0.0007270778144709481
-0.000663885404397011 -0.0014083082392622945
-0.0009157611534471159 -0.0009517228658584312
-0.0019593262303200507 0.00030030967288541326
-0.004082256041473302 -0.0023541318999060145
-0.000839505645631066 -0.004888484597444445
0.001661692597185414 -0.002570706492476496
-0.003463647603852849 -0.00157808301313953
0.0009810363142432929 -0.0010150605714570782
-0.0014834651165654769 0.002268819623625248
0.002966026220125668 -0.0012967503646319797
-0.0013559370338357038 -0.00041121287012458295
-0.0009474080550017841 -0.0009101831737559235
7.49437963595095e-05 -0.0002709183953711887
-0.0006535392088650193 -0.0013582670408435176
-0.0007503920863768997 8.402564387384887e-05
-0.0005606367300270457 -0.0014042402543249653
0.0010559975144020645 -0.0023350745084740948
-0.0016967585713862279 0.0004205523193774077
0.0005833865052380055 0.0019036111835814158
-0.0013204437794859605 0.0019742039263325032
0.0009427573640529331 -0.0012415159003493726
-0.0007811464652760912 -0.0023113475904633857
0.0023971389347645787 -0.0024302080640064058
-0.0008689086418900759 -0.0013267051557089822
-0.0006717850548582572 0.002286961753363165
0.001351923712863621 -0.0007132863993935797
0.0016397863568447728 -0.0007331010149662466
0.00029741131647460333 -0.0012673818669770738
-0.001060253593825879 0.001159573156493231
-6.97480604625991e-05 -0.00240701495194482
0.002494867629444645 0.00022903295124268155
0.002638036196832311 0.0008989514784542629
0.0003356980368479602 -2.7977853263033336e-05
0.0004163709718016456 0.0009118802332068542
-0.0001351378683605058 -0.0017735613592051182
0.0013495230843185491 0.00012189790389960408
0.00040351442877969025 0.002317989911750529
-0.000806096397690722 -0.000273415909175498
-0.0010212660342970327 0.0007068482443637126
0.0008861334246976802 0.0005868036629362336
-0.0024227010230575617 0.0007518314174666514
0.0027758383115671784 0.0004704531206878957
0.0004672338821259896 0.0002545358360626158
-0.000333059044622393 0.0006604534969243543
0.0014157902070981387 0.0004147228341855452
-0.0007984046477529578 0.0017108342461225894
-0.00022857096912972682 -0.0010570072036379138
0.0011777059627217108 0.001998102449699446
-0.0022499449621152874 8.83879151782232e-05
0.0003357744159980794 0.0020486442324418454
-0.0007110430064123259 -0.0003397335325954983
-0.00047013824212859364 -0.001671648711946202
-0.00017043142881689743 0.0010150961227701448
-0.00040192333907242833 -0.0003008869593373563
0.0009304158333604417 -0.0006783694692529552
0.0015736549696650612 3.3709207457995643e-06
0.0007594867726848785 -0.0007043197895377699
-6.53643301602213e-05 -0.00241279986470226
-0.0016895164569669526 -0.002099557585960878
0.00013658045315137474 -0.0010693976825582334
-0.001741296884237759 -0.0026865799096766818
-0.00011093776772761947 0.0016582403547419327
-0.0017854844917511647 -0.002177152628328851
0.00016504357622255974 -0.00013015518169736624
0.0006849440599519743 -0.00028389582944214874
-0.0017537632489308043 -0.00014159617159998497
-0.0014413085215855658 -5.3955970600536156e-05
0.001044662903663689 1.6984473978624756e-05
-6.575825724261981e-05 -8.278345962896423e-05
0.0014181172650712085 -0.0015277332654344193
-0.000375210593175022 0.0014013651028927526
0.0009815315226528157 0.0013294139356967627
0.0007748054521657716 -0.000522234928372886
-0.0008199680559985799 0.00028236146287024904
-0.0007483387484798095 0.001955602591492212
-0.0003298626310314961 0.001784717721695683
-0.001976083906433388 0.0001751976319384818
-0.0003589554740844011 0.0003142057500712037
0.002235618517056769 -0.0005693885346463243
-0.0004348726269011518 4.254039400781207e-05
0.0007406806265539389 0.00032376516074225637
-0.0008392340479074337 -0.001458212463153744
0.0003987504059504499 0.000790567912204578
0.0011478613471176818 0.0012049392230007118
0.0007889851133040944 0.000335943072445198
0.0009630400728769755 -0.0023321808183645715
0.002504290645134801 0.0011813094542701276
0.0004962438079417224 -0.001237672652845933
-0.0006539764690493176 7.957675259852785e-05
0.0001375098151930855 0.0020108246377240173
-0.00018257210871878925 0.0011292839732951823
0.0003249746747384717 0.0006889513866652452
0.00030842470402276675 0.0007102213209717003
-0.0011463791166323666 -0.00012894664497130546
0.0005600810397560038 0.00016686347058288478
0.0003313175941511305 -0.0010744211391545255
0.0009684348235344555 -0.0008053928893213255
0.0005388543068192293 -0.0002849305770247932
0.0019694383952454306 0.0012363055177440107
0.0003272615647314364 1.0749989478332789e-05
-0.0011176576444466688 0.0005731200143198814
-0.0019142437100434474 0.0004461668278693694
0.0006498222559953679 -0.002189267620743936
0.0004587628842099048 0.00012697108350786173
0.0009885989212793953 0.00016809588284259818
-0.0014361767395241543 0.0011749175679364814
0.00019964131120805268 -1.887809409794747e-05
-0.0010385939681964952 -0.001528817520304935
0.00021028174281305224 0.0003095998466514772
0.0011989812881034992 -0.0011324720978063605
0.0006214122657277434 4.015433404138437e-05
-0.0014338258547044774 0.0021231504940644836
-0.0004765460548135604 -2.4109631177206172e-05
-0.0027021212526386214 -0.0005482281655039789
0.00018070029176462329 -0.0005853223193090769
-0.00031049443524357 -2.1308270390760702e-05
-0.0008364924234980797 0.00027751347045123007
-0.0003726849627488073 -0.001218441383623694
-0.0018759168806113918 -0.0006748436076169392
-0.0018142766529266796 -0.0008200268622232115
0.0014992474685125675 -0.0016677624991851276
-5.342637213124987e-05 0.0011201280311942596
-0.0013384813249531398 0.00013741831821424203
-3.387427177539905e-05 -0.0018388580755869857
0.00024271181311249707 -0.0011406964478151975
-0.00028271394612672176 -0.0008910447891893256
0.00043918535501085446 -0.0018778483627370371
-0.0016656168848077132 0.00023927984554818045
0.0016817198619785616 -0.0014109012694790684
-0.0012243093980601762 0.000386260348735324
0.00011873941710505292 -0.0011609545248594927
0.00017440677866836863 0.0018693078566069858
-9.030808598094009e-05 0.0009573902173410652
0.0010862581410228992 0.001654622394873221
-0.000121685523356959 -0.0011813758063020888
-0.0005717566184163986 -0.0021986125513775824
-0.0014381631512023194 -0.0017399132799061974
-0.00019260997088392488 -0.0003197665375496954
0.0030190587675761925 -0.00030226593822123163
-0.000734944641351848 0.0014358969191966705
0.003427307797327094 0.0006407291732187951
-0.0005141677699009583 0.00010481955553490103
-0.002382858435629095 0.0008617631372019313
0.00218850854962271 -0.000441578976469748
-0.0036758655739190503 0.0006221620432030773
-9.940338353272741e-05 -0.0003207958425334835
-7.575838391731047e-05 -0.000386892325180766
0.0022141804321452983 -0.0004089661323302044
-0.001258938306020466 0.0012308004619082439
0.002920927688520016 -9.925256691019453e-05
-0.0018200611643563287 0.0034530998143662795
0.0011777424315872914 -0.0013010517675960394
0.0011916506524717642 -0.0018734464464623983
0.0013221502010531616 -0.0007841452432111938
0.00042519557502281524 -0.0007847942925253576
0.00048440219937565974 0.001150009892372546
-0.0005481280685654659 -0.0027483283098668257
0.0015857766274757947 0.0014359877258810485
0.001419542520156017 -0.0008600769837706925
0.0004072829787441279 -0.0016471670079562003
0.0014853589740962225 -0.002000405871641126
-0.002392048583191777 0.0008293247920211815
-0.0005528625440954337 0.0002548254571493887
0.00029650891541685995 0.0009004668620359338
-0.0007233322506727972 -0.0007349714863486231
0.0006287487288102872 -0.0013539337942754235
-0.0020874889884754237 0.0027655952708050924
-0.002981277041524113 -0.0005514977956339628
-0.001232835302816891 -0.0011442345136819499
0.001232568389991648 0.00235200906342262
-0.0007268944172670912 -0.0007096136061490053
-0.0014307657712140786 0.002782851580905001
-0.002634262886347132 -0.0002575722749861943
0.0015033761414440208 -0.001029367197367229
0.002387708903512069 0.001939486176032576
0.0005732537196919333 -0.0025005709308694975
7.03363589031007e-05 0.0008516769623337688
-0.0021843695613816584 -0.001652421637388231
0.0008146137507434519 -0.001942891056761741
-0.0007955875091219906 -0.0020826873561787702
-0.000332373907548795 -0.001530756564112709
-3.393633537739948e-05 0.002876269379756096
0.0005359140728676206 0.00021663356598384086
-0.0004591516652695051 -0.00030847431504592147
0.000680332507598794 -0.0005402760599255076
-0.002152959368254851 0.001478307126870524
0.00047893302926137985 -0.0006212977417861248
-0.0009171424994152477 -0.0004102686027308235
0.001264398318794567 -0.000488470360378197
0.001701716637749659 -0.0010450541749258485
0.0006005431671513505 0.0008837325834605206
-0.0011085024617019205 -0.0008999688473122265
9.50449777150059e-05 3.411054664441959e-05
-6.097123818485861e-05 4.536415691039418e-05
-0.0020265747962883726 -0.0010588184029163869
0.0005745864651509232 -0.00032988519802154234
-0.00013498559671575389 -0.0014546260394348418
0.0003463096769584627 -0.002093144000041465
-0.00047824707594868555 0.00039586793097131533
0.00030246393923260325 -0.002259176032011961
-0.0005032726439941734 0.0008486287674289595
-4.1101707916315085e-05 0.000868100553536834
4.060944801858696e-05 0.0010882553438211833
-0.0003027368751530553 0.004047811702161953
0.0006503396681279201 0.0010924097059434202
0.0010367620701208287 0.0007286372790589701
-0.0006125541959591682 0.0027092923430367282
0.0020030921806178316 0.0006996964688094604
-4.264699170972836e-05 -0.0005539857225635036
0.000332906460992116 -0.0010749698747460248
0.0029184122154093557 0.0009358292773618856
-0.00035304443537510896 -0.0003142007798647473
-0.0021583884665744104 -0.0008366925217627286
0.003082946021049432 0.0012769248164733694
0.0009088755535574469 -0.0003010133040124594
0.0012228223404952576 0.00018881201979974104
0.00018472730890019227 0.0008191996662894039
0.0025614948802880075 -0.0003883607668894216
0.001717992459582722 0.0014983296861261102
-0.0005929765340599492 0.0018350073053984976
-0.0003106899131403603 -0.0005592406053607358
0.0013192430614637778 -0.001557968416895457
0.0007635570330094552 -0.0022005198393218075
-0.0016168627795472943 0.0010246596511121646
0.0006736854497456429 -0.000636037792622017
