0.00011781654833662301 0.0001906710357584682
0.00025684077988754353 0.0001771102783885217
0.0028620554658528503 0.0048233751220437115
1.6803600668316456e-05 0.002270160250059222
0.00021597097881135733 -0.0014447412770963054
0.0002817495598485296 0.00010800886782598032
-0.0007622201032099597 0.0027732292987527525
0.0013868450364223801 4.762729545714196e-05
-0.0003646252019074507 -1.9450626259555656e-05
-0.0025272844904640447 -0.0010901993813824226
0.0019969856648950762 -5.5296005068093264e-05
-0.0015039974226572412 -0.0012418564894623092
-4.5497189393544225e-05 0.0018727596391040415
-6.394527644727841e-05 -0.00238289083136108
-0.001106358678665826 -0.000489900139700435
-0.0007717097510219764 -0.0005350787075174348
0.0011073194001663396 8.155306795550103e-05
0.0005104859908476438 0.002311000631345161
-0.001987728202110899 0.0016259366764772643
-0.0010031070937399351 -0.0017495006534068243
-0.0012769696445289033 -0.0026622208278576716
0.0016640664650057128 -0.0004005240241901026
0.0012500848070315924 -0.002335443023785791
0.0019252607201804936 0.0016057703106645755
0.0008831758308159472 0.00015014435782957972
-0.0013854277504187415 -0.0005982518034617896
0.000727206054143042 -0.0010065880555592975
0.00036978122575065815 0.0004637199457930072
-0.001750602278931999 0.0029662584944489313
-0.0005776418402995859 0.00033242799056824857
0.003333355311962798 -0.0006402991965866167
0.001671868776645859 -0.00010001997398473566
-0.0007977901678870939 -0.0037532341265068916
-0.0010752342253522629 -0.00026890793905109863
0.0025918055498557165 0.0019273041632017751
-0.0028663585260323456 -0.0011995982076404988
-0.0037220725403558867 -0.003767650571031636
-0.0002451724829951615 0.0006758634257033176
0.0005074747094807589 0.0016879693688157346
-5.168544666586002e-05 0.0022423019733841293
-0.0018929847504832384 -0.0009434537257689134
0.0003177483192835453 0.004338609664158991
-0.00028026726608043503 -0.0009684034131722113
0.00016511180089543226 -0.0011678423380853385
-0.0007266966878711808 0.0003024143253847024
-0.0016175350202876299 0.0008541807441460359
0.0008239114543335327 -0.00014233155653191324
-0.0012002772497651639 0.0027604596703885145
0.002167092560176072 0.0025321761618985884
0.0011158985392699446 -0.001207518165623841
-6.367350452672496e-05 0.0004381049056058127
0.002337344968914591 0.0015701954137980576
-0.0038862990343553547 0.00019528662536078616
-8.24329096255953e-05 0.0008156831476614066
0.0022241475491279286 -0.0028656587335627905
0.0011531935082713298 -0.000379996243070441
-0.00024138313034179916 0.00335828102074879
-0.0005900382148845779 -0.0004405800988509568
-2.6932423318683024e-05 -0.0005114339159632446
-0.0002866472227551068 -0.0003614703354063236
-0.0003300764145086995 -0.0022217487208161146
-0.0007051351796296343 -0.0017511539854881237
0.0004000513275824578 -0.0010305674308755612
-0.0019389464513493424 -0.0010087866104198802
0.00048755618515277705 -0.0017367563765532837
0.0004797640028263825 0.001432288855914187
-0.002814007247433818 -0.0015234837385995658
-0.0015111170856042357 -0.00014814536586453534
-0.0009862770192538726 -0.0005112913268859223
-0.0003276994519413787 -0.0008276873490835325
2.6580268505913483e-05 0.0002916274766759468
0.0018795056180097684 -0.0013235976719094763
0.0005663771048599185 -0.001136041261766281
0.00038124614757795546 -0.0005151983163822313
0.0016997401924749365 0.0023850082727070875
-0.0006509592429779732 0.0004936228774507597
-0.001147233080001294 -0.00024106157550618168
0.0022655029662982723 -0.0024066022691948134
-0.0007181547677587889 0.0017619932909125656
-0.00017222118502733692 -0.0007008895640956738
-0.0011802881863638886 -0.0014124309238042097
-0.0010718826631248206 0.0015807427423646446
-7.423380940630223e-05 0.0009309973168690963
0.00203434835128374 -0.0005797443587577817
0.0005759095931573073 0.0018823716532219163
0.0017081810444073019 -0.00035114670572775406
8.013906822643345e-05 -0.0002574626390166466
-0.0007875847840602501 -0.00028790423095244213
-0.0006381832083993387 0.00016786507410251878
-0.0004996298955012997 -0.00044358334262159673
0.004066635421903161 8.659132992856747e-05
-0.0004591295411469085 -0.0021083136767322467
0.004512812957003839 0.0007142833662569485
-0.0014451873755645737 6.686147876336825e-05
0.001084984151841798 0.0003286496916680912
-0.0012840348064951483 -0.0017620846077666004
-0.0014996355245383596 0.001492664277776356
-0.0025230323292696126 -0.002423843824561358
0.0007403082142840725 8.901583528057809e-05
-0.00015650464304323072 0.0007982933603396846
0.0013098078374651036 -0.0006011055627850376
0.0002386290979128152 -0.0012103543142312208
0.0004511969955541711 0.00036409578017982546
-0.0009201903792442283 -0.0007024133315234462
-0.0004034569238603564 0.00275091104656422
-0.0005717522480704248 -0.0007162436786827619
-0.00039037175600170203 0.0011501602820353206
-8.333327240162656e-05 0.00034061179461177584
0.0017261700066211574 7.038509971207532e-05
-0.0026308311005686638 -5.6558988514932713e-05
-0.000669569178100106 -0.0025110887533590504
2.057278353451154e-05 0.0004994837570194415
-0.00037523607935430604 -0.0016559072707217164
0.0005265761811984189 -0.0006113482877435829
0.0011143963315514282 -0.0016203322732706524
-0.0028769545556892326 0.00020917919330367475
-0.00021809465362875494 -0.0015207125701218462
0.0014376331006357942 0.001330869764552691
0.0012293443809595268 0.001755563362338459
-0.0013354393958671473 0.0006491540471962962
-0.0017988855642262981 -0.0008792343541110038
0.0006178480720228679 -2.4108613794736242e-05
0.0003428772551125599 -0.0022802849254630704
0.0006137350216340267 0.0012400124321450651
-0.00018396121171209613 6.550396627967094e-05
-0.0006066901893069085 0.0002344482341166704
0.001207595392260174 0.002094904876078649
-2.484868603712255e-05 0.002353251435389859
-0.0001876438108920103 0.0010684098240123815
0.0010828445280509536 0.0004052607279357685
-7.414680137512533e-05 -0.0006485917197977533
-0.0016135747186094703 0.0005251803405832159
-0.0007238704251122019 -0.001413454640204672
-0.0003171574245786123 -0.0017364699812475396
0.0017463516640595584 -0.0015150169216714786
-5.184261775311296e-05 -0.001195096563116751
-0.0011188138885806062 -0.00016820218174062502
-0.0005174193369992696 -0.0011774578713967395
-0.00033859471407805944 -0.0006099656846269526
0.0007453466205487752 -0.0007530895773929676
0.00017001499142373853 -0.00017190726155721112
0.0018758126656349494 0.0009516450619041953
-0.0002525624355614073 -0.0012335168282639802
-0.0022384760818939934 0.0008356604067142131
0.0010609542313318252 -0.000449011845289172
0.000418104361770494 -0.00022419888140607624
0.00044698393478778166 0.001851894984127309
-0.0009075856148443174 -0.0008851738630004074
-0.0008782025387424196 0.0008606920449183195
-0.0016277018264729316 -0.0012273176741721774
-0.0007002609773043111 -0.0010203339638741365
-0.0005132534712750545 -0.001971269358589882
0.0008998132998058464 0.0014874949842470508
0.0014614478459228327 0.0004040093841572912
0.0020547733587794824 -0.0008989317923804832
0.0009890190740364057 -0.0006453810795376621
0.0018060200191895716 0.0015799350655949116
-8.784127831222506e-06 -0.0007676129633942228
0.0017098400976250548 -4.250501188844631e-05
0.0009488150447373677 -0.0007335448405252595
-0.003774957719630666 -0.0003315702219894856
-0.00011437610208503054 -0.0007086243128750714
-0.0013109342313388573 5.0628561542998696e-05
0.000757113622006761 0.000731774270418046
-0.0014420611355314967 0.00023201589055308423
0.000882380386235312 6.312241828787941e-05
0.0017750686439847504 -0.0002862355324493563
-0.0010627380407540342 0.0003691680074304979
0.0009666080369130857 0.0014445995291822908
-9.490861412244048e-05 0.00010686857445740442
0.0020134678314243735 -0.0014236340766191635
0.000616543996108689 -0.0010092583626076924
-4.814473300100997e-06 0.0004766470736880938
-0.00024608458717321954 0.0016858495644833243
0.0010781576874119554 0.0009869681421861385
0.002283956157808562 0.0036925459057164283
-0.0008124314167509332 0.0019254114168681087
0.001167195700263016 0.00013868461745097287
-0.00027506273110882524 0.00033820487403802234
-0.00018452725039846195 -0.0018501601284827164
-0.001165732102996019 0.0007604588258481571
0.0012509634766132718 0.0005767879090208534
-0.0008967770078351046 0.0004099169607874079
0.0001556475980961673 0.001003149391767599
0.0016942056404209264 0.002412465066975675
1.053879165097473e-05 0.003298163636434542
-0.0011425681591209918 0.0014056694487176375
-0.0004041222903718875 0.0005068435786009541
-0.00021827962692224333 -0.0001098664005170428
0.0017798103944266833 0.0003103695574007178
-0.00017790053381739712 0.0004129327537696459
7.312430917039194e-05 0.00044652845653721495
-0.001329882922065115 0.0016295779625910673
-0.0017364293521489485 -0.001482343348985029
-0.0012545135275123702 0.00036652602881140996
-0.000673516215967774 0.0006289646293736741
0.000726998277955591 0.0006319372644806791
0.00023520840503385334 0.0008637169863929232
-0.0006708155045506462 0.00031921346938315593
0.00013899289641663466 0.001857885363852231
-0.0002789423715477457 0.00037325557589832053
-0.00112500629566218 -0.00012401587702582704
0.0003151897889675069 0.0001394478314331016
0.00097052508934093 0.0015858757991819212
0.0010461880056431457 0.0007728633550650291
0.00043351926338227085 -0.0014926430184012112
-0.002511809837970312 -0.0008865631408139309
0.0007884421272888902 0.0009414474594334896
0.00029890256618349617 0.001141782117682448
-0.003088924228836906 -0.0007670599450074894
-0.0005226798828096169 0.0005536768054842247
-0.0005534550461528902 0.0005748012924258818
-0.001379569571319433 -0.0005400459904480139
-0.00044753742452266677 0.0008294812359970189
-0.0003065367513956724 -5.498377014814334e-05
0.00022546546345555564 0.0011711578447481273
-3.835211766629557e-05 0.0013975193501709097
-0.0009954630736761366 -0.0003229920342499858
-0.0002510626938769003 -0.0008140920252749133
-0.0020291793617625217 -0.0015316234294798572
0.0010894706134186624 -0.0031209401092475646
0.0004661981534409001 -0.0019690499100619807
0.002710251203444943 -0.0007283522413834272
-0.0020228353234400583 -0.0015595902087255592
-0.0002774147502054238 -0.0003876853956022128
0.0018798806481859175 0.0013598297639778167
-0.0015087197551985742 -1.2340546857297893e-05
0.0013616768367116954 -0.0017129294613629465
0.0010393743626273598 -0.00020218373414069286
-0.003453369892685074 0.0008187320905703064
0.0010688720520826078 3.876333390356785e-05
-0.0014025409336381656 -0.001235119592547049
0.0012766304132976224 0.00026272597077838124
-0.0018051854848067392 -0.0012705123125979633
0.0011280248174179357 -0.0014619968219536231
-0.0012004231938732666 0.001257596989217705
0.001452561438514303 0.0009152021052459212
0.0020971850963478786 -0.0003124802383543268
-0.0007644969961849036 -0.0003917001743925947
-0.002914187876223395 0.0009346321049567264
0.0010213127981298605 0.000341414577904442
-0.0015413335955496259 -0.00029738578548387597
-0.0008421215255210067 0.0004968394625460448
0.0003125159112312477 -0.00026999035830035803
-0.0020167494816184257 0.00026023299072782676
-0.0012975298292645261 -0.0005582035639920116
-0.0023870441835200868 -0.0005017198670159767
-0.0011362812025998506 0.00048057054402301765
0.0017730018365676517 -1.3320587924098631e-05
0.0007046706635394164 0.0023202743765393594
0.0009296469766248433 -5.384760976356097e-06
-0.0011772167569337468 -0.0022781722618248988
-0.00012369474095365259 0.0016419486484222907
0.001479397040760973 -0.0016535250968144506
0.0011436887911090326 -0.0006722125056892878
0.0001303826766433757 0.0032719695612665072
-0.00013151882234640252 -0.0002044973815646909
0.0012526170745383802 0.0005529108036548622
-0.0009621014205714908 0.0024224926070259326
-0.001428725025332231 -4.701296272554636e-05
-0.0009584246357241687 -0.0005460002122793002
-0.00019311900624457002 0.0008983045460345027
0.0020204900376100347 -0.0009066066255111308
-0.00010563070448363769 -0.0007653541746641943
0.0006027851382118235 -0.0028345194684626096
0.0015206530010565518 -0.0001211724430828129
0.0009103760497055372 -0.00046998011059253534
0.0010871679972270546 0.00011879176046973603
-0.0010182451794911328 0.00024663094153454853
-0.0007717792841384573 0.0008596336544202898
-0.0009027666644070228 -0.0006822833142241393
0.0012012109644607182 -0.0005555583781533765
0.0010771370763297502 0.0020390409708909213
-0.001377926318830412 0.00186033032553409
-0.0043364604433263326 -0.0023531409479587316
0.0010526278163069662 0.0011089551871393715
0.002501201434402956 -0.0013280488073794793
0.0021508063912361536 0.000406196334511733
-0.003137134545106599 0.000981566121104273
0.0005013891101086211 -0.0037881018796441044
0.0005834440542175822 -0.00041048979478487777
-0.0017687297066004218 0.0017281054680793875
-0.0001280303978281584 -0.0003398094803684042
-0.002414026866884673 0.00046694379975487625
-0.000374395046664587 0.0033932758082261634
-5.737071933027588e-05 -0.0012266999341825201
0.0005153523293261643 0.0012544963593033444
-0.00028400212586586476 -0.00013595121470553025
0.000703829722592895 -0.0013681908713118927
0.0024445953576842866 0.00050835060394069
0.00033632695425742386 -0.0010471325765999719
0.0008994012387134978 0.002907012135076213
-0.004124751044207621 0.0006003272404914922
-0.0026642121773864692 0.0016803005696653121
-0.0016959164929863174 -0.0005539971127254236
0.0006395883007041764 -0.0017907685053788437
0.0018051831575443722 0.0019075858957657028
0.002777444429220119 -0.0012073099372146771
0.0010838994330524786 0.0004393719798798997
-0.0007622709834963141 -0.0019969229799124692
-0.0016700360689042746 0.0013521766301198175
-0.002114128577104873 0.0015896899629170007
0.000575018773218632 0.0001148502847858431
