0.00016404727850270875 0.00018223915341361596
0.0003306182982295873 0.00014197000739782912
0.004299755412022218 0.004377173927465899
0.0010675420662493314 0.0013022806767622188
0.0007369221505308892 0.00010546583866648655
0.0010621784017935771 0.0009597526027105031
0.001111072747296215 -4.9495370997100174e-05
-0.0018041457240495378 -0.0035433487710221034
-0.0021010611705933567 -0.0002591529589321115
0.002350896664035432 -0.001398263363266983
-0.0008253475898289101 -0.001141850356293137
0.0008536780637807346 0.0001511283361565443
-0.00012145479969894542 0.002968628122968209
-0.0014148297114463819 0.001781323949611945
3.831838460299745e-05 -0.0005238848879464276
0.0018608164329677363 0.000913870019262441
0.0012386285871227867 0.0010043450327629681
0.00191687287152914 -0.0002576567174948546
0.0008338273969686163 -0.004263578849806058
0.0017980554255203286 -0.0001509660815863181
-0.0016602126729454807 -0.003528179280167544
7.551841962862806e-05 0.0011628011235759385
-0.0016195807000379384 -0.0011005199237319832
1.650510039408433e-06 0.001266493439995095
0.0028628052764089387 -0.0034498223872663357
0.0016992938613361827 0.0003491288950395251
0.0016734190178901854 0.00016477730346441352
-0.0011081544090633653 -0.0017626572623721073
-0.003912030943361002 -0.0004227684408702734
-0.0005318825363937069 -0.0013670396673030744
-0.0012905851061662244 -0.0005098223088319848
-0.0011658535028650058 0.000332710516632098
0.0014404234221404813 0.001634498484045374
5.6306185690167086e-05 0.00034111385226525017
-0.0025452684192196957 -0.0015250758845452303
0.0003434552398827752 -0.000578396543393467
-6.900017081807871e-05 -0.0021525512306679326
0.001885664011296609 -0.0008667037520659111
-0.0015788257332017032 0.00033711418453983275
-0.00023321771071796736 0.0010369202796425717
-0.0007517245642483738 -0.0011192869296904764
-0.0004459924870596212 0.0006924361684510855
-0.000327086924982426 0.00042229118598539314
0.0015191311601212459 0.0035768102872460743
-0.000690841768910477 -0.00027780176960517835
-0.0024691088153566128 -0.0009336668627318442
-0.0034807078485938185 -0.0003856428038393603
0.0004473532050811263 0.001505681430778631
-0.0012703927437641193 -0.0009754827736753052
-0.0007605966022302212 -0.0013075727111613682
-0.004294409632828193 0.00024053745004295717
0.001582507332912276 -0.0016749685337917348
0.0009189333819398666 0.00255243376694797
0.0008196017316806141 -0.0006804223954807355
0.002059193664727928 0.0019426077055237296
0.002454159749439837 -0.00030654526602184813
0.0035041036600896814 -0.0032495860363005178
0.0012794792342657 0.0008871654239995883
-0.0002323413519104935 0.001535641073134724
0.0013298880055530175 -0.0008314148880574898
-0.0016739770304510908 -0.0017110510260843744
0.0023601779194245163 -4.8706325507312955e-05
-0.0010046696270906033 -0.00300239913310794
-0.00033532832381749265 0.0004820142247562056
0.001168171372319317 -0.0006691979083236552
-0.0005411979126794636 -0.002116848179142611
3.793899700948647e-05 0.0017977699662023654
0.001938996774947539 -0.0008059877634550367
0.0011358511057396434 0.0018088545174373336
0.0009352387054356941 -0.00013411230597552333
0.0005160991451393511 -0.002587502751353786
0.00018936667337249855 -0.0017148866306596492
0.0009656278350789727 -0.000555647444022402
0.0015076156457492604 -0.002165748474397255
-0.0007710819961667948 -0.0015578234960628057
0.0009612650619683453 -0.0006457138764957886
-0.0013136011404922 0.0011132504219109206
0.0012131910685539429 -0.00038236823469254736
-0.0009934597799378625 -0.0031684467203858275
0.00040878610622688234 0.0028423079632951395
-0.0011511577850464296 0.0013587183046690787
0.0005824409125519343 -0.002846548252388139
8.68834602936457e-05 0.0004101772017142472
-0.002374531513118167 -0.0004214507474952147
-0.0019457544322909017 -0.0010834938858713158
0.003947712000068284 0.003109052195305067
-0.0031029196172334067 -0.003631320736827481
-0.00042541396288143244 -0.0017032746180942523
-0.0025277498462922127 0.00026861388419640605
0.001429079986514611 0.0008798865440416448
-0.0021188329545919955 -0.0013046413186594288
0.001471038419449673 0.0019189967741399625
0.0017599100527734978 -0.0007190720352336241
0.0021333823912340305 -0.0009166262206381015
0.0013014590007523609 -0.0011014384130259044
-0.0020684074107807544 0.00015855278601727257
0.003867395499651441 0.0009088959638733127
-0.0006676432035621335 -0.0012741678049347737
-0.0003900874817446908 0.000896441886872879
-0.0022985022502708197 -0.0003753199643798308
0.0009479387533381526 -0.0005768111364300119
-0.002892097668461532 0.0012310767508432814
-0.002803296429786589 -0.0010567894082860964
-0.0009489366789038149 -0.002207288876654026
-0.0014315835070296248 0.00016401398005567837
-0.0028932216544096155 0.0001609608770151427
-0.0006439331359147154 -0.0010629897166672662
0.0006888173891407508 -0.001045968799574589
-0.000465790260591302 0.0006954086825523065
0.0006955839244799464 0.00022641209249406379
0.0006829535099991857 -0.0009140737359117207
0.0031480032778839692 -0.0011614334857097878
-0.0005913120432509375 0.00010934653689273179
-0.001086441756136431 -0.0004311235349789996
2.518656570140559e-05 0.0016726633929622966
0.00046718474659969775 -0.0017632576499933732
0.001418821115406895 0.0008708384724778058
-0.0010550554949904209 -0.0007113519548991623
0.0026482513956751137 -0.0012663980722592075
0.0009191312358596466 -0.00033382142126812877
-0.002316791801221213 -0.0008985760887794969
0.001463750567302221 -0.0017776757978481292
-0.0013413184952592299 -0.0007962024658739528
-0.001099819474251579 0.0014552240981334928
0.0015993964187007083 0.000433822290645914
-0.0013850454475424728 -0.00123020812416737
0.0008444270097900104 -0.0003171688677045522
0.0003668433251056365 -3.38674525636492e-06
-0.0015156034464664887 -0.001607903474877741
0.0023338105825031577 0.0003259027714650061
-0.0014605263942834641 -5.9990699599827695e-05
-0.0018968452506146689 -0.0017643131308981582
-8.46239822434618e-05 -6.674396790129738e-05
0.0003109676910161856 0.001923468831676348
0.000673409718142309 0.0009989864421433897
-0.0006290307239504271 0.0013873594461101865
-0.0007071883784823507 0.0015271324192522601
-0.0010051332770867705 -0.0022465103466777028
0.0012093895779470155 -0.0001796534642574397
-0.0009194665088383757 0.0013767483367257618
0.0011302993025224402 -0.0005957940385853823
0.00030439423014780146 -0.0008212664901713865
-0.0028937327291935757 -0.000708810112916638
-0.000608643903655291 -0.00041534289046778563
-0.000393644584565053 0.002389864494280841
-0.00019902021548084384 -0.0014447588787132948
0.0011126296134023354 -0.0009662242146921873
-0.0002916659046418795 -0.00031693393538835074
-0.0007601433152557526 5.107808699355542e-05
0.0012483734323059216 -0.0007364707054249922
-0.0008265191282313853 0.0017112961361761497
-0.0005957601684893477 0.0011227096991912738
-0.00031229954830228133 -0.0026411014487581425
-0.0026011371939664166 0.0012506294650433177
1.6404108842019107e-06 0.0003466326467030968
0.0006943309484746032 -0.00029762101584381316
0.00043096482661544535 0.0008604578539625667
-0.00022748373332575456 1.1646171133426423e-05
-0.00040848744790584845 -0.000433537591966622
-0.00028252463145648495 -0.00043566494703309105
-0.0016904309875473975 0.0008804518750563815
-0.0009197396946698799 0.0006599984410771614
0.0009373421365531847 -0.0009272504817897043
-0.0004917628753503225 -0.0022839811918408046
0.00028491489159063605 0.0008216359862490551
-0.0005542892550633381 -0.0003369825724993966
0.00017605012271454013 0.0009614254664748757
-0.0005215301499770971 -0.001830855924755945
0.0027507137673657817 -0.0003887600066425112
0.001970490887782378 0.0008168598708868235
-0.0011909127149245218 0.0002166273763508181
0.0014835478426560686 -0.0019362603588904323
-0.001038462920524012 -0.0012684945193021224
0.0010455577220317615 0.001453068818905376
0.0006703842045598741 0.0017948746443870562
-9.99515551879648e-05 0.0023167292133940078
-0.0011263288928731188 -0.001991212731525168
-0.00026761041990272803 0.0005947145480658248
-0.0009363261189328085 0.0007936064161884768
0.0004846373927471999 -0.001360076593908727
-9.128834102867375e-07 0.0003820194365137863
0.0018085144974285654 -0.00038893889806120415
-3.665811899429706e-05 0.0008750101110221271
-0.0010296442241858924 -0.0014945643078399095
0.0009143626470289217 -0.0002594947614679495
-0.0025902720857510584 -0.0005916787448517067
-0.0006706852966708961 0.0016971038844696318
-0.00218803651245961 0.0006564360814266736
0.00103061539164475 -0.0012980202204860337
0.0014717127116327356 -0.0016754871445235754
-0.0005188358615139779 -0.0013578596490667811
-0.00010273310660912364 -0.0009114580531273756
0.0009251430672862323 -0.0011162868005175233
0.0017564215688479542 4.8036341706905344e-05
-0.0008032786625099081 -0.0013691134895855643
-0.000513119340105381 0.0012811839799937957
0.0008235414659101821 0.00037470960566464765
-0.00037285949545665483 0.0017023126234827644
0.0011469108672969078 -0.0009703691967282629
0.0009673123280677646 -0.0011389432376333589
0.0009436173563810659 0.0015938896096574556
-0.0001356197781772772 -0.0003616917901281741
0.001214201383189075 0.0024486859334116287
0.000890303272966426 -0.00033993892633064427
0.001162204354699766 0.0013486228370004512
0.00025051098932380513 0.0012812881136581651
0.0012682178624643554 0.001397220855491088
-0.000578153599032152 -0.0013171549220878744
0.0016004986569467402 0.0003624750225776008
0.0002042667734344881 0.0007547403503096829
-0.0002491335159336394 -0.000834731767998271
-0.0014237857333536908 0.00045156722805050095
0.0007598934790273098 -0.0007446390348247783
0.0001234486087250649 -0.0009166511375034416
0.002116652780137717 -0.0014660717404324716
0.0014739945079355722 -0.0007022015880413789
0.0007361292016836588 -0.00244352006995815
-0.0014944079978099088 -0.0009422422602431286
-0.0005102413939164965 -0.0016630705693636322
0.0029422718303527403 -0.0006142413333271952
0.0003916078367326945 7.834284508507536e-06
0.00293960993479552 0.002175919766078496
-0.0016671826494557244 0.0022585990004197155
0.0001587823445047411 0.001992092658819524
-0.000198510166903145 -0.00033545493438259935
0.00011566811332607986 0.0030834045433696276
0.0013068915119590799 -0.0005215720544682178
-0.0006473983771926422 -0.0025867457540111535
-0.0017041458503515153 -0.0009805273161499462
0.0011754091344501226 0.0003814770131249098
0.0014340261604621851 -0.0004911762506387586
0.0030184065298268265 0.002730763555417199
-0.000694242908131642 0.0005020582811170568
-0.002601563880055949 -0.0007638249900081447
0.00021869606739410673 -0.000486715405732236
-0.0013232761772448073 -0.0006877607909152629
-0.002288365210881443 -0.0013772846578854725
-0.000615198221120537 0.0002767398082464728
-1.662332959426717e-05 0.000221582921182589
0.0005649754350247706 -0.000214711026377537
0.001528800997363006 -0.0008235173200684028
-0.0005863010481745673 0.0024770347952865687
-0.0034328468493716453 -7.787970618906314e-05
-0.0006076191045731915 0.001984043225148378
-0.0017138241812494847 0.0006325308487906056
-0.0001474255098628311 0.0006981990501228801
-0.002928046827495236 0.002154309125792692
0.0010554867619102545 -0.0012149856345742523
0.00150279121290774 0.0009764007970122357
-0.0008498533044216873 0.00023502074582653113
0.0011120917751395692 0.0021958622426175535
0.0020448659031865775 -5.3644445196006034e-05
-0.001009737157763877 -0.001727239145470197
-0.0008148073309931057 0.0005345682125359952
0.0001077258167720779 0.0016915982515070666
-0.0021633838417508167 -0.00015194630602149859
0.0005510186390524734 -0.0023018150348223685
-0.0009884533436475217 -0.0011582278299309527
-0.0021984104784584842 -0.0007243379122819998
0.0015324397126116097 0.002081384987982677
-0.0005559606922015739 0.00019197411672303982
0.0004258539532745383 -0.00077734301668678
0.0018041264779668272 -0.0007075594570682887
-0.0006702944378658089 0.0011647664571839496
-0.00012868929493931855 0.00022510737768399866
0.00015664241789744505 0.0013063144443835593
0.0011179428082393856 0.00018957491529598833
-0.0033188226163819107 0.001413961859969505
-0.0018568334355375039 -0.0004326899933580687
0.002236462495835132 0.0005026446900011268
-0.0021400653049980633 0.00023625693972568508
-0.0017925838373952718 -0.0011747579253879505
0.0005115078280074544 -0.0007377281981538254
-0.0010430074581975906 -0.0024015471256561183
-0.00031201289405147914 -0.0034283087717814813
-0.001433268706372539 0.0012219478650803384
0.0019429873489617932 0.0010715093653527858
-0.00019793178294371495 -0.0016657009723146468
0.00041223260943565267 -0.0009536274942883004
0.00015308136061139592 -0.0007852406799186373
0.000494700553900656 -0.0007847881965992055
0.0007806976627269166 -0.0025411346290644087
-0.0010525993647593696 0.0012265997018232463
-0.0006843308471513869 -0.0022441609389583375
0.0018282193796509349 -0.0018528584484234533
0.0017572123699777322 0.0004603009219783073
0.0009540889245119562 0.00164904411555983
-0.0005964589685877362 -0.001256157382640947
-0.00046159765793170657 -0.00225259465205475
0.0017449047970944632 -0.0020149246717746216
0.0003398102764880163 0.002092061429857562
0.0001870633070315955 -0.0007705442323840212
-0.00275692638681588 -0.00046044628997272155
0.0003028882110193873 -0.0008254717344233305
-0.001884421350236808 -0.0001856547442788061
-0.0014376584132177804 -0.0006249825154149904
0.0014174633056067395 0.0025744069533289522
0.002605345014446065 0.0004537410039442641
-0.00014948601547919393 0.0002824655449279734
0.0006066598641407681 -0.001344837053156638
0.0012570305786835086 0.0015931739443853011
-0.0007290085927926696 -0.00017363201020361324
0.0001340627628256592 0.001435026684431319
