0.00011501845764852157 0.00017167014478050314
0.00025161872812376885 0.0001870236016253461
0.003507829879930699 0.003056906850627067
0.0009670489450233997 0.0017524856100515445
-0.0003413159376859945 0.0006822993145676584
0.0030526419348308703 -0.0001533030789935959
-1.9781518749106695e-05 0.0005852573241949069
-0.001675919659814319 -0.001108864168892213
0.0005705687355096995 0.0007194400774097441
0.0025467378065757496 0.001119437685580655
-0.00032372511383948647 0.0008085636762550183
0.0018690990726251333 0.0029714533779720653
0.0007467249207554832 0.0038459132233604003
0.0006047002934613232 -5.014783640044879e-05
-0.002318109751547378 -0.003604531786053336
-0.0004348126509630448 -0.0022602224711774604
-0.0014775210168305782 -0.0037566119544107184
-0.001848747889279506 -0.0015340581484702095
-0.0002479919893784843 0.0008626775551927059
0.0006576876981824743 -0.003576894592629781
-0.0023697745332229014 0.0005440222552109979
0.0023301948844883067 0.0005485713085772508
0.0012408670261705456 -0.00039308894023131006
0.0006110416210570129 0.0016798584369678027
0.004748788198506721 -0.00260352551440609
-0.0004974889249294205 0.0008416696784794836
-0.0011259143900890982 0.00013015432825939585
-0.0010982376772247441 0.0011137124575687448
-0.0001828969946615942 -0.0003894914266159541
-0.0008891998326445834 0.0021795149530333202
0.0008129931258983145 -0.0014742381925748646
0.00015712035800346478 0.003004974518931591
-0.0012095952466958495 -0.0019437816628072903
-1.6564732449593174e-05 -0.0012314069396015842
0.001605185023552182 -0.0003216568986425236
0.0019515021922732903 0.00013987372545470618
0.0011647164713397334 -0.002450671076470774
-0.0021204573581351015 0.0013524250328652966
-0.001727421117073579 -6.774327204047457e-05
-0.0010156528149780125 0.0002942842922334285
8.990347957205001e-05 0.0011004625853759564
-3.968662908255429e-05 -0.0032206505182933816
0.002379958049793414 -0.0018566875916903288
-0.0006123332025855411 -0.0018798885367613768
-0.00037500222230554413 -0.0022113633092033106
0.0020355133435996033 0.0008047018193435664
0.0016956532376915402 0.0007985416445254025
-0.001435308501529687 0.0005129977815171487
0.0008898539831100231 -0.00020778881760338106
-0.0021186480198253405 -0.0013275551819866957
-0.0007680201921155278 -0.0015571270812615877
0.0030522796781002133 0.00016100754014664178
0.002612552950047253 0.0004904971267661257
8.031709179781484e-06 0.0013712549382263203
0.0013095091977325035 0.001243289876964143
0.000831104377355852 0.0019276475351116009
-0.0008434673096406119 2.5128465835498702e-05
-0.00016585627432135971 -0.00028703656806878045
0.0008943908486459284 0.0013047589375895445
-0.0016294836134481691 -0.0007683398651123175
-0.0002628619286222306 -0.0007907564516597168
-0.00010976853881037201 0.0017116821129189697
0.00037613373710530833 -0.0005071389850104888
-0.001942707554677835 -0.0009984301734891129
0.003494054306389674 -7.399738419765548e-05
5.215418642350952e-05 0.0009852271470644127
-0.001700757420507071 0.00131848444815741
-0.00281091881662739 -0.0016616041188376035
0.0011090788839419141 -0.0022617775395332514
0.00045785076467242335 0.0018804620176239184
-0.0008857430394006486 -0.0006422972718022629
-0.0027636825165353357 0.0009551769721939617
0.0019381740894641288 -0.002948368317458857
-0.003217736333090689 0.0008027360381266771
-0.0006656969805375743 -0.0010108802534196648
0.0008908295222080443 -0.0015617646927517648
-0.001084291641040836 0.0001291809713780764
0.00027145002999885167 0.0011304101564567608
0.00033036137072765907 -0.002257188409800874
-0.0028668330866868253 0.002652432017793811
0.001222839106867787 0.000371155931213683
-0.0005070132154173934 0.0006344970238294971
0.001374821385689849 0.0010733408961345033
-0.0002181613401602184 -0.0016285025928916245
0.0020575677152782994 0.0021841595209966197
-0.0007750316227582992 0.0029247918149104637
-0.00043198258287059605 0.001452776420431294
0.001573143741666376 0.0010939833431098864
0.0015427023434647978 -0.0011309889840832661
-0.0009367467611584366 -0.0017035484469084588
0.0006111811156967729 0.0017390049172471614
-0.0023198257691379675 -0.0026096219220878903
-0.0018092848056280593 -0.0006504830345443391
-0.0014480293420572137 -0.0007832272408741801
0.000937798388439024 -0.002000045742230052
-0.003125596739103508 0.0016659361515993427
0.0005193097296169012 -0.0008156126745832282
0.00019169426652985327 -0.0007083302616258947
-0.0009330469808439642 0.00038941266856743606
-0.00036646355019495587 0.00014248404798201865
0.0013280074638554835 0.0004671695727332242
-0.0008010838399078993 -0.0005158402399803647
4.299866779903654e-05 -0.0006803075979563649
3.817552288397675e-05 0.0005258443097653901
0.0012892127988030334 0.001229624392657101
0.0006877939862344157 0.0028502878921468897
0.0020405781706801683 -0.001899722228793073
-0.0021853350295961698 0.0017311621873569488
-0.0003349227497806756 5.8902561584236314e-05
0.0008648146437710949 0.0003171480197162947
-0.0008207774854636868 0.000951480916587487
0.0030074296942697795 0.00046993792801951716
-0.0009390041444715357 0.0010415470204181898
-0.0008554511563256678 0.0001646211735997034
0.0005563877688108525 0.0006222847314074763
0.0005941061910786455 -0.0008273615713120565
0.0010086078217626294 0.0008311913025750378
0.0017642476176890141 -0.0024970128704231436
-0.0002276640003975452 -0.002558562197486849
0.0006361443038898326 0.0005060745648215708
-0.0004273159491779353 0.0006285781556107764
0.0002026180960265628 -0.0019175774273385694
0.0010144241909497002 0.0016682743336521727
0.0015882413080396235 -0.0006182799358058234
0.0007706303753675512 -0.0006153306757807686
0.0021482319216765597 0.0027402741431066194
-0.0002664540075815044 -0.00017024012104021927
-0.0025200506312438357 0.00016865061585519635
0.0004365681090043223 0.00026324087602646717
-0.0006036856504831552 -0.000708049197779225
0.0004960806994186808 -0.0009959652723068068
0.0005433426637071825 0.0020474342294518368
-3.6937375708726705e-05 -0.00038532523547326974
-0.001121247713199855 0.0005026215156123381
0.00014939293583159072 -0.0022351085299826727
0.001995073285612514 0.0016056770654289873
0.000251411450839914 -0.0013795037691442336
0.0023058059216455535 -0.0010896670078533633
-0.0013396151005806768 0.00012628066236313598
-0.0017497621609774965 0.00012046717924392645
-0.0016824919215825778 -0.0012220441442579613
0.0006109495027119068 -0.0006539691395055022
0.0005114608794932392 0.00010442028865384775
0.0010551484607157014 0.00023958261920700111
0.0010631042925877026 -0.001974232262922624
-0.0001467008022225042 -0.00253860305322868
0.0009329925724880389 0.0001350258281211175
2.0295646192081694e-05 0.0006645347707832303
-8.533907406918777e-05 -0.0008355057933789309
-0.0009143815480583749 0.00102800730446895
0.0022611845235770665 -0.00020782998926941417
-0.0014436352143383923 -0.0009154284997679944
0.00017489701131101772 0.0018869198909130444
0.0008747628579236245 0.00020764416732265862
-0.0025710131305429654 -0.00022589391721283527
0.0014973933644523679 0.000905249003470504
-0.00048059346855966315 0.0007707824076958553
-0.0015508392327582977 0.0020250297425877905
0.0008892438816712606 0.000882716385463524
-0.0009438522999675342 -0.00117287205233334
0.0006776501459669802 -0.0009101342739158133
-0.0010878734780708475 0.0008314323685630257
-0.0004395374162101588 -0.0009758354110225058
-0.0003113464439471122 0.0025002508766652468
-0.0006897048278337366 -0.0008683220957687861
0.00028650384143707927 -0.0018058116230632126
0.0004171733212481535 0.0012800177050516612
-0.002001509732265941 0.0010740908080655218
0.0008149861269490112 -0.0008904853225854444
-0.00041029960207431926 -0.003853456830912534
-0.0017521796938869839 -1.1126305719452942e-05
-0.0005264465815615853 -0.0021811381404024614
0.000533002871513543 0.0009051936285962013
-0.0006409136418585248 0.00022622202465427468
0.0021008585008096335 0.001231254339212571
0.0007802686466572025 -0.0009102316355948444
0.001078734701294219 0.00016015758387548764
-0.0009660764375285019 -0.0012565477651189654
0.0011218417180132306 0.000278771655809834
0.0017180871070359676 -0.0005870720615387156
0.001297568643376152 0.0020569461584540745
0.0031860601510106967 -0.001897342306298334
-0.00019636963175300725 -0.0008328878128411138
-0.0010729639391488998 -0.00043486126030896653
0.0004363797175615262 -0.002140174300097089
-0.0013598826579224567 2.0598268331966362e-05
0.0018781948902316043 -0.00022469330206166673
0.0006198933357933615 -0.0014076209008823135
0.000691891846590614 0.00034342416636143857
0.0003902944638041069 0.0013416822547390695
0.0003502927023460033 -0.0012340145903502527
-0.003940721298764511 -0.002195338044388907
0.00040547793197864357 -0.00013184294419017701
-0.0014538247448547103 0.0003786904298435297
0.0009883049045439124 0.0003536413759880545
-0.0019314370786854048 -0.0006478509750642208
0.0009264201904116785 6.061947438723367e-05
-0.0005391190581004135 -0.0008512788533275309
0.00046787710088671696 0.00014123232105512246
0.00021987090220356958 0.0008649260456100183
0.0018286941340522514 0.0012019229013258683
0.00023797841445244889 -5.974050117098872e-05
-0.002362452382436758 -0.001497312951596999
0.00047523850334329424 -0.0014627346699879794
3.936704648131395e-05 0.00017381533636432595
-0.0017316220841128776 -0.0018604165797764846
9.298959361851192e-05 0.0008318567276358358
0.0003399408571423223 0.0010533797996135168
-0.0007773142667614291 -0.0013914651785342342
0.0007128633791758486 -0.0012891740091989154
9.299544484505158e-05 -9.400586465382335e-05
0.0004200923593286085 0.0012649985291957363
0.001409048198362325 2.7675634516658117e-05
0.0026410578129672487 -0.0007643683129065796
0.0005685410057643733 0.000370025113284093
-0.0001303983260534566 0.0009786450546487933
-0.0023104099763404276 -0.0007658544915091463
0.0008976691008820395 -0.00018057665278405847
-0.000855502822470915 0.001294447647191922
-0.0010570259103373381 -0.00012804961938502415
0.0018418813573415683 0.0011777296575566604
0.0038542736469046146 0.0001366779692821825
-0.0013020956655895352 0.002514311847309936
-0.0029273288665743868 0.000545703600065717
-0.003674033860867791 -0.0007616088389559562
5.557265651811672e-05 0.0006698743303449333
3.8492280623275265e-05 -0.0011047898212522315
0.0004563083309880358 0.0028356651829004147
-0.0008913100382178566 0.0009692699741622319
-0.001948667261871995 6.083536791982954e-05
-0.00035919131311758576 -0.0010051963175622786
-0.0003233544447438298 0.00024153516414602912
-0.0003902401837545364 -0.0017021203313873562
0.0007729693120579279 -0.0009820407489951526
-0.0005262290437570801 -0.0009278093867883494
-0.0012140749372432204 0.0011727319501794486
-0.0011894860436316736 -0.001937593846223785
-9.704106151096693e-05 0.002035656499122712
-0.00011539536474851643 0.0020577570815174585
-0.0006756190826767292 0.0024074878595558356
-0.0003528765629220534 -0.0012790447278405552
0.0013256162209806517 0.0004675185173369904
-0.0003304169116090008 0.0009675073811364177
-0.0012866223149590567 0.003322176264124727
0.0031675550257187547 -0.0005417430873851636
0.0004359858773642308 -0.000730531481564501
-0.0008177586110211863 -0.0014992879135865556
-0.0004838263324400016 0.0019266313686766088
0.001760314600058404 -0.002795825891067529
-5.272518243673927e-05 -0.0010276947306145407
-0.001358300173512455 0.000521810763612697
0.00048117650416051286 0.0005888207115379065
-0.0016039913123351004 0.0008482204012228146
-0.0009753880954330386 0.001252570824099068
-0.0009259254788437484 -0.0018738993398274412
-0.00033460193810363884 5.462035225861506e-05
0.000554195378457909 -0.0005914146599167861
0.001451033567934095 -0.00017821749802367755
-0.001201005989825337 -0.002594657671894555
0.0024151957032402596 -0.0002866361149267244
-0.0006525861605702949 0.0022373651013601536
-0.0006701661611808845 0.0015196993141984433
-0.0011263943701594783 0.0013943700232604342
-1.611023165882544e-05 -0.002147761386248062
9.805499087931907e-05 5.040020761558348e-05
-0.0021963467150166427 0.0008740433142248966
-0.0007294970597813715 -0.002441923930947405
0.0008119942745015841 -0.0003863603481848085
0.0006066852870771595 -0.001377585267260569
5.974098350503137e-05 -2.7938103804254593e-05
-0.002140090814941045 -0.002228890830845787
0.0033435682680565265 0.00099638351008231
-0.0020606938252648492 0.0006788257631817886
0.0020413152327390634 0.00047684264400785486
-0.0003107527645041326 -0.0016062838134029993
-0.002621572682575273 0.0014590575301605384
0.001115094336388087 0.0024840809635694673
0.001161180774019031 -0.0001471603179572032
0.0026067054685399984 0.0011541409780080818
-0.0002898990612631846 -0.00029407297770869025
-8.238242977519815e-05 0.0003136177746729963
0.0012366071865736877 -0.00039758289241767004
0.0015283456261556076 -0.001262734589598533
-0.001866044512173315 0.0008103648299421402
-0.0015525031111001692 -0.0013464416558877353
-0.0034252768277280615 0.0007672126972769593
0.0019110924593335552 -0.001880706734546482
-0.0013250701977413877 -0.0008945299562664732
0.0008592036117925885 -0.0005881706417100546
-0.0005369666588094432 -0.0006427446098813728
5.658781412285014e-05 0.0016258492753356852
-6.701974235618854e-05 -0.0023351891642688196
-0.0012349271092606468 -0.0004503672170905452
-0.0002851325024271313 0.0007935718737179307
-0.00011418012555749318 0.0007248642715921151
-0.0009133491984979691 0.0009167305374892262
-0.0008908845557255308 -0.0020252773989306518
-0.0009144884103190945 -0.0020716226633626976
0.001449645985818538 0.0007086201867291135
0.001206673213025542 0.00016885363713698296
0.0011153578985345545 -0.0008983765396452868
-0.0011354129584540981 -0.0016715953275825502
0.0014254650285587798 -0.0010646318270268252
