0.0002604163700304604 0.00019758733861065695
0.00034104990703287774 0.0002447824742985326
0.004083583829462233 0.005419924757208615
-0.0024822213658340685 -0.0019416969473975403
0.00032678816453493304 -0.0011123056692386073
-0.0014044206053528262 0.00026285548512604723
-0.0013618093330270726 -0.0009166250843198628
-2.0046664002182408e-05 0.001961082654761648
-0.001501872591647966 0.0019553565835932095
-0.001017845428410282 0.00017771490244904265
-0.0009072516882699728 -0.0016029059454652716
-0.001830756960703085 0.0016101072469967748
0.0008470935906233033 0.0012169679149302932
0.0004748717047172417 0.0007776907741913066
-8.31775648584177e-06 -0.0005986283603146779
-0.0012873292240496027 -0.0003672628989866354
0.00026924454926518664 0.0014681717989652818
0.0009093306085318796 0.00020682571781960928
0.0020151527631015716 -0.0005942916276819908
-0.0019758906035176596 -0.0008385666012069636
-0.0019491606332719717 0.0008255493042389878
0.0019357020231766293 0.0023596570224606464
0.002372599721662408 0.003416502676805371
-0.0023900245700959476 7.057030631752494e-05
-0.0020114654076974826 -0.0002490602443148442
0.0019908576841295264 0.00013003924065771498
0.00031779966212060125 -0.0005073454727490779
0.00014870813391568757 0.001936728338963213
0.0026432220493191154 0.002227340144733577
-0.0011802994712390225 -0.0004925505749948262
0.0021849454760731273 0.0030261863613879076
-9.324068843470743e-05 -0.00039371207039113834
-0.0005085572575126399 0.0038574195719046217
-0.0014520807757351585 -0.0026860732834909557
-0.0014149949708394975 -2.1660100126075006e-05
0.0006397986417273378 -0.003997248170750155
-0.004244207884327011 -0.0021195114139308446
0.0006164730189888082 -0.00045713845274641956
0.0014937338456193412 0.00039296379975570277
-0.0010928998163843337 -0.002619157037599293
0.0032153845767140736 0.0013153804198763645
-0.0003440275611334418 0.0018608891000226782
-0.001026268444222056 -0.0006884868099776062
0.000607150070524645 -0.002839481345577577
-0.0008937348224713251 0.0005998751368578831
-0.0027966266428911713 -0.0003610335947677794
-0.0008732851399296904 -0.0019186360915543165
-3.627981972484882e-05 0.001802254329642134
0.0007887734517260833 5.3230668241364516e-05
9.902730245878316e-05 0.0015130927788153286
-0.0004915551725096426 -0.0011618210624347591
-0.0027528952206483243 -0.0004925854003400003
-0.0008375554537342239 0.00025593113051758994
-0.0009627826022613057 0.0013980069161291383
0.0001408196809075751 -0.0005457988378888086
0.0008372457876675992 0.0006689698735850331
0.00040533116463915895 -0.000703688719881745
-0.0013663982354042274 -0.0005281258658557483
0.0016793011871380557 -0.0016680783730284065
-0.0007767823949963152 0.0016533975402990599
0.0021885183135171554 0.0011504557327304162
0.0007742764031172992 0.003738141745607242
-0.0015689162182982942 -0.0012233001789044083
-0.0012398679899018345 -0.0028261294019340916
0.0013047095953081969 0.0010964026687019376
-0.0027257376283967927 0.0008800219947959808
0.0010591396333604838 -0.0028243032225686283
-0.003030537590631348 0.00264877004467893
-0.0017547065536268136 0.0005726933722994824
-0.0010572071613243052 0.0003288971204838919
-0.0005908072054060602 5.394843678320284e-05
-0.0011982012671776932 0.0013767625797210684
0.0009672260491605455 3.719881132655257e-05
0.001256003753946708 -0.0021327484648692853
-0.0003324766134889593 0.0010022804792148832
-0.001249626671951376 -0.00014981851641751595
-0.002570515226370315 0.0020490407521199278
0.0001936509378097866 -0.0013192239821920983
0.00048584162306555004 0.001776902978516604
-0.0006268045957910474 0.001543490194042485
-0.0036635948994641664 0.001398951605759335
-0.0022053885132703828 0.0004835871757260821
-0.0022470098779354217 -0.001006462478546134
-0.0005808701833900514 -0.00029204499965010335
-0.0005375585447584824 5.4520264736499744e-05
0.0013329415131239765 0.0012246755186890454
-0.001473674578176361 -0.0021931839788768663
0.00297340847126724 -6.689125511452536e-05
0.000660565885822707 0.00044962204861145975
0.0014473230027022756 0.002120538134726865
-0.0005853018611276773 -0.00021427100738132633
-0.00366031061568408 0.0014420230701860431
0.0012020402871728592 -0.001208461219551912
0.0009019283266148733 0.0012376756838375388
-0.0004990816042710735 0.0014460769787958236
-0.0030388044718198024 0.0012723631553074061
-0.000841217204775995 -0.0009200417488381288
0.0021248775512580213 0.002825098445875362
-0.0014848319047312615 0.002003632000622654
-0.001355114713985815 -0.0008441818057295994
0.0015323589708066206 -0.001095218561323745
0.0017851296323760227 0.002729788019643646
0.0006769405516383962 -0.0013451361703397313
-8.004859785806583e-05 0.001070128695324445
-0.0010884873893430712 -0.0005525349324962714
0.0007347682559735041 -0.0016463483349006011
-0.0012414089699131926 0.0018134109164465663
0.0003895098522809838 -0.000909319402073516
0.0009565089236623092 -0.0006808692055426549
-0.0008626823043706393 6.43302657915566e-05
-0.0008189607264846737 -0.0011671703344902503
-0.0003343835728327931 -0.0010493225457412485
-0.0012966589981345082 0.00040652833928473054
-0.00029669859124872237 -0.00028480222330274014
0.00021510489194116378 0.0015707007976620694
0.00030143120069181024 -0.00035968692744632103
-0.00020178805814024763 -2.9753424612069553e-05
0.0012579092981332715 0.0010290850786383338
-0.00016802205024127158 -0.0005074681300266109
-0.00034076219645354537 -0.001256282435810333
0.0014061155506915532 9.976213876419898e-05
-0.000650881948894731 -5.446690314267361e-05
0.0024513892092881914 0.0008060060134325903
0.0004121303563508745 -0.0008089425568715394
-0.0007304745958585904 0.0006321280301965324
-0.003117890714059118 0.0013089277768634138
0.0027785922324990568 -0.00014576380837185598
0.0006523740044418266 -0.0015019296345613622
-0.0010874680821469868 0.0012863033018150549
-0.0011310127525560104 0.001565671841165805
-0.0007349649512066161 0.0019547383338543553
-0.0019697708811919493 0.00010563765652553972
-0.0007298838427531144 -0.00019769250132567226
-0.00010152783897196242 0.0012805953304089609
0.0013216614826312408 -0.001536522150826843
-0.001125894274551159 -0.0011008714868646066
-0.0008165325624911318 0.0030074954494953687
-0.0009538302833820408 0.0021538527671100018
-0.0005716304502871103 0.0017358122849612412
0.0026166623703819435 -0.0017939527543153835
-0.0031148547362643175 3.546287512752992e-05
-0.0007448946468564593 0.00039975477423571286
0.00038526937383498655 -0.001162143966506239
-0.00036363424646097364 -0.0001434622604072241
-0.00012504056501058772 -0.0010940886859295473
-0.0007649448682977226 9.203337267701413e-05
-0.0012741745836062795 0.0014030711873160898
-0.0015169521485555136 0.0005165768184062072
-0.0010601592529333396 -0.0015023732480883903
-0.00013964251740571012 -1.0916835852434118e-05
-0.003370552855574573 -0.0011659786596483065
-0.0019511749991092976 0.00011165955625046103
-0.0015587032936364665 -0.001122635350100607
0.0011898857700449105 -0.001979117239400837
-0.00014349436251720623 -0.00027805850296251693
-0.0008675889993353813 0.002100706779806961
0.0007639936599380142 -0.0007242044098283444
0.000762766585968287 -0.00048623769870186876
-0.0009211273580378412 -0.0017646755173371831
0.0012155802526463268 0.0020940619559007083
0.0006132057879076041 -0.00021046265345571
-0.002587880503622639 0.0009295674568598065
0.0017036102763006626 -0.001155231223419177
0.0010336425616062025 0.001397178647881401
0.0004662711940496364 0.0017670134414219099
3.387845924454599e-05 -0.002262268205317886
0.00034783740536670953 0.0006405009428143564
0.002025296102696239 -0.0010119627433091388
0.0015280667129636161 0.0008875710939316533
0.0010972725073571158 -0.0010463902818870262
-0.0019127775966587843 3.872354357838603e-05
0.0002471409118201172 -0.0015248422980059934
7.893959561165934e-05 -4.511921996257012e-05
0.0003821216224272314 0.0012871609805534918
-0.00026851930218632647 0.0014303636765928829
-6.64323350441211e-05 -0.0006947772497354566
-0.00024510693586034173 -0.00022754346953946262
0.00028120627448387144 -0.0011459002742710276
-0.0004764337532747582 0.0010025406659482721
0.0008665505529711303 -0.0007934225088592612
-0.0019332536813987898 -0.0004220759316484127
0.00021409594003218304 -9.61194277538377e-05
0.0003669005277645939 0.0004403318474368555
4.067130379744269e-05 0.0004568672832086341
-0.0002062873228080307 0.0012436022911352274
0.0005248375156649166 -0.0007930128217472845
0.0018916711369279075 0.0008337362055694558
0.00019928663554802332 -0.0003859293792204458
-0.0021040338550538844 -0.0006084509145815766
0.00014036270932985087 0.002034854442828663
0.0004443864498010421 0.002910195529656705
0.0010336146977564062 0.0019222029465358022
0.0009674149128941237 -0.0007004282899535097
-0.00029471167965528617 -0.0017094021824002978
-0.0018824636401606318 -0.0016552767803882861
0.002178733435553301 -0.0015042917843616271
0.0014991294543106072 0.0009354450283785405
-0.00020978013078248178 0.0006606226146479455
-0.0008273663123255248 -0.0006741957419174674
-0.0014927593166374964 -0.00032855459540734506
0.0014232364590439058 -9.496644662851923e-05
0.00010588203328929224 -0.0001786364182398062
-0.0003904044342692833 0.0001101884365973829
-0.002477088395600507 -0.001185919315576213
-0.0019301498409469303 0.003702691857991256
-0.0008435867431754459 -0.0031238015255207387
0.001710700510196136 -0.0013545187400146508
0.0006775145641360498 -0.0008116447300532703
-0.0007602597344147425 0.0009738294540534509
-0.0027130177322007335 0.00043436219270356555
-0.0012079361401860693 -0.00016070848711271065
-0.0015972900423509649 0.0014784269163954104
0.0019361770976456046 0.002048511494963058
0.0012671640962624974 0.002287021218090926
0.0033098314292207736 0.0012054323637257932
0.0014238955357039494 0.0009859269682667142
0.0005103167945859042 -0.0009261989004080664
0.00292917950802868 -6.422857092158735e-05
-0.003178824096911754 0.00019507849475111926
0.0017066748396146116 0.0012588714159812858
-3.430595295180415e-05 -0.002308918481434682
-0.000556083592712028 -0.0007711063289456903
-0.00038824829618872394 0.0013163884071000556
-0.00023457070630456648 -0.0010128810800710654
-0.002221130476980096 0.002647290299669648
-0.001719312810165401 -0.0013880970964145834
0.0018631474998243628 -0.0011824033591829096
-0.0003596450595496526 0.0005545748745940308
-0.0017632884249026298 0.0008287308623211222
-0.0005864793632583861 0.0009327600745053372
0.0010185929482904954 0.0016967990499240154
0.001890215254580752 0.0026016575852467437
0.0003038198499059285 0.0006123573978203271
-0.00255965069813173 -6.954752541148329e-05
0.002586010921021138 0.0001759966189219949
-0.000695345051471757 0.0007662532240368696
0.0016956344263357717 -0.0004019526583939825
0.0016350230794014787 -0.00185539304007645
0.0013701598695895101 -0.0010547090249571306
-0.0008583752254744392 0.000860901124971458
0.00025556311339166134 0.0008127445042567897
0.0007555143848802404 -0.0009687698596460325
0.0014505466125688358 -0.001013877816470078
0.0009404642468194309 -0.0003564979201605231
9.36476680951652e-05 0.0002995911105362182
0.00032866293139241574 -0.0009323696030744601
-9.635380317568387e-05 0.001317625740213553
0.0004398390577798967 -0.0008754857325406477
-0.002663137258399911 0.0007946356693833842
-0.00032683542792227274 0.003770998307393928
0.0011315377393499532 0.0004042464016902845
-0.002763245322202778 -0.0008939140110151196
0.002963447247280088 0.0018032172288162283
0.00179406544873572 -0.0013821406675236401
-0.0001603182876413079 -0.0019850282378120706
-0.0023019322786036788 0.0022419104037475573
0.0009985756049524582 0.0018851586015647425
-0.0005865570091496585 -0.0004365231472867131
0.0014068757363224472 0.002177563667758664
-0.002380589728863733 -0.0009155950542909906
-0.0006477364696742893 -0.0006134829062199924
-0.0013310873716179713 -0.0005029596101681546
0.0026164664549719174 0.00010122464229417379
-0.0026397926965367664 -0.0009407403626826801
0.0005845367590143155 -0.0012409754655576023
-0.003119769613295132 -0.0008357484947071156
-0.002565420216132942 -0.0011907756356186628
0.001710763305613932 -0.0005457853028761087
-0.001860722553718551 -0.0005476669351395647
0.00029590119123570484 -0.0008715097755980045
0.0006011546478974823 -0.0003024096426209123
0.0014139655963696846 -0.0017231420070343022
0.0015562476709263674 0.0016788729795061356
-0.0023929947356998004 0.0012368435942871272
-0.0012006542420835333 0.0015089347830343175
-0.001551760883984068 0.001194713967202869
-0.0013661413648794573 0.0009798139149114233
0.00041054295884276985 -0.0022550387408263525
-0.0008060797050978907 -0.0009561727042826023
-0.00233413645566813 0.0006861819875606626
0.0024658046677383466 -0.00021570646339087317
-0.0003551488220286883 -0.0015143003596573147
0.00019892477331929132 0.0026487552096666825
0.0007920310230627492 0.0008332892542641571
-0.0011189204713373967 -0.00026176737439514557
-0.001893823228891512 0.0022458053571129
-0.0004004227780394382 -0.0002742924677519852
0.0005950619438280862 0.0005117459070504164
0.0013169041337030992 -0.0008165552050989625
0.00032949830846519984 0.0011327718456237274
0.0010472034931088274 0.0003058152084894924
0.0010841544166031887 -0.0009528539836489546
0.0003202642315592307 0.002654432826062779
0.0021542860534440335 1.5316507713506803e-05
-0.0004074403211742995 -0.0009362397467369321
0.0012658569296557802 0.0011555873056402076
-0.0017956185134609076 -0.0003237878583802705
0.0004031583796262801 -0.0018493339385095254
-0.0007527905787714581 -0.0004776545849534668
0.0009627572088312927 -0.0005538477517038599
0.0016798006837194094 -0.0009626924246471104
0.0007418120770845932 -0.0014825406572508794
-0.001494155621161009 0.0002477770029487978
