0.00017203985186064677 0.00015970896862006466
0.00032604040037159936 0.00021771716764912137
0.004195452505172034 0.006145583916503225
0.00031389377465105363 -0.0006059869534819678
0.001999907592883004 0.0018758083275576256
0.001982114319215213 -0.001890898996099482
0.0009383443764550153 0.0006196536829074875
0.0014608137128391766 -0.0011893160179981144
0.0017717375772840717 0.0019414398580868246
0.0019871072597450433 0.0016320977931645912
0.0008957841903274522 0.0014523870697300309
-0.0016218798014273528 0.0021972042225795944
-0.0014056042465384782 -0.00013017062961342044
-0.0032231202346713794 0.0011371760249010085
-0.0005999076752542945 -0.0007446873006536907
0.0013362690961326279 -0.0015119693549556679
0.0007521531591567063 -0.0014028761522013632
0.0015462779831177066 -0.0017937813894282988
-0.0015206005948615526 -0.0017639254880449124
-0.0009926008116679934 -0.0013022915313406886
-0.0009432263784041703 0.000945924583744579
-0.0008824156646190705 0.0005673666690841039
0.003380889927257385 0.0010453024184921135
-0.0029495067898866892 -0.0010692596018262697
0.0005416237747821854 0.0011690183119589662
0.00012494504833288666 0.00040974606659495335
0.0021004506710627473 -1.602982829911972e-05
0.0010528364552952936 0.003150932401071237
-0.0008460923480822202 -0.000789409813349825
0.0027223892664851052 0.0015145614057278914
0.001425550032807862 -0.0026318316828600123
-0.0026020331368234394 -0.001384513034234793
0.0007889036817925094 -1.98438304904321e-05
-0.0006067463169140635 -0.00024402862594798661
0.0012962304838903941 -0.0005170784358472665
0.002111708244033331 -0.0006905980048002851
-0.002580714555438457 6.866726431134841e-05
-0.0004730528853004304 0.0010006524613865439
-0.00012737139980808717 -0.000901553308082643
0.0008857396730824759 -0.0009638002786673986
0.0004418036378468482 0.0014143672286852178
-0.0010161465205441196 0.0014804081424435345
-0.0023240023006290546 -0.0006436544004515294
0.0019131442970849405 -0.001022710789157892
0.0028115319118053924 -0.0001385567712208459
0.0008604281038609137 0.0002926835631526828
-0.0006247849437796401 0.002085590330233973
-0.0013343365469533348 0.0011799155383251819
0.001958917730493183 0.0007116427618799294
-0.0004323793028221519 -0.0004987558649866909
0.001315385605683614 -0.001606989449739654
-0.000658775499104375 0.0010833938993245877
-0.003587408846062901 -0.0006165295396570431
0.0012979664449621396 -0.001331770380382696
-0.0018896655715958733 -0.0006917914927358139
0.00014450662480137763 -9.194610685806277e-05
-0.0010735807260214766 -0.0025079534649282797
-0.00143152020986399 0.0004492184022829617
-0.0004518673651973149 0.0015353363956481425
0.0013487258611233359 0.00016954137208262073
-0.0004114833485039272 0.0020315618548873257
0.002265786300368949 -0.0026412963915977863
-0.0016210890730602536 0.0026910862488300972
-0.0014742550574817284 -0.001068463805509536
-0.0003746260312332458 -0.00041567366742381595
-0.0005621595005631887 0.003330964833959282
0.0027241651787459696 0.0025630575753170983
-0.00045649370339178246 0.0008175364827737448
-0.0031166882984537234 0.00019598935453154058
-0.0005118218938663118 -0.0008291227576440853
0.00011885929931376517 0.0005447368854806739
-0.003927967825997109 0.0009277957348114791
-8.818330700214016e-05 0.001407294286823913
0.003759828095325026 0.0021573813287266287
0.0022815525794998557 -0.00021592156023106135
0.002260094019485669 -0.0015786228621067085
0.0004892323796486307 -0.0008976615192949999
-0.0017895525987058937 0.00025382721634443074
0.00027266516113557125 0.0006315128700123025
-0.0008220375020506333 0.0011404239437523193
0.000331182800597834 0.001711665286170343
-0.003203522156908243 -0.0026867351766100365
-0.001714116889566113 -0.0009152888344576722
0.00335494524337815 0.0004294501451038837
-0.0002478619221105783 0.0007451129282774031
-0.0005234516093371679 0.00021261672263761834
0.0012279257854590252 -0.00058123352818856
0.0006218856334927428 -0.0011358797395118888
0.0002242887037211469 0.0018732316792497313
7.333129896929277e-05 0.001572286371116656
0.0004024893850337158 -0.003137889545436236
0.0004574611835163068 -0.000493478256980402
-0.003217879426863174 -0.001265079873026557
-0.00012108100855762417 -0.0021985957896020923
-0.0015024343016916822 0.0005571760875307964
0.0009527434909389816 -0.0011027387648869361
-0.0017838129897640286 0.00026942744491289774
0.0019843765237681182 0.0005214224680485124
-0.0019160633238639569 -0.0008101489210159551
-0.00016442257027051175 -0.0016377210655239872
-0.003425193942213167 0.0018101345929392718
0.000250750754714547 0.00027103815951947324
0.0005628518379269115 0.0005912535640830428
0.002718260388995698 0.0013156980118185948
-0.0020763203379588827 -0.003301202870933069
4.852946085819507e-05 0.0008400432596200282
-0.0012825358553865377 -0.0024273100945450404
0.0014347927442139585 -0.0007862696809942381
-0.0010502564183855667 0.0011381061789788058
0.0005898897517302567 0.0012292632262263753
-0.0019074716309442484 0.0008383179234503978
-6.338109214331633e-05 -0.0005436091429275251
0.001675501579982979 -0.002092882921652006
-0.0006505099891461111 0.00048683202752976474
0.0007789971592488194 -0.0003565006941832953
0.0014249810552060239 0.001522275681365246
0.0012982540639298532 -0.000925670479817221
-3.837333951021338e-05 0.002236141191992939
0.0006071904905225378 -0.0006509009578151458
0.0010131977520679131 0.0009092016807186028
-0.0004442869206300783 -0.0007754237059577531
-0.0004000985592931748 -6.684858799413383e-06
-0.0002472694511507928 -0.00015999894234856415
-0.00014047636999520535 -0.0007314348431644919
0.0006620486422888112 -0.0013214802040006953
0.0030642138704768535 -0.00042283211969936207
0.00027603460671192406 0.0007366014288537903
0.0009503648866291218 0.0008046181942067951
-0.0006924385407934562 -0.0011095605787799746
-0.0005874594395457763 7.732168353460737e-05
0.0022041592226695384 -1.992053588045579e-05
0.00040035962800910726 0.002166334205438486
0.0016862725386257878 0.0011171233967480244
0.0015844250471582296 0.001974842069875079
-0.0016166079678124655 0.00160116077342434
-0.001160464082344844 0.0005186430786720159
-0.0002536652476414388 -0.0005205268232564181
0.0010184023126489719 -0.001010217475255571
0.0004914161333664996 0.0005703267626096306
0.0011804543116289115 0.00021871045597778211
0.0006738586895160113 0.0005656750628502513
-0.0017525688244632127 0.0004977697514440752
0.0007955726097123481 -2.6178664694993788e-05
-2.2122054399522043e-05 -0.0005074339972303592
-0.0013034434963766371 0.00038381725386645835
-0.0011294980698352767 4.770372143432623e-05
-0.0014340330997716804 -0.00041468420508390555
0.001235955297143379 0.0012433330838677655
-0.0009427030373617819 -0.0008366194720546245
0.0003976317422700893 0.0008669093012699152
0.002736358595196601 -0.0011956286898826328
-0.0011633418644531619 -0.001039872651487725
-0.00011198383630082095 -0.00012616464652549415
0.00297608348056162 -0.0008470595405001194
0.00025954634915376854 -0.0009091970751843286
-0.0014742901263340748 0.0011315602308634995
-4.4007538688950496e-05 -0.0002206172908205211
0.0003964777443050248 0.0004174205488848079
-0.00022222086078463543 -0.0004912590879639292
-0.0013121873838905413 -0.000550084595195748
-0.0012670450930711281 0.00037971825111284045
-0.00017956719358380458 -0.0026158883386952943
3.256373228036953e-05 1.3046607056169545e-05
0.0023588907537617962 -0.0013115755907741155
0.0010162553471335526 0.0005134636084313085
0.00029321817513318387 0.0016271087998192975
0.000445290914370733 0.00029286640789658616
0.002981361539296014 0.0011520885232438954
-0.002209831693848564 0.0002922048835227488
0.0006248267615131437 0.0007729653780888365
-0.0029691353691083714 -0.000246090848587884
-0.00013340430299110074 0.0010925014465388379
-0.003651061844758911 0.00038442799447113983
-7.312093068161406e-05 -0.0016185727069847036
-4.486531565227941e-05 -0.002186996911208327
-0.0018504087235413245 -0.0007035633159573923
0.0002706512289888328 -0.0013840064942200632
0.0012726527381334844 -0.0014031219407033208
0.00030076984728997136 -0.00036778923839574817
-0.00032455274388134544 -4.391079125447396e-05
-6.870215457624797e-05 -0.0007311338833798109
0.00014442124862261408 0.0004244967413511843
-0.0006622532112933496 -0.0002140542013642069
-0.0007418007463280655 0.0001827961003035425
-0.0018306592363734452 -0.00117048174607383
-0.00027013744807528233 -0.0028762838586808433
-0.0016776861311873321 -0.0005011430828217432
0.001022596191834267 0.000386683613486123
0.0010178428092583536 -0.0007214180840309786
-0.0017319386827819238 0.0005397038383871211
0.0005942331394726542 -0.00011836765839861236
-0.000984595919272326 -0.000728278313583409
0.0010203524490108623 0.0013708815816231856
-0.0016499409149373118 0.0018605222171073723
-0.0021274081621592547 -0.0009645689511773763
0.0003834276289576547 0.00030065660859831015
-8.359086103496944e-05 0.0006379397707616621
0.002738128218690941 0.0004715930601946924
-0.00039674259208343047 -0.0005304906483909603
0.0009881047249049777 -0.0006845003675730755
0.000849453828975942 -9.932049698746544e-05
0.0006314280000011902 -0.00038011814596718456
0.0003278972184976226 -0.00022654565227664864
-1.6218884480295746e-05 -0.002479992026082277
4.31346227846531e-05 -0.0012927479902178174
-0.0013277406543117617 0.000655541843859507
-0.0004721594985386188 -0.0022395998243898404
0.0007303040202170639 -0.0009094480352312673
-4.906766212254259e-05 -0.0011945615080444876
0.0018732186278888614 -0.0010885387043382095
0.001398753370896939 -0.0003134066209711518
0.0009346230982559417 -0.001939564411039659
-8.730540768581953e-05 0.00016927506067125275
0.0017598986574391068 -0.0004324268586910427
-0.0004106499774387684 -0.0010040075947129125
0.0018219165028107549 -0.002068199213906047
-0.0016954619360937677 -0.00021298866994067702
-0.00015311824585783558 -0.0006308656443754197
0.0008540692370653653 -0.00018831318718215116
-4.5852561264724144e-05 -0.000873877443228053
-8.681557622676686e-05 5.9905484539259645e-06
5.707904575523593e-06 0.0019403348396632176
-0.0013854278760329199 -0.0020247633628215672
-5.245456391506851e-06 -0.0003186151323534851
-0.0008953173039936282 0.0019342974871571492
-0.00195864287626968 -0.00017830532319617934
0.00031566565770313275 -0.0016149833558244222
0.000631113334545125 -0.001557890210056584
-0.001983654926089489 0.0002995161383047047
0.0004558757004250845 0.00011391567906542571
0.002670045515089057 -0.0008034317830857282
-0.0009959669227196449 -0.0004142180346672249
-0.002313202179470532 -1.775917968495136e-05
0.0018186182488192425 -0.00016532189852685506
-0.0007924251932815563 0.002899113976319762
-0.000977168695304089 -0.000418298070196107
0.0008530469160746649 0.0036345869258669313
-0.002644388405635885 0.0015585350599086258
8.556672594406811e-05 -0.002292239562296999
-0.0005829706508793104 -0.0020514771113342226
0.0002036989454439376 -0.00030943566600372975
-0.001799089737788611 0.00018597100486056228
-0.002878677294108605 -0.0007648253198031897
-0.001276900245574016 0.0010918188862202797
0.0007438548331678204 0.0007454681628809122
-0.0005695076820185282 -0.0008313141002518098
-0.0002978170177425003 0.0014501875054532657
-0.0010047158364996968 -8.777049255604099e-05
0.0004765376564963024 0.00023860940133275938
0.00037162783982331985 0.001399744447844795
-0.0008512089608220315 -0.00042573968888821547
-0.000707041224815067 0.0003300357959168493
0.000485264953134381 -0.0014145175516142821
-0.00017647299940852892 -0.0018995103351648651
-0.0014502016204738196 0.0033228209711987705
0.0014200704553008366 0.0005789069145238409
-9.119341192517002e-05 0.0008258409616863366
-0.0008188200082312727 -0.0005060506958897961
-0.0024914648415241786 5.650514739702006e-05
-0.0004060885309577659 0.00039200235690206836
0.0008599603245528366 -0.0028247633566855852
1.4521520531574633e-05 0.0008498373705150255
0.00023751125260888174 -0.00012916103965519043
-0.0013969895208553462 0.0005866350022483434
0.001365547511229497 -0.0015322959444674363
0.0012746283728083225 0.0014241463472515407
-0.0008213061426351019 -0.0004131642574288686
-0.00026913909396299147 0.001393947816830966
-0.0009431403576952894 0.0020854006435314684
0.0023173180360169508 0.000915780556658739
-0.000846850978925063 -0.0010857790801432163
0.0009715290666521152 0.0006566055590923779
0.00021238673732317578 -0.00048462585197037785
0.0009043400471863058 0.0015782792328468988
0.0009110132428583631 0.0014541121731697442
0.00015101250977982088 -0.0018096277966804894
0.0009998200034474747 0.0018448671943053713
0.0019491195402986106 0.001839465952434301
7.746394454224853e-05 0.00031383839948050443
-0.00040655159435964164 6.430298022979076e-05
-0.0018420666049728184 -0.0013656372507889162
0.0019886563881035225 0.0014778984854762359
0.00046596146703534457 -0.0007732573627415721
-0.0006077017804241523 -0.0001260022916914668
-0.001706624002116129 -0.0013802699513811786
0.0019442335917353934 -0.0003428229973289263
-0.0005309242184839591 -0.003801261963093919
0.00019505653514404075 -0.0003684191460265807
-0.0010517072693214404 0.00016762581353309573
0.0019488884410396384 0.00023544816046912342
0.0002734184553591182 -0.0009156876789163753
-0.0013985093230825239 7.722622850574385e-05
0.0010860107517598589 0.0011700734085123648
-0.0027146331518867134 0.0009971966550962853
0.0001687049154006469 -0.0012746014210595063
0.00044661812222027836 -0.0001834639675371946
-0.0006700694832185647 -0.0020533569886354184
-0.0012142395227231547 0.0002700835233238786
0.00032561530103318603 0.0010049712763410352
-0.0011673089093267002 9.648943440021391e-05
0.0012902935721457987 -0.0020259017992236283
-0.0006813059510924218 0.0019211380182013022
-0.0012162671287260934 -0.0006457207381679932
