0.00012839694071763334 0.00029923475209236533
0.00021212170991122885 0.00024880620442878517
0.0028627069510041795 0.0040661987087839795
0.0015841453630413135 0.002249606437150632
-0.0008706774974844877 0.0008770025335843248
-0.0010530544468001406 0.0004575237283630362
-0.0005572075551609968 0.0012538208601968848
0.000750674070319608 -0.0005546334647490904
-0.0013445955987380841 0.003030065171645505
-0.00048391483950487984 -0.0012482953648941092
0.0005177189707079636 -0.0012026333648124286
0.002522678164192762 0.0015656994271309134
-3.1780807698870146e-05 0.0022321987111980335
-0.0028305401084304607 -0.00161138715219515
0.0012760542315503086 -0.0021543057944485963
-0.0034368168941317505 -0.0005139883030287331
0.003471245300371799 0.0005608817249856684
-0.003055695282148759 -0.0005193224474761061
-0.0007084436976285204 0.002272537968437602
-0.00017244006013903375 -0.0003860915355793969
0.0022134193783960674 0.00017150136669869014
-0.00039310731792692 -2.3430444500387314e-06
0.001798894024007468 -0.0015478153471274046
0.000887362522321136 -0.0037487358308516427
-0.0020307159514845255 0.0019984051114898546
0.0008415722755588364 0.003995227404992994
-0.002651333531247202 0.00037847927516462506
-0.00048196941449662713 0.0013549551257551365
-0.0004133064879188363 -0.002038965402023353
0.0007255717754175679 -0.0014918094656704585
-0.0005857029742056225 0.003496173700008823
0.003117936310424239 -0.00025423214013618636
9.801985930898702e-05 0.0009213156639594862
0.0006961271478723116 0.00018170473250468476
-0.0011563168190515177 0.001356114206624189
-0.001295925488172846 -0.0004926624085339908
-0.002620760336759149 -0.0019530586591512851
-0.0006524364765101754 0.003995663048876468
-0.0013001681998113031 0.00037884102260846175
-0.0008008690106859908 0.00035639329984182307
-0.0025976525278909065 0.0011853102690618843
8.655953975151552e-05 -0.0011881462764346679
-0.0011577499648508824 -0.0001944139423525072
0.000363926944967576 -0.0014291443218353162
-0.001288152186620717 -0.0006876096242785119
0.0017534432602613645 -0.0015904190189755401
-0.0009604367967465299 -0.002001053996859405
0.00038969878063819017 -0.0010217639931315004
-0.0004545416300368295 -0.0021140351172043424
0.0011216834388540577 0.001170995184273149
0.0017716733112556717 -7.717159769179433e-05
-0.0014840665478071805 -0.0017071898555554
0.001370685450838584 0.0001041057807044933
-0.0015046750436892506 0.0005867213846124127
0.0018409231075077334 -0.002523344602583653
-0.003644488178618532 0.0011977603587508268
-0.001710867951008423 -0.0020275782944201926
-2.2595290258359214e-05 -0.000984734877844706
-0.0017276945319296478 0.001398105433639845
-0.0029950862180303343 -0.0016337835310448127
-0.0024454090763779057 -0.0027137438812366043
9.807215647143343e-05 0.0017925386200076025
0.0008883546523198317 -0.00014560485202442098
-0.001816195139664775 0.0025990242564741545
0.000416104231174116 -0.00021822047107225654
-0.00046256601948751504 0.0012360822347931805
-0.002075750610308208 -0.0016443693281368308
-0.0015014618926524309 0.0017611323168009192
-0.0009319167498753712 1.1337562621491354e-05
-0.0021896816252933303 0.0003835886970762146
-0.0006194785077347634 0.00042560017045127743
-0.001628977995993991 0.001010667844936273
-0.0007753693859800782 0.0008418041772719025
-4.128165653209061e-05 -0.001061299103186705
0.0052455713903749365 -0.0013579334896354379
-0.004511623911932215 0.002540486864133173
-0.0009278206550417616 0.0004566281092066061
-0.0009919947915630904 -0.00044513280305068513
0.002223137078985465 0.0009120574058223002
-0.0001554518648969446 -0.0019448437035194913
-0.0008073090522408501 -0.001072408005858763
0.002029284939664282 -0.0003320830247623104
0.0009276593879842126 0.0016666576005438766
-0.0033935810610012337 0.0002028267323647842
-0.0003050401810254889 -0.0014481087537940134
0.00027407969210699806 0.0031684134383788793
0.0013315894125141491 0.001047923757502977
-0.0008811940584541911 0.0001213447420421414
-0.0008141062211251588 0.0008267943503600754
-0.0014370225473075112 0.0012245524765383806
-0.0010180870361450177 -0.002061262424705694
-0.0008468207119301376 0.0023436828961728388
-0.0020500219009012394 -0.0010232850874255794
-0.002759139709468941 -0.001509012666055084
-0.00033736076347356885 -0.0007002315568278145
-0.0012748625173234938 0.002667545925582013
-0.00048740681810667416 -0.0009572442615448158
-0.00023134187336731885 0.0028701662255065036
0.0013794494544662602 -0.0007631197761725871
-0.000740099473243928 0.0005892280078941384
-0.004115665990810535 0.0017048517430282638
-0.001405734670010227 -0.0013525335674119251
-0.00238538518832459 0.0007534555300258
9.153235832870488e-06 0.0001411177209992971
0.001105519111307974 -0.0009682003978164731
-0.0014198901397094916 0.0007391951636872563
0.0012265007327743249 -0.0006040075330399542
-0.0009699483535483117 -9.768464292503261e-05
0.0010647031553348946 0.0017171344512466231
0.00036646354812923013 0.0007188760722030396
-0.000285261635631276 -0.00014473094309721768
0.0004081969378966549 -0.000923103917658168
0.0005688668438391094 0.0015020490141321086
0.0006181795716861567 0.0007250183308177698
0.0011100335585047618 -0.0016846052329467125
0.0019474615002346562 -0.0014676848941554597
-0.0014306841665695656 0.0011581589026033916
0.0007115106719085402 0.0006503854496876375
0.0004656183692655238 0.0010889259619067245
-0.0007791568446245647 -0.0003143731962740489
-0.0009302265416830282 0.0002668142967931476
-0.0006478239322939859 -0.0007890352012675663
0.0010783614428261708 0.004134905591252986
-0.0014473247139227688 0.0013804032827615367
0.00042159157470154365 -0.0022630373682770632
5.119758066806016e-06 -0.0008879454240710326
-0.00017570243117604408 -0.001445034324161889
0.0008434062845182305 -0.0014167006164140421
0.0009150335049633949 -0.0013442449414056397
0.0005982866882681852 -0.0013726238381656319
0.0006716977273272833 0.00020460564696239534
0.00020113447243496257 0.0001490630911186652
0.001613316001976285 -0.0006131153710122976
-0.002393111146433127 0.00034598927494199327
-0.0023571804537069474 0.00020759210949538996
0.0005800336647345803 0.002025259207369324
-0.0004986426224905984 0.0013923829920071528
-8.113959672708587e-05 -0.000623313188258913
-0.0012981873782989188 0.0007906976901134187
0.00033128740585645916 0.0007614517815835002
0.0007129477695813173 -6.15274424593387e-05
0.00039098183668177203 0.0009418751951077392
-0.001516796520776446 0.0018306375322578476
0.00026809781724433505 -0.0022531305684040095
-0.0027660320443011932 -0.00043561403008212914
0.0004813975856178918 -0.002104906574755314
0.001166998572846598 -6.99833096426152e-05
0.0008639554875295145 -3.957411721728954e-07
0.0007286584640531297 -0.0006792480551270298
0.00033086380381086784 -0.0013990766502018064
-0.00041432936099496494 0.0006743418531521946
-0.001957785082487652 0.002230917193061693
-0.0005640227328445108 0.0020987868511495237
0.0005603769624183271 -0.00030664170503820763
3.9836965491782067e-05 5.000029586599853e-05
0.0002161513244733093 0.0014031889715932935
-0.0012670182259181047 -0.001690794106156922
8.265667071786976e-05 -0.0013821642133780671
0.0010408617873140724 0.0003368135865381414
0.0005208517706679495 -0.002789350848708509
0.0014346698090760245 -0.00107278437453095
0.0011525430047876737 0.0009371753206605035
0.0003653865501651655 0.00011924638431245448
-0.0009795952417713592 -0.0019202538264972784
-0.0005219018711636449 0.0004513759354215215
0.002196186722846676 -4.1850492473884156e-05
-0.0006770849055985333 0.0005925048288514701
-0.0007621768718451371 -0.0005545628690091485
-0.00041642640447955815 0.0016108385895117995
-0.0027969111394570553 0.0025182592097525397
-0.0006561784070399716 0.0009374914989111484
-0.00014425127355779412 -0.0008012596203429746
0.001210694080624439 0.0013267057607645133
-0.0011147990047263375 -0.00017154629491346291
0.0021768166222967894 -0.002553083572882189
0.0021685892227038634 -0.0009356013536645765
0.0008435510850339016 -7.691319461602711e-05
0.00017998550713166464 0.0010545309576702152
-0.0005035694350495169 -0.000937740276245115
-3.785415662225273e-06 -0.00048019048875830056
0.0011528497302525254 -0.00013605566851918212
0.0013837777595114495 -0.0016503039773090292
0.0008526237266652298 -0.0008560471822908556
0.0002130044534451591 0.001092483745875415
-0.001979493215954378 -0.00017972438622763142
-0.0015824547590866478 0.000640530855661561
0.0004113108370342713 -0.0009241905149856399
-0.0014829386547522733 0.000227893662283764
0.00010179487248914049 0.0006737548062547887
-0.0004665588475452409 0.0014627887703737522
-0.0004597927389295425 -0.00010048116130153635
-0.0009387999741846221 -0.00045223032991194886
0.0005624479997474893 0.0012778150442197492
0.00016597421294533028 -0.0006817627905708088
0.00043058175612424295 -0.00041018802577417015
-0.0007035105984474984 0.0005834298598544783
-9.978730112251832e-05 0.00026565595242542965
0.00034051589258279896 0.0011145877647043031
-0.0010746993771323108 -7.663586781785335e-05
0.0017272602534320197 -0.0010514083983882217
-0.0008876431818010519 -0.0009627904571528951
0.0007955533223801706 -0.002057699063346571
-0.0006667668688454719 0.0007600442784437138
0.0008306674700115491 0.0023706744128401663
0.0017958854417435555 0.001009080304154317
0.0008542671114764668 -0.0021550046831552002
-0.0005606360247334352 -0.00014634442749237057
-0.0010199476115223408 -0.001656855241579126
-0.0007205972415918057 -7.266635441180872e-05
-0.002358668775919714 -0.0020453649597695646
0.0011770391926551535 0.0029976575908111946
0.0007904004192907654 0.0007913582542017287
-0.00019844827851104544 0.0010718008023607897
-0.001629311962811313 -0.0005948702658137224
-0.0016604984741451928 -0.0008543260051407981
0.0018102631678010635 -0.0025899005287683434
0.002040924526942831 0.000708544626883296
0.0003793905905351673 0.001048210520046517
0.0006374546330049876 -0.0034989646515426924
-0.0004805055674691611 -0.0015859312456087806
-0.00025544743362339794 0.001639331833927857
0.0010716059921731234 0.0020940258889820995
0.00043706915493834134 -9.07167511615396e-05
0.000846197046937988 -0.0008472884260962438
0.0009731701480973087 0.0019389744162824432
0.0026679627140166044 0.0028404578342022587
-0.0002904467590657932 0.00028581472428060723
-0.0032884518113193858 -0.002366006899750655
0.0004987955993658411 0.0026036330793634027
-0.00012616512280613776 -0.00047722225076735807
0.0011468766150425523 0.0018945149623422752
-0.0015259982994308553 4.552907028733099e-05
0.0005185736315980678 0.00010938100749191018
0.00032975020042401275 0.0002707166692135296
-0.00176169542404806 0.0007601716908634116
-0.0003637754427731582 -0.0033701214086861216
-0.0006504802000190378 -0.0012516270864820745
-0.0002745873090276585 0.00181889655188001
4.9675738418853964e-05 -0.0006215942610961095
0.0009506578066815751 -0.0005067904403046368
-0.0007793132917966054 0.0013268850397939482
-0.00012769430876896447 0.00037253242723253685
0.0007870016356622613 0.0011084502962493705
0.0025501864793932277 -0.0002844926708961241
0.0007090676034765764 -0.0013477806575047805
0.00029609888706231586 0.001046475365588786
-0.0011730227996450562 -0.000758063184452366
0.0008873035996718389 0.00026347691182577673
0.001084143966062021 0.0006551391720692862
-2.2740876435611832e-05 -0.0010158474494057943
-0.0010509534489768066 -6.257711742474154e-05
0.0008644198474142154 0.00016451398549900247
-0.0020023081522151658 0.0018881466192438292
0.001105150900056262 0.0006400655947593675
-3.6599675028888926e-05 0.0005114860672630383
0.002626950632629963 0.0022201126871458205
0.0016792835007150794 -0.0013531247940462118
0.0016277335298687152 -0.00015577700102135779
0.0018117212742177716 -0.00046819426771104437
9.69798430503296e-05 -0.000541947934046373
-0.0017623507104069236 -0.0009657091542975127
0.00032433934893595596 -0.0012010510899037095
-0.0003143630920975152 -0.0009341959707756614
0.0006197008382146166 -0.0012790819938209867
-0.0010191643268373603 0.0003535262213176245
0.0008620469129975375 -0.0003732627818166179
-0.0009065054083679415 -0.0015259964068731412
-0.0038353019516794025 -0.0007570369381586276
-0.0010026882057175696 -0.00013467403941637817
0.0031017589140318173 0.0016315120354374081
-0.001742990672270868 -0.0018077358604921994
-0.0002852747349978307 0.0002181267987417854
0.0007810122261651721 -0.0008196613108840619
-0.001065762079029931 -0.00029336549221369306
0.00032026725348497265 -0.0015760395023689145
-0.00027649197962591556 -0.00047055608001625486
0.0005934801934714687 -0.0017491273464209692
0.000520403507381286 0.0002849667122409379
0.0013358008456251145 -0.000731942591765239
-0.002774610094657112 0.001367066085352255
0.000309552869392657 0.0002930138099794425
0.0005714472991129641 0.0012466969782679782
0.0012107738098409908 0.0026567958338373156
-0.0029394537073871 -0.00013162491882935575
-0.0004051331932165148 0.0021033609734329786
0.0002780049469629459 -0.0004845066730000782
0.0012408671653031831 -0.001132922568087439
0.00036910918446974206 4.421949375664999e-05
0.00012477607842199833 -0.0007131871485992853
0.00016925238359199535 0.002534042479496051
-0.0006651637464406314 -0.00104136718064545
-0.001194744612870338 -0.0030649934669916114
0.0024163774155951897 -0.0006491642936841014
-0.0016599806312794525 -0.0015105386034879906
0.0012045296455181732 -0.0014072495081834514
0.0012026473710818662 0.0014607617647332575
0.0018155020910532733 -0.001838079964523905
-0.0027972118437861473 2.643706425081691e-05
-0.001699532770890516 -0.0021531201860795573
-0.0003123570755814876 0.0014280452514326507
0.00016946862312391985 0.0018534434930910166
-0.0023678468770503658 -0.0008009057264448678
-0.0009298542733916384 0.0006015251369799161
