5.918774477402834e-05 0.0001733972375045859
0.0002154342523949065 0.00033838578024901386
0.004104089391714294 0.0030502796634065796
-0.0004947884976364181 0.0005701838048934124
-6.103321612845419e-05 0.0005940701837435165
-0.0002885979993939554 0.001238114163840262
-7.247454686209299e-05 0.00044228804451258827
-0.0005894643184577959 0.0003920055413523465
-0.0010946588836209363 0.0007900315498164808
0.0003772497590887667 -0.0007272059534069992
0.00036270115303372333 -0.0021323254165350972
9.875322827657708e-05 -0.0014600712077376334
-0.0009977602313229951 -8.38659170449066e-05
0.0007685973026564608 -0.0013883938752243632
0.0023871957530914065 0.0004016583659077045
-0.0014509471775991933 -0.0010040012234248386
0.00025187612559668984 1.5066450428826239e-05
0.0005049506958695286 0.0010650696597646577
-0.0008928772881350294 0.0010959706922805414
-8.728647340691316e-05 -0.0006784878338493563
-0.0012558858449238464 -0.0021287842997645173
-0.002084304185500024 0.0010094849415523913
0.00029954306728239346 -0.0014094855298081815
-0.00371986926119829 -0.0008800710092339572
0.0004134225302129572 -0.0026045821194006264
0.0010243056792561486 0.002297919658954003
-0.0008649730597075772 -0.0022119186718606624
0.0006985278510101409 -0.002498558997859557
-0.0001932319619098624 -0.0006966968356109345
-0.00027944053989083017 0.001742236873733861
3.3167488911353334e-05 -0.0001365285389165302
-0.002394007891668076 -0.0006603088059161185
-0.0016635501418690716 8.095839004971322e-05
-0.0009324161027780626 0.0004783173271591034
0.000317583264647277 0.0004197556330376879
0.0022131553753128074 0.00015478973591684063
0.0013287780020063724 0.0023277723654362356
0.0012477042876136862 0.0024328109097535994
-0.0014193003501100758 -0.003712125887467254
0.0006595695466111391 -0.0012776157645824995
-0.00040080999269887516 -0.000411738283551548
-0.0005176385859069186 0.0010474037457435267
0.0013199224657620627 0.0012129375587365313
0.0008176988946741507 0.0018800816481558064
0.0007962785724644354 0.0009270488587819055
-0.001956158697491273 0.000803120217643884
-0.0005883803624059996 0.00045076659213873996
0.0016510123801956166 -0.0009258268758800774
0.0003565053009197867 -0.0007516317323211092
-0.0014801751710189202 -0.0005283515291757497
-0.0007065332685463277 0.0003403983508514265
-0.0005168560159030158 -0.00039420639293723237
-0.0004986898126256443 -0.0006359085755309495
0.00019596483802130634 0.00046182962281100267
-0.0017487287583520515 -0.0006184332075484237
0.001036722558506419 -0.00030358656635892813
-3.788335910810249e-06 -0.0009666960428498658
-0.000421631901847902 0.001036509995879627
-0.002091112653018983 8.336131222859708e-05
1.4759621917706768e-05 -0.0005507272234045414
-0.0005558954531292529 0.001579574909635667
-0.0006191548360207068 0.0011855330524669868
0.002615423835271391 -0.0006952910329401739
-0.00011357906581886238 0.00023355143635672118
0.0006879420097978494 -0.0007105914313224747
-0.00044187075444949834 8.825162748836439e-05
0.0003760154649016683 -0.0007017244797285693
0.0007364746535537555 0.0021699051617314036
0.0027303035597316927 -0.0008014741819135212
0.002097891559606943 4.126285050127371e-05
-0.0008770466456859195 0.0021497229043279855
-3.999201353027791e-05 0.0010806605382293532
-6.436462506467722e-05 -0.0008049312278413992
0.00013521580278194625 0.002010578691324512
0.0021394444609578096 0.002412053648347458
0.001407110985830977 -0.002357671533189073
0.0006625554579993191 0.00021044847002425407
-0.002033451917464264 0.0008880908423144253
-0.0025612988697048577 0.0009129978752874791
-0.001560410213861392 -0.0020842569460374567
-7.570976919922836e-05 0.001562397300885347
0.006357326445312795 -0.0003047683509163041
-0.0021766778081227537 -0.002270405132052631
-0.000707174644954402 0.0018353592670320418
-0.0010407410367445137 -0.00027967353670387663
-0.0005610679101145043 -0.0014188997522848817
0.0004099918296702297 -0.0013710909792417777
0.0017230217109444222 0.0019012732709968018
-0.0022370534500784833 0.00013562319246439804
-0.001648679501409697 -0.0009474247994007746
0.001646045341774334 -0.0010541596877939583
0.00044852501410999775 0.0018209249789734778
0.000704596489733758 -0.00013507300284689068
0.0014397596315646167 -0.0016291348697809313
0.0020366882553571964 -0.0017373009839223236
0.00037800326891668365 0.002065839223240715
-0.0030495972280018325 -0.000966745558804049
-0.0029791502254175443 0.001217356152047371
0.0008452650752112356 -0.000591435086065657
-0.0011195241179300611 0.003557651555986045
0.0034431361399001104 0.001409160806602785
-0.0017332913882261605 -0.003721862854555581
0.00037830994143525735 -0.0005918443397714501
-0.000631204667295483 -0.0011348692998962137
-0.0014634760514734594 -0.002207144804933127
-0.0003580427984702119 0.0010920924286280803
-0.0007186896738174203 0.001265588976318337
-0.001902603510696225 0.0027341992454183537
0.0015069134865677125 -0.00029866052802576945
-0.0006303688632562087 0.0019090885246243888
0.0006882842971698346 -0.0014042961727419546
0.00032500457352091185 0.0015411857704938363
-0.0005958533132146681 -0.0003130925487590493
0.0018745735794108193 -0.0003484340442672943
0.0018570095696889488 -0.0006541104429751626
-0.0009966852755556995 -0.0006003941588549639
0.0016043704046865561 -0.0008494950040469981
0.0002794423919300427 -0.0017278453858302302
1.9518495795865126e-05 -0.0003221777597448958
0.0008847281226983078 -0.0007031499643317721
0.0007067551928482566 -0.0003129432977621786
-0.0004888074089699828 -0.0020122831331923713
-0.00014042388458369238 0.0012323444656355369
5.241743928111421e-05 0.00026770767727696195
0.002006405344064176 -0.00010477163774578811
-0.0010831389502664098 0.0018827279268944425
-0.002632200873793037 0.0005251346787040218
-0.00173976126283862 0.00035510578250703685
0.00037887894187240887 -0.001539602676805483
0.0008651419245754588 0.00048032210236948435
-0.0013601718720856009 0.0004351473783251372
0.002476195060244548 -0.0019493135164786732
-0.0015067262445865998 -0.0001338519078796876
-0.0021579367871373675 -0.0029369265949529553
0.00027647124744744814 -0.0021391462805999692
-0.0004875903790265283 0.001091673630639952
0.0010977342347391723 -0.0024701234326294486
-0.0015015195121857255 0.0015022238184123902
-0.0004633519940311793 -0.0007554065096228618
0.0002663868952601648 0.0009648307509855671
0.0011984919006311 0.00023056014287735772
-0.0003198029280752777 0.00014173039059711692
-0.0003248720915995195 -0.0006783439438591152
-0.0007520869446044476 -0.0028550122004493686
-0.001596175156020253 -0.00016709714912107893
0.0014412418542434097 0.0008642209497574057
-0.0018956322177973992 0.0006042973235153005
-0.0018220130324212286 0.0007781607670066903
0.001609636840692063 0.000467426695750694
0.0009139668695410724 -0.0003873962178953623
-0.0003843897907214354 0.0003559413498334086
0.0007911339679540618 0.0003332255690670922
0.0016006662290318553 -0.0001502898318799491
1.1205425155775677e-05 -0.00033405418248367186
0.00041451030412558766 0.0015304112111741183
-0.0010135300271140227 -0.001394237330417563
-0.001444119394834574 8.297560089127365e-05
0.0003922124182368513 -0.0027268350281091434
-0.0035855330484521187 -0.0026261645327230083
-0.0008363329173998613 0.00013414627449384443
-0.0011207141800764983 0.0008342556940777278
0.00018689493854424214 -0.0012050514718178874
0.0006516328251976977 0.0013028501315505388
0.001967976555624775 -0.0016329490392089428
-0.0013138471569751806 0.00042869316434451007
0.0010681689785109788 0.00013010708482682064
-0.00026068281904919347 -0.0011341485261140492
-0.0023344642229669796 0.0018063893738876251
-0.0003137107521970871 -0.00147977848347302
-0.0019042100421899036 -0.0009140939887110495
-0.0013835788635862343 -0.0018253923180463984
0.00014291749856255512 0.0012864813947081669
-0.0013956900105448328 -0.0002475316676486046
2.362684403863694e-05 -1.8898535025786303e-05
0.002013160146792632 -0.00014368664590769383
0.0007106987707614368 -0.0028254172700034877
0.0010039920112255912 -0.002127990392916642
0.0012071830042399048 0.00023725034182859036
0.002433431753621456 -0.00036951439477836596
0.0004174465774842725 -0.000343858039382276
-0.001329922400697678 -0.0007629362065588816
0.0008687614638570582 -0.0009932442439695038
-0.0005803579501172446 -0.00020007610864066617
-0.0007780584471290808 0.00021522863204163543
0.0006641890828285121 0.0005659132506594
-0.0016600478843717902 0.00039985016615906924
-0.000671917116856852 -0.001991059618870285
-0.0006613088730159273 4.016139867239759e-05
0.0008067831908521705 -0.0010128825944088588
-0.0012100519779782927 -0.0015450527808759233
-0.0019363008516139427 0.00010135663384858253
-0.0006272275994636894 0.000902702885388408
0.002345782419906048 0.0009881677929481035
0.0014674959464679462 0.00045316609736108975
-0.002779546297691416 0.0018293980682942542
-0.0022485322484302106 0.001564783219406703
0.0015650333807541187 -0.001079329613553181
-0.0001675048329075153 0.001036901249968177
-0.0004396155381946447 0.0002920529517181668
-4.0400970450479734e-05 -0.00407015451364735
-0.0023679593507721416 -0.0022869512448741632
0.0004947737902485731 0.002226363653383856
-0.001218951973271108 -0.000978596647929762
0.0015030134457857188 -0.0019529438959572016
0.00132078644820835 0.0020850432176195304
0.003823451042379432 0.00018591737189649826
-8.128760299847335e-05 -0.00317050072697634
9.94209005196264e-05 0.00043610359094647564
-0.0014954770334884822 -0.002205235954488289
0.0002570805352169026 -0.0011919135094546592
0.0004731745721066237 0.0006948144449617358
-0.002067895206294383 0.00280230884516314
-0.00015370905275250874 0.0014509271907309227
0.0006996714878432689 0.00037575060858087694
-0.0021499288505753976 0.00042040369043969676
0.00249006150864674 -0.00029452911730300013
0.0003184025108287983 -0.00011153288600772249
0.00037360671313705366 -0.0015908687013753387
-0.0002554729066291049 -0.001349333124542104
0.00014457683901911267 0.0005167687546724523
0.00074542204772775 -0.0005771062366470877
-0.002328748560330422 0.0013969245884600564
0.00022193248179778558 -0.0002737849650809789
0.00022678217279683015 0.000826422108802402
-0.002139565944598244 -0.0008636586497096669
-0.0021753007199308977 0.0017707975588221944
-0.0008443966592672886 -0.0011384900096280035
0.00048120155832948665 0.0015463893161299304
-0.0007010082339327846 -0.001430293691628656
0.0004479672460721007 -0.001917551312097661
0.00023753801223576628 -0.0010777631689574121
-2.160870186303584e-05 0.0030413334352423767
0.0008600916134767037 -0.00022856842849542096
0.0002544286158402897 -0.0014249415009320973
0.0018380120197650854 -0.0009536012420732533
0.0008510156334501371 -0.0003648436303241635
0.0011794805271329303 0.0023677258920056163
-0.001291397863225456 -0.0004244903115345393
2.3657362421178172e-05 0.0003481898067905181
0.0009943289469908371 0.0008143506487761273
-0.002644833099320144 0.001270079724383913
0.0011643729668643348 0.00010796744188763478
0.002883769060781361 0.0018189611357628845
-0.0015414734242992615 5.548705664985146e-05
-0.00084782952806933 -0.0022934001516563044
0.00047605200771931285 0.0009996149899384032
0.00044678405093853994 0.0013598968805250404
0.0011683291157645352 -0.001111360038600359
-0.0014081068281380268 0.0007101184130666697
-0.0012638551795906053 -0.0013995889736211264
0.00016904712149832797 0.00025985707781544875
0.0010276833856022447 -0.0008812234170291943
0.000819407165313078 0.0009001778150961862
-0.0004425744574643383 -0.001214141425745323
-0.00014179934526395804 -0.001106871738802573
-0.00027972567400504365 -4.831072750934933e-05
-0.0017926346526096252 0.0005811034829611403
0.0007264311560282856 0.0010150010226088566
7.195474504710779e-05 0.002050056325306638
-0.0027503537495959314 -0.0019428325379849782
-0.001125729164021408 0.0008508323129952567
0.0008672623860009148 -0.000296110905112085
-0.003461596555123239 0.0007564941321950056
-0.0012942449653308063 -0.001966582003108548
-0.0010096840994526914 -0.0015075435734759242
-0.0009510176589722091 -0.00023924375570455616
0.00033102687785029967 0.0003107735990366121
0.001968217331636641 0.0006129386592049637
0.0010313355204774246 0.0007384299765633872
-0.00038606567881007087 6.938620374389052e-05
0.00013271337373008354 0.0011124404913654936
0.002838861145691963 -0.002918679134632523
0.0004644887237142775 0.0004074644629689646
0.0013345684968946773 -0.0005414950498456682
-0.00018386679109054662 -0.0009644661695267006
0.0002790807652851705 0.0008876996879826748
0.0021901272870592076 0.00012764066044024467
-0.001642148720271108 0.0014006843307509064
0.0008779742765185403 0.0011056025886170397
-0.002732180073702365 0.0010521835584636594
-0.0022186867388147525 0.00025306477655211347
-0.0011238971149266739 -0.0012329248087717226
0.0005883475495644454 0.0025279086254573774
-0.003691378417775151 -0.001460458070119303
0.0014028150199396643 -9.466081910180099e-05
0.0007119511825180203 -8.125823487641228e-05
-0.0016802587574762872 0.001278254645639681
0.0015960560662813016 0.0008122784885870485
-0.0005025237973799663 -0.0004234145745177911
0.001071953603627945 -0.00013255804819560464
0.000848449329354115 0.002073362128331197
-0.0020718044918410796 -0.00010620314540657683
0.0021583756088636324 -0.0004022042776255797
0.002643165141926977 -0.0015768757826664264
6.88841088318457e-07 0.0013528078686041605
-3.6938653973709974e-05 -0.0017103717437444977
0.00040021763912490563 0.0017715850085400576
-0.0022130494291363267 -0.0010405664919135827
0.0008068652378116756 -0.001951792964590897
0.0004020245329790084 0.002649138293540037
0.0005495661967834715 -0.0008497444396498873
0.0017381015170908648 0.0013394908914666228
-0.0009407417166951058 0.0019706634650187363
