0.00015321368944652732 0.0001953291073096079
0.00022478685176721653 0.00010449377933770834
0.0054254232873586885 0.003613715928885447
-8.612491934781957e-05 -1.1033816870613157e-05
0.0012518339893170557 -0.0016189656963829571
0.0017170978320030657 0.0010392350349649987
-0.000981946938506391 -0.0014964806890821086
-0.0020050058038959965 0.0009524881645838339
0.0015153076684949567 0.004272889035685667
-0.0020084885605206777 0.0020506721372786415
0.0026821985009500386 0.0006760551976710625
-0.0029966168587573817 -1.61679055703054e-05
0.0001477412964531284 -0.0016003795027058549
3.533427246536492e-05 -0.0011296622510983223
-0.0017257457389798622 -0.0007616159673644042
-0.001340829942000809 -0.0013019567069781613
-0.0001735429685868341 0.0011318095770739916
0.0019368627160213532 0.0009826776730883862
0.0007064049191187438 6.501682082046242e-05
0.0015391358869650952 0.00020590604855127525
0.0009211063053828901 0.0011075520164428154
-0.0014274760746873275 -4.598751763048045e-05
-0.000504364731741796 0.0027081179209967805
-0.00172849615515201 0.0007530824260409558
-0.0013150359837622047 0.0003450173607660161
-0.00017595037296406663 -0.0019496695860005825
-0.0003125720928459551 -8.576930961972206e-05
-0.0014206379338563742 0.0003925755287244842
-0.0006663205373906385 -0.0022998689823950326
-0.0014227006306505286 -0.0013910334256062445
0.0010844161605057614 -0.0009541368242366556
-0.0004282241296849618 -0.0028821000388195815
-3.647499281521056e-05 -0.00022026699592644713
-0.0008956898014949022 -9.670334740746263e-05
0.0024480562750038392 -0.00032875169941246486
-0.0006789526206493251 0.0004352443622066768
0.0008785366151405354 0.0010402950777881684
-0.0009495141206810555 0.001476066613781979
-0.0009873510597286626 -0.0019165326665161232
-0.0030234016213623364 -0.0013531665406256847
0.0015761406692623892 -0.0035735541140523054
-0.0034582283152388617 0.001450034399024834
0.00044066964558991706 3.922640718940766e-05
-0.0028035684089397815 9.141677994542698e-05
0.0010972761205181578 0.0008219057766794632
0.00026972075781888635 0.0006473961904889943
0.0013165026965197557 0.0012348837582142917
-0.0010165469575901516 6.712696159295468e-05
-0.002174061989448665 -0.0011630701974387635
0.0017806221703199818 -2.5525887530071484e-05
-0.0003106765621270902 -0.0004694326945345891
-0.0017941618906346386 -0.00404980114601628
-0.001954780313235542 0.0007370826738964129
-0.0007857032340554124 0.0012862047568397014
0.0006388400518124505 0.0016871820361592706
0.002759988548204241 -0.0008103574967386262
0.0011661338769927917 -0.002266424056434829
-0.002019215613123806 0.0016503907423236143
0.002130145613589235 0.0025943666626903165
0.0019227093317890247 -0.0002336420150959673
-0.0014637476035038624 0.0023383247761627583
-0.0005155089076433497 -0.0019137901964588078
-0.0014713022133578948 -0.0008829431843737934
5.8075067514053364e-05 -0.0006625255290575453
0.001792352384493662 -0.001788046144494024
-0.0026561972250897055 0.0004115590547919146
0.0006045793421892802 -0.00023921140311117988
0.002369689514186248 -0.0035683287064358594
-0.0005942432929360948 0.0005219688220877492
0.0014225903344280168 -6.853082782106372e-05
0.0006212507965145986 -0.000692372463136636
-0.002385782792317652 -0.0019689190494526156
0.0024893673440696696 0.0022373081947401796
0.0009258381974523262 -0.0016138141637270346
0.002052468613081216 0.000968539110711798
0.0015625631828685325 -0.000547819966971221
0.0006829310177812004 0.0004897616412733233
0.0014860352202898306 0.00011025230700517332
0.0007848404397132438 -0.0017084948855129187
0.0016175872981983774 -0.0003003431699759335
8.043520846197072e-05 0.00024509068341241525
0.002247489807731019 -0.00041926714858973966
0.00044135186497145295 -0.000309216468289573
0.004751284306340739 0.0021390012315156415
-0.0013854615724655914 0.0004819717001507818
0.0006338461715422192 -0.00039947034021504745
-0.0016006307901975895 -0.0021742059605125603
-0.0010662534852426493 -0.0009427734763666488
-0.0026532305633421194 -0.0020476025499157756
0.0013439616603895428 0.0007406591825152908
-0.0013131194808629104 0.0009246142327755658
0.0020166551663920542 -0.0002768239083487305
0.0015759796620028858 0.0017037717643074803
0.0004880536582453856 -0.0014441388063213803
0.00013198018403700362 -0.0011490263322412558
-0.001580652191729638 0.001043532055985738
0.00021329851791548763 -0.0006561603391153027
0.001224679775899905 0.0003428057571525687
0.0017515769222812229 0.0025960077970968525
0.0016109217107065639 -0.0012645394822083137
0.0006787378559729526 0.0005872771264912336
-0.0004085501502843578 -0.001026212312838564
0.001722100675897023 0.0018699679260147865
0.00019697906701078937 -0.0008761341805469657
0.0003682551570048218 -0.002200483311648064
0.0003995906931855962 -0.0009003418565428131
0.00014420842790000037 -0.001337189859695348
0.001376448770851911 1.1521953190659157e-05
-0.0003248451262368013 -0.00046221343940730443
-0.0008904726372183236 0.0008696105056767401
-0.0005808285566616935 0.002803671541630354
0.0001213582254691184 0.0011934448787982892
0.00016749419381353292 0.0008902620445089804
-0.00041582849597242223 0.0006098860212307804
0.0005933192416550635 0.0005564522571947636
-0.0013403138527484512 0.0019503583237492435
-0.0009793718395071159 -0.0018974845565251737
-0.0008432754230360021 4.500403319095523e-05
-0.0011441813938045376 -0.0010361367484099774
-0.0007163555875766721 -0.0006958794682534596
-0.0007054974288965564 -0.001431332667810215
-0.0021365725760066033 -0.0008391107084095925
0.003883076308362422 0.00011764390589751141
-7.74191127213274e-05 -6.443524657004639e-05
0.00017569279978148743 -0.0010757309621652752
-0.0016905920669371237 -0.0006827789479199022
-0.00026758871310374145 -0.0004922719007747696
0.0008403087378953499 0.0015290846642978338
-0.0024105031191308055 -0.0019191051794791262
-0.0006890563802599116 0.00016122907333729393
-0.0006833422726433467 -0.00045883349758255054
-0.0005636711038103226 0.0017945397189491144
0.0004924845066308096 0.0023955462944087107
0.0003957376125714363 0.0010892882255607956
-0.002199315876101311 0.0009289295376134469
0.001904405745383186 -0.0011154291113276867
-0.0015941420796092367 -0.002061972295385978
0.0007526567809461267 -0.0011320765357550387
-9.382241749472825e-05 0.001864815862220275
-0.0006349054506023708 0.0027567442680450018
-5.741667775606723e-05 0.004295592331421645
0.0011065190197692503 0.0012135027944676637
-7.020835334213183e-05 0.0014292051529637938
0.000577997524736889 -0.00041761346535380204
-0.0004342440727036541 -0.0003771149577717993
0.0018032970049830014 0.0009726899075539845
-0.0007345090061248412 -0.0003153283427967604
0.0008867369579735442 -0.0008621948795793956
-0.0006157412006427964 0.0002922297022207729
-0.002024389992152797 0.0009459291894578298
0.00047631018352912476 -0.002243310674994403
0.0015838160358765078 0.0012851606558456018
0.0028094839039552798 0.0007080161803733288
0.0009640985724123228 0.0007557607597241112
-3.303629370789072e-06 -0.0011714311084397092
-0.0011973013309351797 0.0005489368934004308
-0.0013581706028061608 -0.0021420438127433875
-0.00038433236833740564 0.0018407903896913926
0.00023481325733111099 0.0006039050637685991
0.0008327980197510008 0.0004769510029063368
0.0005705700342142871 -0.0008052844105976856
-0.0018801656915756887 -0.0011273187083491554
-0.0023613258122701136 -0.0006069661526744398
-0.002136065081089199 -0.001025263237407532
0.00011096573582817331 -0.0023851272548858593
-0.0007511854132555021 0.0012368540316260192
-0.0009394058842096542 0.0020115736013049446
-0.000162737799919992 2.7591542857715324e-05
-0.0007664733221416387 -0.0008077185855132231
-0.00014517627401952062 5.6058692538244644e-05
-0.0023583110575140357 0.0006201232807866578
0.0014684612146353081 0.003368860974436245
-0.002617325714741811 -0.002718192600379853
-0.0014051664641747442 -0.001239551614255846
0.00012272064520685297 -0.00020713859191225553
-5.850124368477934e-07 0.00042564294842719377
-0.0014270756549725093 -0.0021475499535447695
0.0005984457684420223 -0.0019901037725822287
0.0022803761947931805 -0.0010357617966778743
-0.0037125187656309446 -0.000630318744317678
-2.294186505664041e-05 0.0006916285012039429
0.00011917275419445886 0.0005324954403704739
3.812899948162645e-05 0.0016433015493486902
0.0012982780178448267 -0.0009195542826103116
0.00022982623645202154 -0.0008389170251284125
-5.154527303696702e-05 0.0008395718296543459
6.379772867747663e-05 0.00024962551404361145
0.0001356219829428905 0.00031581502509820346
-0.0006132216171612439 -0.0006697949318035504
0.00041212531131883427 -0.0014256636848152555
0.0012086842351065252 -0.0020140861394901985
-0.00011218118523633426 0.0002856988706149204
-0.0020273621138820826 0.0005790073505865316
0.00041688081452435465 -0.0021098742133050462
-0.0008235992584782849 0.0015559267318914249
-0.0006146017196255968 -0.0002589687189184364
-0.00024522001763744406 0.0014298250670277495
0.000648126954794455 -0.0005143885786945734
-0.000956665905494146 0.0013043774593121925
0.0004088984847296631 -0.0012812116109975078
0.0008052441596371005 0.0021537851789083873
0.000585614351348489 -3.0950009805038875e-05
-0.0009408861383704099 0.0001825376672138088
-0.0007682200714542071 -0.00019942479660422022
0.0014516846724420256 0.0004758312383338727
0.00031703553528142787 -0.002194224425921832
-0.0005197623259096367 -0.0015887302255536554
0.0010700080198625928 0.0009228717956195704
0.0011718184609823938 -0.0011867299396452402
0.0004873202760501281 -2.0173943448480487e-05
0.0006466674904007775 0.0023054038583268516
-0.0006502715248101169 0.0013321886047225214
-0.0009624726132348627 -0.002019196899219924
-0.0021093250796779964 0.00026107811642450256
0.00023352054349804494 -9.117649942096335e-05
-0.0008984868864427583 -0.0011617451299571488
0.0037040005665116968 0.0003868890130083172
-0.0008889960173716385 0.000586501244372126
0.0007719975067721036 0.00010507767740995357
-0.0006102861121968245 -0.0012328810851941754
-0.0029865201265512906 0.0007950755339164875
0.0012840710910694193 -0.002482292496119001
-0.0010407901820703475 -0.0011823412747047717
0.0007600194181304015 0.0012204331017773799
-0.001102092689154354 -0.000776793019461226
0.0009647007291999739 -0.0009578677297846619
-0.0015299649796326877 0.0007416069725923255
0.00022791744901067403 -1.5033823267202475e-06
0.0025344328540357983 0.00031761295109081184
-0.0014846024011413296 -0.0010669432736027816
-0.0008807824304258177 0.0017820494497746207
-0.0016130497982865045 0.0002382246110918633
0.0004696172173886293 -0.001881628089849087
0.002028401942995866 0.0011418643048790949
-0.00012118645729785825 0.002012491526595252
-0.0006915253139116182 -0.0017615598678500193
-0.0006407057328784052 -0.0013885965729396044
-0.0007915369955551894 0.0008200169002402951
-0.0025079801238151 -0.000873653692990053
0.0015540549523226522 -0.0018514433304906552
-0.0014598764746512234 -7.616196152851671e-05
-0.0003378571961982958 0.0013793917873038681
-0.0013341735564224443 -0.0035092379195162315
-0.0005556497096694346 -0.003034321555985109
-0.0001740565595189102 -0.001113448154803046
0.002285307112965295 -0.0015433087281809487
0.002764904208159414 -0.00108490772378503
0.002832075659509871 0.0021385172075147397
-0.0008814484694096532 0.0010015483145734794
0.0010647006942525663 -0.0013752246607272969
-0.0015427797262315228 -0.0023028172018364464
-0.0011020345021224283 -0.00030045326378135045
-0.0015686988746761673 0.0006679979720544884
0.00014376734391089355 -0.0014634936630446562
-0.0011239278684359623 -1.7611910226893503e-05
-0.0026892391819049537 -0.0015845408405922362
0.0026770661511444182 0.0018223613706961368
-1.3520451588705928e-05 -0.00015165472373746558
0.000287970292573779 0.0012771348466535043
0.0006280943104281414 -0.00019086295978329432
-0.0017858483779814422 0.000585739165446017
0.0009791291334373265 0.00021669702947484587
0.0018999062996781625 0.0017107664101829658
-0.0011426310493017912 0.0020861447245014045
0.002311074973598031 -0.0008792930249547058
0.0008410243796852704 0.0014162310977945834
0.0010116160818789154 -0.0005877222064283242
0.0013788446407678255 0.0010475764302453618
0.0012591995112148507 0.0016717913087208314
-0.0010473182258118557 0.0019089739218323403
0.00023934321910757528 -0.0012219370798382911
7.511271127439147e-05 -0.0005644153983144611
0.001081208329038019 -0.0014734835440201985
0.0015451961297923615 0.0008884361627194943
-0.0012936321249933356 -0.0011391013195933232
0.0003401151325964577 0.001393432576221161
0.0019102321472166384 -0.00024495351517280715
-0.0016588606709083899 0.00011290682836380944
-0.0015685206844368107 0.0011714591736109972
0.00018743929619013038 -0.0012508743148439113
-7.278156567590897e-05 -0.0008293557645355595
0.0012010751826462363 -0.0010285562763478326
0.00036582009552964874 -0.004119808550403966
0.002316650994752607 -0.0017013632701906116
0.004060308758673794 -0.0005390539322815738
0.004658576840899135 -0.0026400298810836066
-0.0004569537582056787 -0.0034308745035900134
-0.0016095713666963872 0.0004485932880954114
0.000943557343664895 0.00011291770023970368
-0.0008420687392182865 -0.001161160948436258
-0.0012986527028044468 -0.0011591894472731737
-0.002712220000455329 -0.0005814267970930631
0.0006622263685895901 0.0024847632049597858
0.0007930513089970488 -0.00027833306656807036
-0.0009115995769175456 -5.9101584272141765e-05
0.0003285617935035963 0.00276081451294186
0.0007619035716883997 0.001078762806358101
-0.00040938216159194595 -0.000604055258445738
-0.002516402989625772 0.0007871208057037804
-0.0006548950262697299 -0.001377037389299581
-0.0022901772904227137 0.002966074936966663
-0.00014149442111975193 -0.0007369933203566106
0.0022110654337414914 -0.0037377393021934737
