0.0003140222550795493 0.00024796826420542506
0.00024357661933345582 0.00014559575437114638
0.004903525740654398 0.00298694729396242
-0.0019994434715407744 0.002264871454895409
0.002533093002441655 0.0005379530694769279
-0.0012315951270873917 -0.0007849333549284574
-0.0016199931964385103 0.0011659796920250223
-0.0010849147176444538 0.0002754221193151279
0.00016986056272529554 -0.0009010771896379431
0.0006233156389165286 8.230385705342223e-06
0.0015219875762224277 -0.0014805994319091165
-0.0024586489294764566 0.0014779474549501067
-0.0006705285294003885 -0.0008896108344144037
0.0010328186557497052 0.0008239609763768119
-0.0010720479553151525 0.002121873043602974
-4.828143504719274e-05 -0.001012265166846866
-0.0003983536540828195 0.002113545059792287
-0.0013556880522653334 0.001059760953759863
0.00035655588155831505 -0.001377165503000753
-0.0007867447793312496 -0.00044555840475713913
0.003143569237132805 -0.0035575299189704924
-0.0005261087806547991 -0.004725182801678935
-0.0007172780307250317 0.0011796923000534348
-0.0005094618114735575 0.0026204316556796034
-0.0003293425992334749 0.0005805450064103232
0.0007168149591555705 -0.001456341771231034
-3.952052930784837e-05 -0.0006271710068591049
-0.0027687516084009796 -0.001561327013785045
-0.0007954574157257567 -0.001791457658650111
0.00030272073100904553 0.0003137204583644758
-0.0022770993098719474 -0.0027290309402350377
-0.0004694290762485756 -0.0007852098971390655
0.001063267131776466 -0.0003600475507230977
-0.001670031474385727 0.002010932487743505
0.0002760866855259172 0.0004668219670142038
-0.0008373697330433047 0.00014917755227229724
4.535408928512599e-06 0.0016784896013186828
-0.0027396477414818746 0.001094503662030765
0.00022441722008905885 0.0009980479743627846
0.0015231926313212401 0.0018396539526031308
-0.0007133842984919544 0.002153579909099198
0.0013707745566434377 -0.00020539189542728223
0.00022641599810576326 -0.001086580934106714
0.0005711638256734777 0.00026175614284520716
0.0028782077401529015 0.005000092787989124
-0.001161853101779384 -0.00028279807015951525
0.0018376587543390737 -0.00037510774663480917
0.0012438284237161305 5.337428964087461e-05
-3.449780120630864e-05 0.0015793966242555353
0.0007073766589975749 -0.00014960584401810085
0.001447453332537523 -0.00025699314221265404
0.002340426702220974 0.00215421427104152
-0.002946261256730431 0.0003157721283348894
-0.0007585778314199225 0.0019398120923310644
-0.0008187770386259619 0.0003188850505306014
0.00029707407142061224 -0.0001894123382732095
-6.101358525091739e-05 -0.001493108234419566
0.00035888795598553667 0.0005841971235679777
0.00017945762340322645 -0.00130938716831119
-0.001891685365920736 0.00044450359762426134
-0.0010863760940729899 -0.001569598128362964
0.001763120081554562 -0.0005156557422749508
0.0003145535549747051 -0.0020799710224412697
-0.0014635907671515123 0.0011577401597796075
-0.0018701703946999103 2.1403052849750328e-05
0.001108036998891738 0.0011700708539290974
0.0006084384241340222 -0.0013631092438787665
0.001767066640485818 -0.0006231639663313736
-0.0021381196511777428 0.0017489430651241712
0.0009837816950678897 -0.00045012402396385845
0.0015945101713308078 -0.0020253967338088913
-0.0025370346443495473 0.002152180250211615
0.0003389625223367641 -0.0005957471102671862
-0.00026554471237578064 -0.0017764047930154299
-0.0005438316397304489 0.0010478327308785546
-0.00027711130197098736 0.001447568576795801
-0.001067443740682885 0.00010624245193228416
-0.0010479499805139065 0.0015516058252383394
0.0009100697020546996 -0.0006377840848305006
0.0025283888624967952 0.0026804907835227374
-0.0004219573044257813 0.0007652407390871379
-0.0009047687411852773 -0.0011390690728122555
-0.0011429703073004558 0.0009425293334252326
-0.0016797614562337124 0.0007161363402838527
-0.001581891209231198 -0.0007586573925473271
-5.045436707112533e-05 0.0008395936033022497
0.0016849905140230558 0.0007975115070620217
0.00036693746780010433 0.000351307068422746
-0.00023716153332017288 0.0015646834296228773
-0.002710038825322264 -0.0002999812602051015
0.0019919647136110836 0.0023549820962799413
-0.0011229760900627408 0.0014387157892329393
-0.001223431098929523 0.001076379916890975
0.0014586169202250598 6.617555524141136e-05
0.002335862760871022 -0.0005181894439038093
0.001248261181536139 -0.0015198614809479542
-0.0016914586240508308 -0.0030989975321398743
0.00020925629746356884 -0.00019777330558354948
-0.0009879064228808631 -0.0008166020002110199
0.0025468324066533596 -0.00042316078474472423
-0.0013038994117610403 0.003423026756218824
-0.0003430652593018964 -0.0002996906027110043
-0.002349808351278018 -0.00022578118216346447
-0.00015261692592387322 0.0008513322132167445
0.0013068744523573505 0.0005598729240436273
-0.0006700540950114293 -0.0002811790594743519
0.0008775361899036005 0.0010275752171552443
-0.0007198224156514064 -0.0010332541875254647
-0.0010756539843044212 0.0019078751035409866
-0.001938577654287699 0.0015871121673143552
-0.0006893414119954721 -0.0018071490617904218
1.3097642187776518e-05 0.0004842099851902063
-8.322745529950186e-05 -2.1615372151516644e-05
-0.0010699685577332308 0.00035735528429147584
0.0013265358967815162 -0.00034792290471695
0.0011636941256351647 -0.001427957985229394
-0.000490496897846945 -0.00029075425818005356
0.002086852544444118 0.0018051373230434443
-0.00039589298841394353 -0.003086816075299908
-0.0016214747342997032 -0.0011445669362778956
0.0014202029501008669 0.0007218924752784524
-0.0013152499326218453 0.0001227767284947148
2.6142056173288217e-05 -6.536634199954817e-05
-5.3175810398964825e-05 0.002038300156940891
0.0009350613564760011 -0.0007076715225074772
0.0013890379140803037 0.0014235868227403965
0.001086472920481137 0.00019024285165335293
0.0014688933015692552 -0.0004041041007701196
0.0008972244689724976 0.0007979972529178946
0.0002792042144629416 -0.003364408133852711
0.0004769045434406813 -0.0015161530833905318
0.00018192106661290015 0.0006602072814749776
-0.0008943191224568722 0.0010063438246154246
-0.0004424495438254592 0.0011195450504034987
-4.6966410707855106e-05 0.0005683621256021947
-0.00027957724891337226 -0.0001959777396909863
0.0016256064035275956 -0.0002305942804263364
-0.0011010263302978006 -0.0004401507003625709
0.0002618285265111821 -0.001016576943361879
-0.00150327250988201 0.0013880068477096562
-0.0016078587664743128 0.003114869551716992
8.95772437711164e-05 0.0003082948242703412
-0.000696753854799175 -0.0009491417416699529
-0.0018291273071932882 -0.000737665740066228
-0.000750654539714174 0.0025804588275387644
-0.0005935808783543037 0.0007423396959739877
-0.00019448962706151174 0.00020600368944521643
0.000989922497246033 -0.0011223441128926331
-0.0005790023627942286 -0.0014208833243102876
-0.000694483450876624 -0.0004932781302658108
-0.00018039656186812842 -0.00059913141133024
0.00038828885759976484 -0.0003640936051050771
-0.0006552134937610459 0.0007840506989770128
0.0004263764929618992 -0.001386129526209698
0.0005608364482092007 0.002085727895927002
-0.0012737791704548374 -0.0008220138743847349
-0.00022165248944444772 0.0002818375593541191
0.0018365033664690578 0.0005373846556811318
0.0013260480676803741 0.0019518567640791225
0.0012496904601555538 -0.001983125932508156
-0.0008012890030077858 -0.0018300714577625767
0.00156113558896102 -0.0002636761166363224
0.0005511285841897545 -0.0025441361361152608
0.001711595121433395 0.0010236036596826471
0.0014719196927732733 0.0005594102083967285
-0.0007064926736813427 -0.0008851412471442519
7.34202572474953e-05 0.0009903013157210657
0.0015205883748026338 -0.0018786127206005209
-0.001665882281511536 0.00103122384584738
-0.001927375624420321 0.0013494298828298562
-0.002786613381633305 0.0006704779542536432
-0.0016318675182934556 0.0011037827725086196
0.00015902118659120038 -0.0003078255065444898
0.0012575459298027865 -0.0013684220794815546
-0.003209751746194013 0.0007574903607646117
-0.0014287299797860406 -0.001093202518743999
0.0010907704896257954 -0.00010643173213366337
-0.0018104187148287208 -0.0013771473051577689
-1.76729623173028e-05 -0.0011987500749215624
-0.0017412437060834818 -0.0025775691066909426
-0.0012182322131429814 -0.0009596513961680073
0.0014774473766440345 -0.0009596988546569771
-0.002141084243867759 -0.00027687219151348866
-0.0015829179348884163 -0.0005599368429647953
-2.188954215095743e-05 0.0009058472189922282
-0.0004763523714174827 -0.0013873260047716327
-0.0003614169733412441 -0.0013982515265196904
8.386240024860012e-05 -0.0003767356502287238
-0.0006779483549922778 -0.0012990488803372102
-0.0009741693855254193 -0.003459098228064333
-0.0005639760437835359 0.0022815260609036388
0.0006210436752788501 0.0006345521201597564
0.00035437019872984466 -0.0007386632264947239
0.0026009862883366627 -0.0005502167639253369
-0.0005107971785876674 0.0002145479085724006
0.0018340859273885705 0.00197832054662867
0.0010907064346558598 -0.001455907679693958
0.0008524719599741095 -0.0004635738515630664
-0.0006899049794811782 -0.0004779986857201515
0.0001566471978255988 -0.0007112704449877087
0.00039975292430777595 0.001211225201494036
-0.0005901351567917913 -0.0004134271967174309
-0.0005915408926705916 -0.00046512918726312406
-0.0007444228650755422 -0.0012454723729155412
0.000638064940325095 0.0006586166275097486
-0.0008221519196680841 0.0011101522768889585
0.0015964923462046003 -0.0005301581023299562
-0.00025982178351527846 -0.00041622750268311364
0.00012055278762969215 3.764527102680094e-05
-0.0015358910403200732 -3.050130094948853e-05
-0.0009191676129431551 -0.0016463650940018943
-0.0004942045249841062 -4.967104344075019e-05
-0.0005153075255456492 -0.0016241529355155485
0.00021252266269661797 0.0005145965394982333
0.00428131024119939 0.0006835074234028041
-0.0013673664530767238 0.0001436483930237987
0.0007568021400687088 -0.0006548412053915223
-0.0021924749713651713 -0.0011025074467316703
-0.001026688238669805 -0.00037804040117718886
-0.0006884921713422762 0.0038581151855322736
0.0005507453909212166 0.0006367613393659945
-0.0015522164784674702 -0.0005652512951952828
0.0006505805780070127 0.002930292082677858
0.00029738084639992864 -0.0002145865444967848
-0.002133056102640942 8.748468230820432e-06
0.0001692498165425665 -0.00257005052648227
-0.0013462145465135324 -0.0008377684407615749
-0.0013310769299383703 0.00018513303207068
-0.0011469850430540953 0.0001829063676123345
-0.0010480855407406012 0.0009997595912042522
-0.0012933425132423593 0.0005721287048240072
0.0004977774101820588 4.807228381605306e-05
-0.0015019701337779232 0.0010231712016691063
-0.0008299475424217662 -0.0006317601801238833
0.0005724673588460334 -0.0017002854782879903
0.00043735414709628707 0.0016869468710819073
-6.7522169130369e-05 -0.0005672382013599339
-0.0003464661652406591 0.0003583571813853458
0.0006784613287787489 9.022175819591865e-05
0.001963403639723918 0.0007787393793575165
0.0013362280848007542 -0.0027713143246679162
0.0010540681332045715 0.0007941470629559366
-0.00045081672924443935 -0.0009641697267268608
-0.0019233686431037688 0.00018903943129588242
-0.0010536432296402965 -0.0015600386446487605
-0.0003432746476359737 -0.0012194935436952506
-0.0005888714750903805 -0.0005719236584288418
0.0008961198430652884 0.0007433958966003046
-0.001257691750614148 -0.0026728124376690517
0.00025464240884150434 -0.0003976469279368518
0.00019813256113562934 -0.0013437512072670924
-0.0033380173570962705 -0.00033541682206772547
-0.0005213931674080414 7.355695537436313e-05
-0.00028254055294773915 0.00013472476724640022
-0.0001262938145834622 -0.0006952443972831266
0.0014363277274261062 -0.0006020732158202263
-0.0022865391831259165 0.000539214581867406
-0.001209102692424972 -0.0008828665357722116
0.00017740037580697988 -0.0006095533196966397
0.0021727618899660094 0.0007537971248360443
-0.0004462114357889132 0.0006868741185593466
-0.0021803244870571554 -6.691398944673223e-05
-0.0004316475701995802 0.0015245307082530691
5.815582316983266e-05 0.002481987117019156
0.0016241397718381593 0.001587849847377464
-0.0008153117127257993 0.0015136732782745832
-0.0001656895116155301 0.0026889150280348826
0.0007371849919710031 9.361209225297824e-05
-0.001299371074240823 -0.0005957280107940537
0.00025722160544697036 0.0012381777327857054
0.0008839780613806884 0.0004044832844342444
0.0016700623020170808 -0.0009814186650588968
5.4068881661825685e-05 0.0002891455834145008
0.002187940559773821 -0.0033652947089523114
-0.0005133862268108756 -0.001279036323759061
0.00034559593102322566 -0.0014254551686327748
-0.00017854137898228796 -0.002463379063613769
0.0009761613169119935 0.0027087171497223047
-0.0008410540111172284 0.0005076180348540905
-0.0016442756517658734 -0.0013791488874428852
-0.0012032725954570593 -0.0019211168511153191
-0.00021740619770203916 0.00046580587595905135
0.002156517675395111 0.0022640069858538385
0.0016249736489518944 -0.0003430733896665445
0.0009716337508721698 0.0023781327121328195
-0.0005243299042525896 -0.0012148765390583905
-3.825430902878681e-05 -0.0009518903569863684
-0.0013019842504463633 0.0003416315585400914
-0.003484069622389726 0.00211538243627369
-0.0022351716233649566 9.595485387759859e-05
-0.0006262683670761595 0.0008928055665489321
-0.0034235475046722388 0.0014382223667996068
0.0003990417541824152 0.0013739429282201236
0.002012257512381733 0.0009436174232986072
0.0008645040900987088 0.001651866032875523
0.0011780263753849486 0.0006169967128280611
0.00019025948504483443 0.002062622808035745
-0.00305860778767776 -0.0011549735408396562
0.0011747923260242363 0.0008726339878079111
0.00038013475252466836 0.0007101703048782991
0.002951228065719302 -5.918286749418464e-05
-0.0004444481190556755 9.787389435633933e-05
-0.0004805424326452183 -0.0005992720642767956
