0.00015198736523034688 0.00025529823600942944
0.00022203961452648652 0.00023984526923863898
0.0037241521200965357 0.0030004293947142944
-0.0008648446211704054 0.0006851358031884899
-0.0007334572800066396 -0.0030587131420188323
-0.0004513300465583678 -1.9699185011315803e-05
-0.0014034841857450025 0.0011213678015895333
-0.002165290742776764 0.0005071099835515492
-0.00012193833711140172 0.0009183175226818356
-0.0010500060968057635 -0.0006356023040312181
0.001987672673008484 -4.317925607855728e-05
0.0001659551058505327 -0.0007701102540118305
0.0008465513546998166 0.002024592749391808
0.0010538251280724522 -0.00047760438638190587
-0.00030287297296911287 -0.0035963201399982665
-0.001804472691423664 0.00039892065423370777
0.00047796035050124824 0.0015877291834277153
-0.00043447069240016824 -0.0004930312212483828
0.0009352038317973825 0.0014744518350054867
0.00032225453365302846 -0.0009443620759663666
0.0032697589721330383 0.001759417450084195
0.003214625693888933 5.699702922323674e-05
0.0005690215731221732 0.002616274081451376
0.0006090562819020116 0.0007676552102296156
0.00014407903284771289 0.005309712695903713
0.0009272393366668578 -0.0026037291835884703
-0.002709570883365804 -0.0004579963637029076
-0.0014075608869206868 0.0008148107927516437
-0.0016597146777462205 0.0005005787098116036
-0.0008459975859486982 -0.002059940701053904
-0.0004147963291637622 -0.0005649287630449765
0.00021748841123961067 0.0017566894244445735
-0.0027210385570312435 0.0002384951119322783
0.0005955658788168235 0.0017380375705222091
0.001351356841508943 -0.0005283004111403838
-0.0008496998950514989 -0.0024176803079062753
0.0004229451271273587 -0.0013077722847856747
-0.00016601916679288183 0.0011844390961619478
-0.000164030783288746 -0.0005141187381446193
0.0010702729329074958 -0.0002580449802864282
-0.0017613262845681305 -0.0008863762501256463
-0.0002930916584771152 -0.0006461869159579501
0.00018922053764891774 4.2369265120168244e-05
-0.001811123641249646 -0.00088879488348085
-0.002438090278599327 -0.0010836559194858763
0.0017880213457165171 -0.004065703988604678
0.0014315922149663455 0.005010517182873083
-0.0007940170096951797 -0.0010600774082539807
-0.0009593327293367885 -0.0010169305530914861
0.0009964511085881513 -3.675053534985397e-05
-0.000771006227330117 -0.0008313468156410566
-0.000614916578469523 -0.0004390362883109093
-0.004123231206718912 0.002446458688346217
-0.001608827479842924 0.0017922776404396858
0.0015980913432742112 0.0010284983930617918
0.0018562788347132536 0.0018337910955757407
0.0029458671220942366 -0.0004016387393139261
0.00032840651782554877 0.0019766090796353043
0.0011364960270231826 -0.0009669550138922767
-0.0006152808849836012 -0.00011761497068989099
-0.0012120491077612305 -0.00050682942170724
0.0032337823076148842 0.0015558079516958406
0.0015574564800685262 -0.0016562768447967397
0.0018734065014729435 -0.0005043330178389113
0.00074748827607461 -0.003234439448690443
0.0010079007981129587 -0.0012951817791175982
-0.0023139577186234274 -0.001478159170274338
7.854336189901229e-05 0.0012057267624012366
0.0017922873143886749 0.0008963118843198391
-0.0003146094465029035 0.0010839600207096884
-0.0011355682065088241 0.0007023056519544483
0.002377041281660355 -0.0015609751268808151
0.0007512434573966674 -0.0013044405173389805
0.0006176993328417717 0.002552854405726228
-0.00026190105614617754 0.0003322194345742321
0.0014485647206491932 -0.0006728767544544255
-0.0039507953076853355 -0.0007730261251941843
0.0017076613643616412 0.0008120853075947363
-0.0008983793116455938 0.0025907618377687693
0.0019846959779774203 0.00019272702476884926
0.000569946973933985 -0.000967754914740565
-0.0009510543135934148 -0.0005699745692612666
0.0014285321581037607 -0.001080659728029816
0.00020359646119314276 0.0013300210674828286
-0.0008574994570264444 0.001658008112804435
-0.002883336770359174 -0.00021633731598868963
-0.0015730650272918723 -0.002969630576757283
-0.002045397585299443 -0.00012404971607187982
0.0018403277882922207 -0.0012123796404730485
0.0013299836230147792 -0.002047770217898929
0.0007695956987490063 -0.0013649742083192875
0.00034354906117878395 -0.00013056195931261157
-0.0006243425786515435 -0.000662981264941396
-0.00046709607383973247 -0.000128273429869986
-0.0006411046680134591 -0.002586474068395232
-0.0012679690159885315 0.00027866828262602944
0.0004843949536463539 0.0001796718023103929
-0.0019891972533092554 0.0020262576474072715
0.0012838203086317905 -0.0003901993950402734
0.0007102801083869496 -0.001573222876598851
0.0015181780476698143 -0.0005148343181523172
-0.0009044062036913188 0.0006031874612462626
0.0017577340307774333 0.002090632452940939
-0.0005020844604496771 -0.00015417424355746495
0.002128547993476886 -0.001444829490763781
-0.0005138604192014368 -0.0009528799534032082
-0.0003883700471108915 -0.0006017951369697243
0.002430655337978999 0.0013710830767947827
0.001227169647546613 2.63999593296713e-05
0.0002551831699372748 -0.001889219327013428
-0.00012472657124414357 0.001032727756842026
0.0012410625821189076 0.0013564660303466956
0.00010349306020232123 -0.0005556487578952685
0.00040123746212881 0.0011825756794216348
0.0007505380448608918 -0.0017809673237505412
-0.002014504659082839 0.0005916419171016778
-0.0007653312823027314 -0.001556856766237549
-0.0008488865532490153 -0.001839649352684631
-0.0008723021130964042 -0.0009823504182658836
-0.0019493711203131727 -0.001148710654117048
-0.0005419040073956849 -0.0007131543507348799
-0.001613451725628338 -0.0015892654144787754
-0.0008232103801502346 -0.0007600109578321791
0.00045066098853533136 0.0004701573682870682
-0.0001995969794694085 0.001173586608253083
-0.00014522239007418866 -0.00046208242729806417
-0.0007891619871150812 -0.0006098044128589224
0.001636277940101804 -0.0014926798027735033
-1.0837877979571486e-05 -0.0016511727753184052
0.00015390177251237 0.0006183095972534902
-0.0003340223004526565 -0.0005961582295164451
0.0008068192876088776 -0.0006185034564615056
-8.25493046899549e-05 -0.001130791382255901
-0.0020355824285937124 -0.0016525288306048394
-0.0011620244408589748 0.00042908512175025257
-0.0009397128515350882 -0.0015975820444298395
0.0015450036904978133 0.00013265690196929755
-0.002023806650759186 0.0035820160383355218
0.0017011851957904457 -0.0019064038357871251
0.0010704054722702253 -0.0005851087813419306
-0.00026998521444289176 -0.0007476161039637787
-0.0005473583225045702 -0.0016230526428623207
-0.0006712550401635019 -0.001097797599031749
0.0016824124229769242 -2.204131915610925e-05
-0.0004396156683458233 -0.0010364210216054258
0.00014976192543524102 0.0013455194664714965
-6.91897885047906e-05 0.0006664777933335623
-0.00035778312758615884 0.00033920288244062267
0.0021523086674140796 0.0009896536015812155
0.0003621088840611054 0.0010897554745655119
0.0015908573300133955 0.0009978279764676298
-0.0013785586607660714 0.0009789413529451084
-0.0010068807957994226 2.567840197961431e-05
9.358922566009117e-05 -0.001436046753818361
-0.001107963532019751 -0.00039951159053424343
-0.001339850385698299 -0.0009775388653624855
4.559419992407282e-05 0.000505312395081848
0.0004730355887546114 -0.0014567935447520593
0.0004953789728058479 0.002532493128390214
-0.0009222971959667571 0.0010214659959491108
0.0021218195981383835 0.00044308436558777273
0.00013037443839830558 -0.00021685708350997727
-0.0006513241638719858 0.0010774250160983567
0.002094562793690815 0.000909332449642699
-0.000941685621964108 -0.002194252111660972
0.0004390801793818234 -0.0013843506277979858
-0.0005978244095833139 -0.00022252086665978417
-0.0028888929390410443 0.0006237070051755482
0.0026787198380015505 0.0003141227043258189
0.0014338810544411752 -0.002437888102622241
-0.0003394377971155473 0.003062150890107951
0.0004337774318820521 -0.0003946624622429602
0.00033954407709129266 -0.000642856989273484
-0.00018228814856229456 -0.0001347086335617621
-0.0008781595433243785 0.000622527526154499
0.0022879779823348524 -0.0003506745599592018
-0.0006105158112397369 -0.0017826371404064062
0.00117676473521695 0.0008506721259582469
-0.002194999572879376 -0.0030930970220810895
0.00027471962301538194 8.616223518326357e-06
0.0016299006571531066 -0.0009580639422469112
0.00016823582049481337 -0.0022282495008004687
-1.4111138649691633e-05 -0.00046259735787231607
0.0007052382075449822 -3.652631353234391e-05
0.0006494648064779127 0.0009250012084480917
0.001001216269634682 8.52734627517895e-05
-9.92643059893464e-05 0.0008681457774349709
-0.0009870539946320288 -0.0001087304998876963
-0.0004069446283112089 -6.29686658889548e-05
0.0009546463433310429 -0.0003500995594290001
0.0009053140562232971 0.0001830802385181676
0.0002496590876179765 0.0009044020888572794
0.0011772217827028858 0.0011802439110150079
0.0010784507877759902 0.0003587351745463393
-0.0006925429386656822 -0.0009817951716263361
-0.000639028702837446 0.0011953364588864017
-0.002562217905749208 0.0008220792038211685
0.0006723477576564636 0.0003124960134577569
0.0006538540790073534 0.002331781327082065
0.0011272574375659785 0.001772129435516187
-0.002082943261718764 0.0012063239820749286
0.0021523978665293785 -0.001146915084871394
0.001541246254201295 -0.0010652495750862032
0.001134364594395341 0.0009106157698795416
-0.0018879765945327795 0.0013517652602613155
0.0012436225269157218 -0.0005170206831151891
0.00200730786994254 -0.0005403214783768775
-0.0028128922694402804 0.0021119343848165287
0.002222461778658607 -0.0021096610154834015
0.0002626031930294446 0.00015187335933990163
-0.0015607451287268567 0.00092697257412794
0.001119370897517281 -0.0006017754196847034
0.0019289046592868711 0.002230911805973141
0.0015637349466527028 0.0017047396116996558
0.0006223014532451124 -0.0007591627461631769
-0.00218153770658075 -7.838783886787875e-06
0.00158725599630156 0.0028720681577563624
0.0007584451221539213 4.661124015772322e-05
-0.0007606673184335673 -0.00034758737820088327
-0.000750351581894146 0.00022461671645732244
0.0005674149973837746 -0.0007171816707746086
-0.0006625391431665164 0.0012167072378039027
0.0008463029327854044 -0.0007016120246701929
0.001508971630745866 -0.001148510095306377
0.0007575996705169502 0.000762361473926869
0.0015403766288631731 0.0016249754666979137
0.001460533527096529 0.001726605130977603
-0.0017254944707956398 -0.0007932146423343347
0.0002029602050004004 0.0009566528805041299
-0.0009262096335663552 0.0004119871100785782
-0.0005947556534384538 0.0011986032055056415
0.002480322986634342 0.0022097502388736777
-0.0019124967403509668 4.08724167083919e-05
0.0014951849228556505 -0.001190483795421354
0.0016158190759453742 0.0005438463997770479
0.002217368622927193 -0.0011673338804580788
-0.0020873963203563587 0.0024508219357829908
0.0022163409724896186 0.0006892589348239378
0.0009415100928250019 -0.00196978615500451
-0.00047366293365392465 0.0007305040263671412
0.0009573296277490443 0.0015470454207153355
-0.0002110951436283489 0.0006400544587971093
-0.0015639803516212236 -0.0006003376349005576
-0.00045670301220501 -0.0008995391102742002
0.002428666159661969 -0.001065093749030824
-0.000894363391581354 -0.0007262792483647301
0.00209466861031949 -0.0008545753864416921
0.00014368257320035742 -0.0010694251042371362
0.0009361189684177123 -0.00043933118970678045
4.5766003633698474e-05 0.00443180068771248
-0.003140099573687698 -0.0003046482695092159
0.00174062332070862 -0.0003481576370526962
-0.0020592769147810036 -0.0009419064266409665
-0.0004529523116511654 -0.002026740056107923
0.0010961124959818036 0.0009228574323497595
-0.002005645859473422 -0.00026578048171277565
0.00031452528548004955 -1.835228706165783e-05
-0.0018806106823950899 0.002796266571692228
0.00017220014362071304 0.0017811447287151363
-0.00199147186306078 -0.0009830743941229346
-0.0003795316038209577 0.0003227011324982917
0.0012322649377959746 -0.00010650844342129104
0.0017462430694311262 0.001175219979584971
0.0009991497989873335 -0.00011364609530039498
-0.0011959570389837436 0.0005641606445793588
-0.002290826945469169 0.0006472424358149333
0.0010077199956816311 -0.0003803095835949624
0.001376146443170996 0.000271818001821428
-9.043660252399151e-05 0.0004503769881570544
-0.0005714327118337781 -0.0032607762652144554
0.0001226891658080057 0.0005209674569397357
-0.002242542446339192 0.0005741502430980604
-0.001012111280555094 0.0025909920061920264
0.0019790420460968007 -0.001353471502233949
5.3871961407385445e-05 -0.00211470345931986
0.0010575430039446662 0.001031844950423841
-0.0014883513355644139 -0.0006561346001506978
-0.0006664169536474662 -0.00027187327193313725
-0.001503337827519572 -1.7912459065803875e-05
0.0027652765276198394 -0.0012274631365191578
0.00036521834147315254 0.001901761719522321
-0.0007272217645094477 -0.000992661533149392
0.0015776818997205197 -0.0023021561240696223
0.002347860656681528 -0.0002450598598709881
0.0018498614449709305 0.0002945735529920178
-0.0001512871930289318 -0.00014897429846070874
0.0026951270457560373 -0.0003273932598173075
0.002271075354144898 -1.2737516885961611e-05
-0.00035854797723025925 0.00021364280262564184
-0.0008292141850678333 -0.0013999624294266778
-0.0007255681602294603 0.0014137821981573752
-0.002263643821284552 0.00013289071564164217
-0.0014866058899083334 0.0012026599823564954
-0.00041140158097065 -0.0009459935057555682
-0.0019388240682560937 0.0010841126889480474
-0.002508681440713944 0.0020500377497265103
-0.0019632803272473134 -0.0004568918019470656
-0.0016408506326668008 0.0009792749457678412
-0.0020824551413014063 -0.0013087529238895508
0.0025364955041961147 -0.0007482802356214838
0.0012577528611635868 -0.0034118264449117257
-0.0008361215560589902 -0.0017563042606947652
0.0035083043424355277 -0.0014039433899623902
