3.0093764873332803e-05 0.00013542428129980694
0.0001462019697406713 0.00017678137228221023
0.0030444416937339463 0.003496082545323339
-0.0003466727727090763 -0.0025779127954048994
0.0018265913467387432 0.0020910121234783475
0.00044721529216225646 0.0007248443215885965
-0.0008378385447275594 0.00173502910475614
-0.0018845014505422862 -0.001197118747117232
-0.00017560213020656844 0.0020301098573518137
-0.001180541900539782 0.001850609488012305
0.00013139592660147808 0.0022675856805297375
-7.342825048667852e-05 -0.0020618844321986067
-0.000963941271358415 0.00012415978069683846
-0.00039103871608086097 -0.0005833734203383644
0.002020724844327151 0.00016809623281639053
-0.0021332250142952463 0.0009839486632412847
0.001623299364969633 0.0012171832470139008
0.0009697733123507921 0.001354350672695741
-5.305172607496584e-05 0.0005260978773443051
0.0038488084860519344 0.0008729411278118621
-0.0008994692616375764 0.0011381813727918528
-0.0015094018651328946 -0.0009842833168187172
0.0011041407002373175 0.0018317170965464276
-2.4366717706251072e-05 0.0006188736243543852
-0.002237837229247511 -0.0012622395459269966
-0.00352880011907192 -0.0009884764912816812
-0.0006939069434623242 -0.0004324255432247844
-0.001687696015190747 0.0008332451538228139
0.0015273642139172151 -0.0009006665218357208
0.00034166739842578426 -0.0018338302621349679
-0.0016947705757036822 0.001210599222049557
-0.0017523013597365985 0.004280105282152353
-0.0004121647973797288 -0.0018741741296007895
-0.0014369491571104335 -0.001661162200879928
-0.0011214211192662259 0.002284236411684313
0.004667248356809831 0.0004194365709365528
0.0008698036129473469 0.0006877732475405174
-0.0005738152039631605 0.00040332055280089787
0.002159128414052132 1.6064582597134175e-05
0.0004706485667689407 0.00017793021070467197
-0.0009277147273785054 0.0001437489031732691
0.0008689255882246475 -0.003077181302896159
0.0003386723013395983 -0.0013064454744686285
-0.0005339215592081233 0.000495235210148166
-0.0015263153242431214 0.0015200259596632125
0.0013910003216045796 0.0028573608569574726
-0.0012876425517479076 0.0016310920289868604
-0.0020104888318199397 -0.0009426520036316738
0.0008716039565569776 0.0006791435930505885
-0.0004891909093766504 0.0006755274366643504
-0.0009965637144087412 -0.0007452257724691006
0.0012255916362980607 -0.0010460803509475768
0.0015764233632201757 -0.0016716019162540613
0.000355531596294647 -0.0006198986023456585
-0.0009188878274365507 -0.0006547667904808967
-0.004922305341497201 -0.002045324892185112
-0.0007635777156687944 -5.467283702316675e-05
-0.004380796541897947 -0.002017300268957111
0.0007798555287818308 0.0022045962691144808
0.000951560545094924 -0.0028726806981115506
0.0022089819353758628 -0.00011230345496621038
0.003309142642181096 0.0019796061878531936
0.0019961787599365515 -0.0019408325486789523
0.0012348939346200672 0.0019605693302069526
0.0006041010445784979 -0.0015746181487265077
0.002181772429690699 -0.0031392093076984995
0.0014386602168966745 -0.0005597541191855074
0.000630755300015717 0.00048225325159595526
0.0016808590116498534 0.000361858352685539
0.0005140214807874196 6.1033276377124274e-05
-3.138676442074711e-05 0.0014286664090824301
-0.0006447638209514684 0.0007143959908008896
0.0005026478859893914 -0.0026091930118192766
-0.0006026971623274167 0.00025203382603184034
-0.000748644299052701 0.00030479828093022885
-0.0004941283216903745 -0.00165591899315137
0.0006780893359831683 0.003930022728343203
-0.002023735894939686 0.0015909863204259527
-0.0002080481586889753 7.29517673133127e-05
-0.0004152451075957511 -0.0006835765821783012
-0.00012450246000624758 -0.0009173118566312809
0.00013209752947649725 0.0013791973743412895
-0.0014473111368546552 -0.001729898971711667
0.00021826370739587133 0.0012651391992364804
-0.00029349881483371943 0.0023789781661820125
-0.0009711804401754852 -0.0005220673998344148
-5.702174967916424e-05 -0.0013651780542532409
0.0004493934401255058 -0.0007085520179346714
0.00022759053234902124 0.0021037384216936704
-0.0041399674235207155 -0.0002969203321546512
-0.0018063432737672345 -0.002101203569689967
-6.383856418300573e-05 -0.002553512936561675
-0.00034142442601379423 -0.0026972460250487226
0.0002921691259815049 0.0024570148502489012
-0.00046130332720304486 0.0008273901828146981
-0.002048346190439303 -0.0014950748970528592
-0.0025280029969919635 -0.0018956205000550247
0.0024813681513505006 0.0003232708475318033
3.748507860026752e-05 0.0007631533841647161
-3.055273776061574e-05 -0.0007226580943497801
-0.0006619445483722395 -0.0008021835173423839
0.0016771863307960717 -0.0026833594223889946
-0.002938122228388557 -0.0011904514369370997
4.946866015422616e-05 -0.0014199505320440643
-0.0022210476651146898 0.000644454002816467
0.0009593675789252131 3.7797191371005134e-05
0.001093123752657586 -0.0006078863107057222
0.0006209065480282564 0.0009924146145778743
0.000756118144946887 0.0006727356885499843
-0.00118755547938753 -3.0151042279688092e-05
-0.00023411298587710274 -0.0006190448006805507
-0.00054726569553017 -0.00022421106383349772
-0.0015034779198461535 -0.0019766791941086604
0.0013625067697179733 -0.001092609645694779
5.130461357804663e-05 0.0006765467352332586
0.0011746904011415763 0.00046799946277654417
0.0010407467253464905 0.0009550515214496898
-0.0021317361952220325 -0.0005553304121982649
0.0009651662388087407 0.0009019831869652665
-0.0026168729722291077 0.0005244341567997
-0.002327282905600225 -0.0006410831708843829
0.0007900711546913814 0.0008639759317358773
3.4911182130568987e-05 0.0010386551090405492
0.002526105738064713 -0.0006571975122007726
0.0008699227297027925 0.00205499541288279
-0.0011750623199920892 -0.00042736580519185137
-0.0008085133964864299 -0.0007709571071103328
-0.0017873385555042028 -0.00034051841320468905
-0.0014001049004810676 -0.0009982259466998738
-0.0009246212497580928 0.0002833091965658971
-0.0010561458209737962 0.002836789965522989
0.0016151788892757606 0.0017258009239432119
0.0025523029048264236 0.0004192731313083293
4.4849386289897466e-05 0.0008348723962002012
-0.0012805790690685955 0.0003270305532960286
-0.0009228208652240144 -0.00043611286244187193
-0.0003179986672973238 0.0012072105463886969
0.00010156859419164376 -0.001679563698037186
-0.0014615222490873341 0.0013253328668930476
0.0004539532102023272 0.0011573276236175882
0.00033635311350323276 -0.0007776815417276491
0.0009610507167000778 0.0008737609748921917
-0.0014165269570485884 0.0009391677073339609
-0.003001144470346508 0.0005654617954800105
-0.0004780021458960878 -0.001112065326038785
-0.0014817973736635267 7.657113844878351e-05
-0.00036045902867640537 -0.0013595426233777921
-0.0003131628159418763 0.0006729598148330317
0.0007592007337919982 5.80073978789935e-05
-0.00043044959930354045 0.0014932571919794768
0.000318209120909948 -0.0005111840168915535
-0.0006898636478374186 -0.0003418628345550002
0.003456722480016085 0.0011057076507996035
0.0003893697367629959 -0.0006892590323946826
-0.00339836321657188 -2.4232845342759335e-05
-0.0007945484722709193 -0.0009939231632698049
0.0006285421880298682 -0.0005079051146652179
0.0017233358475702838 -0.001483869769545784
0.0012299492121242606 -0.00026884182062773755
0.0003868718366506112 0.001546645127716153
0.0026225301728050906 -0.0003633012667307705
-0.0007560882588474922 -0.00016373058056382695
0.0005502279445292517 -0.00013971465636170106
-0.00010695859407926236 0.0017395269273363415
-0.0010134926346184359 0.0007832790691917305
0.0018180889910940684 0.0007544785294265557
0.0019002811291693254 -0.0011958982116588607
-0.0006670528511180763 -0.00010596599640717864
0.0004938543070231159 -5.637562842067203e-05
0.0005635968917995773 -0.0011212014165915857
-0.0003523096354193048 -0.001608959636609449
0.001215261224458403 -0.0003741446398141017
0.00027257487222954015 0.0036664182426419324
-0.0012165040710076609 9.284068452140311e-05
-0.0027213528931798753 -0.00043654674454783767
-0.0007675998510285659 -0.00017548576430972826
0.0015502286743046324 -0.0003835819904244644
0.0006377300404464241 -0.00018840243938629764
0.0002992726175901464 -0.00042015957783256036
-0.0022024545470070837 -0.00035380749603952205
0.0014276091387362701 0.0007869793159703898
-0.0006242675300582569 0.0011994393893986904
-0.0011014139903787299 -0.0006000803557018941
-0.001500953141850474 -0.00021724204341526924
0.00010687030067121392 -0.0018871418430321896
0.0011855003961679603 0.0001268774182810402
-0.001464970729371373 -0.0015947027472013944
0.0008885347233084197 -9.45055309178321e-06
0.0009691440340044937 -0.0006336196735124252
-0.0024003504380185935 0.0005912152088174555
-0.0006411503381746374 -0.0006437759533078477
0.0003413285648807107 -0.000995384350052777
0.0005648454266939437 0.0008892212311509541
-0.002618270744327612 0.0012627661998733412
-1.6163708829181116e-05 0.001009813480842188
-0.0005301493058766544 -0.002202784547238291
-0.0013768683828135828 -0.0007385783140442889
-0.000927828023555129 0.0011040668282637895
-0.000539419782211106 0.001235417118391022
-0.0001379559884410833 0.0010169973665237844
0.0007052356671391628 -0.00025339370530879474
-0.0017688436055503973 -0.0019002441706883575
0.000604629212570076 -0.001321581540883393
-0.0007730083505070823 0.0007911743363532639
-0.0010761140804007633 0.00028108159335145605
0.0016712988176282772 9.446941027100109e-07
0.0006835871686986604 -0.0006709950434197043
0.001012837498075462 0.0006003018164764532
-0.0009792868638612325 -0.001666647131630791
-0.0008511258506444039 0.000897205080185593
-0.0028226264724955084 0.00029853162601065644
0.00029881703178819333 0.0008675465547946721
-0.002282293851008058 0.00013385389521308058
0.0011804614287646785 -0.00014192180807451023
-0.00034888168339298944 -0.00024216581016975637
0.0008966331351224529 -0.0014888297972670665
0.0013712912655673016 2.6544744042353023e-05
0.0012414721032193185 -0.0016619795123811113
0.0009422616551718007 -0.0007495061159389463
-0.0019271217333772478 0.0020868260628347877
0.0021275151717082426 0.00046897399894203393
0.0014378402644923001 0.0002847051668507293
0.0018868159873468035 -0.0006332427692936568
-0.0019285805105525205 -0.0012683692940295738
-1.8146182159032092e-07 0.0017353680614402359
0.00014853093009793106 0.0011477137384534796
-0.0012796862756761275 0.0002553880057763257
-9.19823838092287e-05 -9.478850809839226e-05
-0.002490443210515719 -0.00078337676439645
6.211985759063877e-05 -0.0016105021734447776
-0.0012659861323533743 -0.0007798533913629383
-0.00025951990689570013 0.0012411470789030201
0.00011931445234043303 -0.0025906691252516973
-0.002024406703305874 -0.000316732826898917
-0.0006071304070645442 0.0020211384311406076
-0.0017727426016201084 0.0027880105895436305
-0.000401836956111682 0.0008406864507178364
0.0010670486631520375 0.0023014986881790033
-0.0013861888183816806 0.0012844193642192307
-0.0002426359912657393 0.0012096410544559948
-0.0011601316480589433 0.0018441430193968965
-0.00045054678878460915 -0.0008104913374811005
0.0009740572115018531 -0.0017186456926485455
-0.000549267055178609 0.0003227298977663965
-0.0009946502049628615 -0.002239015410951079
0.001146074374164499 0.0002452369205338487
0.0003956841501951472 0.0005048200978875115
-0.0015293936910379697 -0.0018497978480272327
0.001661879122795856 0.002353751561012599
0.0009530444591482661 0.0017215566156467013
-0.000552843625831136 0.0012966535558962928
-5.430585271720335e-05 -0.0004484019716015034
-0.00013617343445455622 0.0018181175223056592
-0.000377781470454202 -0.00033655558134754144
-0.003279883533252113 0.0021858328006301563
-0.00027400680405479207 -0.0012229194110722757
0.0015544422311607345 0.0019533313911833513
-0.0007076346920527815 0.00012359243461101694
-6.79917675721792e-05 0.0007873672882960519
-0.00025951429892029566 0.002621168488490072
-0.002415684960267423 -0.0006524753201694128
0.0017971618560876255 -0.001090724956555911
-0.0014701240057225177 0.00027057064996230634
-6.607396266169658e-05 0.0006971341716659813
-6.247913722996458e-05 0.0019818037790421245
-0.00048240102346293334 -0.001724684564438283
0.0004391823922297741 0.002502683562492603
-0.002313356396538316 0.0011792776451071746
0.00033585135524335266 -0.0016652217715178517
-0.0009025692012086423 -0.00029244205524822105
-0.0005763924933414686 0.0014567178633377485
-0.002434341033629085 -8.341990373516915e-05
-0.0022026566753486072 -0.0013023834554873655
0.0003816872099727598 -0.0018593206590303392
0.0012841567103131593 -0.002377583474369969
4.007783095640624e-06 -1.2773381090516843e-05
0.0017062527859162638 -0.0020148997387941254
-0.0010017669261590501 -0.0012139330156386483
0.0013598366909253687 0.0006025439536611441
0.0026291329962258897 -0.0005929013283838508
-0.0011583431126165732 -0.00012325190037305425
-0.0012040568534942466 -0.000861462434723651
-0.0012603815575988957 0.00034463109318737115
-0.0012668608935201327 3.025636514238043e-05
-1.8101399378052393e-05 -0.0036459845687009554
2.3579935295762603e-07 -0.0025660121941520385
-0.0017577572875976846 0.0007617405925428528
0.0017128997119089603 0.0005370465597320964
0.0002272411277651653 -5.590359559117902e-05
-0.0008601065085992403 -0.001799528741149624
0.0016900132387837647 -0.00011966391851303342
0.0016946610682330265 0.0016257890378506207
-0.00027038213904551474 -0.0017556846344973004
-0.0006193686588642681 0.0005595065691285611
0.00014685808954598023 0.00015092450700534784
-0.0016157056994684363 0.002010318009802564
0.0018879183009925216 0.0011679954266730886
0.0014513492174440075 0.0011835394350581461
-0.0022396114055535537 -0.0012171539362389107
-0.0025319199611260365 0.0023418657119361344
0.000174616877501819 -0.0014915972609340193
0.0019214768524629426 0.0006375228436451553
0.0008520159604720621 -0.0017825907606399782
