0.00021106273208942883 0.00016574989814644917
0.0002877024262569298 5.7975985716502515e-05
0.0035316271346624017 0.002276631310160406
-8.546364374225551e-05 0.0011324485572196097
0.0010173051861013204 0.000479363832341601
0.0003853775355984906 -0.0011587621764787147
-0.002682064671165325 -0.0011349677192587964
0.001062769527587251 6.822932329477509e-05
-0.00014292268994454217 0.00038226164077359055
0.0002980406142599664 0.00021474667704979384
-0.0011952219322191302 -0.0017476548509750773
-0.001306044043510123 -0.0013743104151146125
0.0005314094016382052 0.0004234831636705966
-0.0018987998336410718 0.0001931026026312725
-0.003746048616050275 -0.003507362494648241
3.998121045699434e-05 -0.0014232138978222141
0.0016506616712657976 -0.0014629365045812624
-0.00134331853567873 0.0017785550767573878
-0.0022426905565682436 8.996115213235908e-05
0.0008901301486406648 0.0006055909308084342
-0.0009610429615743879 0.000560169156713878
-6.645470780222717e-05 0.0029078793471689706
-0.001375067830399156 0.0019400764625995886
-0.0027153330005096304 -0.0024417200831032006
-0.00014835961255703787 0.0006748411933670689
-0.002040586699949229 -0.0005646275678625275
0.00028954544781201706 -0.0019211369591047643
-0.0007797177975420595 0.00046915276381661263
0.0003576870055052394 -0.0019314449520364298
-0.001972459299205046 -0.00017658648786647184
-0.0011874325759409006 0.0020891952557260314
-0.001970515623303694 0.0008750945391305712
-0.001849996370654546 -0.0002796656750868839
6.907310832874168e-05 -0.001557579710902281
-0.002231155403543473 -0.001058345147849741
0.0022964849171950856 0.0008697040389524442
0.001510185283288208 0.00025464767555316255
0.002151651221729761 -0.0002484707489180433
0.0022553390301831805 -0.0011726567953670984
0.0012208480110422867 0.001549834249244538
0.0003331493439901109 -0.0016782475387263562
-0.0014706887585059785 -0.0006344016001838768
0.0005980360840165254 -0.0011898977367602729
-0.0023794092061256594 0.0029283422273469703
-0.0013918590964476533 -0.000625246137063439
0.0011584805384185037 -0.0003347444145520822
0.0005426419872937418 -0.001204336365286378
0.0007656214444013809 0.0007628255122623385
0.002424517125785241 -0.0017538816420963974
-0.001729632030804237 0.000731498534909582
0.0009603494742683501 -0.0006453213452126996
0.0022665188068853037 0.0011943608713195363
0.0011427677632668816 0.0015457478572023905
-0.0014963338231093071 -0.0013544680191836457
-0.0013045708032516895 0.002341947275719808
0.0003905992361700147 0.00021994735120806517
0.0006048267647989326 0.0032071969239652015
-0.0022207730749076978 0.002234299518824464
0.0012131665912754616 -0.0012250889938279727
-0.00012014533707691641 -0.00014337119845486698
0.0006088345059534177 0.002056576852763962
0.0013036544364695263 0.0020351302274522545
0.0011474023709895204 0.0008381781547210258
0.0006308854608068246 -0.0018524553111615501
0.0003679605002230637 -0.002946162961723075
0.0006279060807487972 -0.00044867230921214537
0.0018271199362198567 0.0012010156262758326
0.002264223886665433 0.00029893121109386884
-0.00038322648912578937 0.0015691753616081906
0.0013846358519781418 0.0019661866815259073
-0.0012552105759882813 -0.0014895556678790243
0.0020907597209436596 -0.0018574787327955927
0.0009418032353078306 0.0045628520139236375
-0.0010977463848347855 0.0010813174452326045
-0.00022053848156956485 -0.0015138141876370722
0.0022579959363236727 0.001380181257338702
0.0007863795169541757 -0.000447921263232426
0.003940792613733479 4.8749526194791756e-05
0.0017505274240227236 0.0026173933330643872
0.0009119904046877201 0.0008818929088333202
0.0014564291001047268 -0.002693531190111433
0.0016404583773528562 0.0011693562603357888
0.002570153587240797 -0.00019470350268121852
0.0005826546786763569 0.0006245578930571868
-0.000470486680606271 -0.00046837607858818284
0.0012804415504181332 0.0006545656569708218
-0.0016060398891433458 -0.0012459658676044901
-0.0008922030501844667 0.0016500127429890177
-0.0012887351046017232 0.0007759204867604223
0.0017318517784346201 -0.0003594861338573071
0.0004844443289410164 -0.000200062872613869
0.0010690100766111025 0.0002888400155493843
-0.002831204436235835 0.001849059899766857
0.0019354572662232375 -0.003050820646493535
-0.002033038298169962 -0.0006976050684905495
0.002160872788895466 0.0019298051891390299
0.0013816155241429796 0.00020793902109248722
-0.0010834390985035834 0.0016795806454414667
0.0020095045138818057 0.0016324937180822554
0.0004325759405676765 0.0005199388420822797
0.0003570989682697029 -0.0005690237564886591
0.0007131724972661285 0.0006249663803189694
0.0008808035505076486 0.001957967966484785
0.0006539161515593647 0.002227453590193959
8.943515182387767e-06 0.0004951174026893488
-0.0015408415769186847 0.0005301741205299113
0.0007034483627033745 0.0013689790268375192
-0.0008262023327607099 -0.0008231164138239739
0.0009712729346768402 0.0011583429465544415
0.0009799571274750334 -0.00048224236737433426
-0.0006868050054424721 -0.0016480689247254728
-0.0014891579665965526 -0.0010476730954570622
-0.000366516575096169 0.0012798050351145245
0.0027014668255798623 0.0006417738497429124
0.00044841034985129263 -0.0018328281179845697
-0.00033529298884780366 -0.0001100135491522125
0.0007338683093991626 0.0007509131265847577
0.0018114892475239988 -4.104824358722686e-06
-0.0002673641317776511 -0.0022098778117774225
-0.0016408903835087678 -0.0017723649471240402
-0.0015735212178970871 -0.0018173189662592923
0.00020197631931992974 -0.00036051013988575107
-0.0009517836222079589 -0.0008694794578380465
-0.0001756889841300605 -0.0017772785257243262
-0.0024132002093499774 -0.0006567975740574591
-0.0014300023820522658 -0.0005055423966886854
-9.76243886290914e-06 -0.000576426096026717
0.0019375020341863584 0.0008721567685255876
0.0002433836849090621 -0.0006948789451429834
-0.0007596780568588415 -0.0010616840706135463
-0.001059405199745342 0.00014048816354760807
-0.00111157816446164 0.0020101404667796172
0.002218175117696773 -1.1145027214248232e-05
-0.0021463148727185097 0.0009375515886290844
-0.002158515533326869 -0.00033285279962215724
-0.0008833233014990296 -6.260350319522302e-05
0.0019816307631296466 -0.001356140311470225
0.0027267385238631168 8.080378028104596e-05
-3.285919356824541e-05 -0.0005691675147461399
-0.0011415791184377795 -0.0014434018658804767
0.0009108690412843474 -0.00043703526301503256
0.0016140777608217591 -0.001958721370599327
0.00016262348367240544 0.00015091131335840822
-0.0005887104904315242 0.00035606867428076774
0.0005816376907990724 0.00044395933029779016
0.00015056875573241972 0.001289062560701338
0.001560301349940517 0.000794226424156366
-0.002076388348353359 -0.0007816950163249423
-0.0011163824776855818 7.872394620729136e-05
0.0007033190001910161 -0.0014983590647273176
-0.0010694368418592971 0.00021199643695743735
-0.0028369733714658347 -0.0012082538354431347
0.0017879771730724646 -0.0016939447096536236
0.00017182584692099372 0.0011711966540360647
-0.00030597994028461385 0.0003917677964624929
-0.0005276882318765717 -0.000356532430960018
-0.00020477257842533748 -0.0006720954721969408
0.0013083676707763684 -0.0034495486439024784
-0.0010992066605812392 0.0004924020734726122
0.0015113679299064158 -0.00040705992794888915
-0.000995090058437678 0.000285468381983372
0.00017293420033335165 7.31813708237805e-05
7.872451793477127e-05 -0.0010959782598568616
-0.00032569971618028054 0.003538873516051564
-0.00018068802337330828 0.00040122690657902065
-0.0015144252812348095 -0.0003135578593169117
0.0010648532909316632 0.00045950999300671574
0.0008588968979905391 -0.0002142933940618539
-8.616276115921516e-05 -0.0004999714551126315
0.0001851763922143862 0.0012602273360958031
-0.0014879376752182242 -0.0016266912872821026
-0.0007266429184934839 -0.0003499158056994159
-0.00046769271220588636 -0.0013304981900640893
0.0003685987266840839 0.00020650933220030252
0.00011090267364823626 0.0015319762971393583
-0.0007527822595252476 0.0007849253114566132
0.0017474904386760243 0.0011866826529704196
0.0017957613664280002 -0.0007441338153356275
0.0020017654968959675 3.827505285102786e-05
-0.00028355025378909367 0.0004735597847645146
-0.0009892667667376124 -0.0004878066203370591
-0.002241077063401247 -6.89138418451702e-05
-0.0018646741070117863 -0.002694084771893127
-0.0013912903453174978 0.0006660730349465695
-0.0018643816697798909 -0.0002682141709939085
0.0001805948742927523 0.0005386324192066529
0.00033629398996547606 -0.0004994578292064968
0.0012498327690961674 -0.0008851284262646813
-0.0006753396977212079 -0.0006320711166405233
0.0015540445766562658 -0.00037636074968669993
0.0009482374614479962 -0.001458633889595703
-0.0008208352763647239 0.0023147896164026726
0.0007974631753665648 0.0004836130811132657
0.00045543907064423745 -0.00045478488223442393
-0.00159973159922181 -0.00207383477866498
0.00012483601319939803 -0.0001339365497878563
0.00041288295740598614 0.0023155243184082735
-0.00047570510971121395 0.0009814747487504618
-0.0007409307220641041 -0.0006493150314094101
-0.00025064593165433167 1.5169397561013754e-05
-0.00036508851881057546 -0.0004780281934357267
-8.663197122624565e-05 -0.00020887761804644475
0.00011130182176571317 0.001184196951380397
-7.663423035924761e-05 -0.0010367379225746016
0.0015270318684450323 0.0006361501099625216
-0.001302261988066516 0.0008454190839562069
6.035396698971314e-05 0.0001799105866710181
-0.0007651007391720922 0.0014949054604506712
-0.00011546011242079457 -8.421852449638605e-05
0.0021405989518137286 0.0008982125306294938
0.0021455866012566292 -6.316653894322314e-06
-0.0007815651382396627 -0.00027467365816280536
0.0011181588553016417 0.0010566290906476427
0.0008931697589167276 0.0007315468683319464
0.00195985042904925 0.0025695687447295245
0.0002104773923777631 0.0014239650375126752
-0.0017191957161246311 -0.0013033047108492336
-0.00234124470132623 -0.002113611293779018
0.0018237441795848897 0.0002591517387109263
-0.0005843892482997741 0.0006266067986735796
0.002417849130618772 -0.0011337605324210581
-0.0004730951999844755 0.0001798119795716137
-0.0011628045346373222 -0.0001580805821237682
0.00017688254337419945 -0.0016699917445858327
0.001390498127717297 -0.0025450425389744605
-0.0017436415209723657 0.0012708547720178566
0.0004931352207523088 -0.0011431805518178585
0.0003538052442470654 -0.0008155538209319694
0.0006067778190754418 -0.0003925273738792943
0.0007989632593502924 -0.0008457499061441385
-0.00040781826815383914 0.0027911595496484215
-0.0005617808528494362 0.00024611247865217886
-0.004395670321431819 -0.002362099587465311
0.00026483085017003135 0.0007688864044069837
0.0015304280299615928 -0.0013315064670916484
0.0012405555062175264 0.0010966555718482898
-0.0015839982459501765 -0.0010465608356393793
0.000520853937750126 -0.0004943278209336897
-0.001619943871053811 0.001162031312868745
0.0010502305846512867 -0.0007119872009175707
-0.0008490082653453738 0.00032507724475472593
-0.00011233320954487448 0.0008442075318648612
0.0015964933868009962 0.000963624008201651
0.0004257376524057453 -0.0001692776349157734
0.00013142551028581735 -0.000673284965387854
0.0006738366884204833 0.001421338419927981
3.925764365057477e-05 -9.508320983149785e-05
-0.0001692137735943954 0.0014946012355532882
-0.00011168084043479522 -0.0014541788878815725
0.0026613626195961587 -0.000753341300931331
0.002738746257086744 0.00011928728948537999
0.001432473008054131 0.0014123969082856045
-0.0001047565142469423 0.0007428315429581459
-0.0017089158841807567 -0.0006608531939597763
0.0005454027626579636 0.000757059630000792
-1.100944903664861e-05 -0.0008406805143392254
7.00661249602205e-05 -0.0003471225040469939
0.0009857995604009226 0.0005415210669505123
-0.001537658449549709 0.00225246726016989
0.001581413134529729 -0.0012669537498912618
-0.00041957807437126315 0.0014540697398824297
0.00023878005360857582 -0.00025913295667045984
-0.0002624733268301711 -0.0011906820335731605
-0.0028225601667448775 0.0014819190690290225
-0.0016286043269755778 -0.000675514045296371
0.0007853870524891581 0.0003995351456681775
0.0016493476943265026 0.0005807207639889174
0.00074239640500873 -0.0006814854878924988
-0.0006102540332310765 0.00025065222968141904
-0.0008453929654134113 0.0018570433398056802
-0.0018574736270634735 0.002433854700399448
-0.00012856419431451946 0.0006581003548339544
-0.00037612507639459664 -0.0016238663537516587
6.412566866300416e-05 -2.7013977128883337e-05
8.504039512333046e-05 0.0006493677637229382
-0.003828726056421227 -0.002537076807608666
0.0010314623416639618 0.0007183004697439438
0.00017773007757449362 0.0008208081867873382
0.004108783289131721 0.0002435647788780904
0.0003678971641970671 -0.0015063936688398023
-0.0012687221990171985 0.0014893363795664798
0.004100784962498576 -0.0006607930397572893
-0.0016163725063839055 -0.0002702265520811154
2.6512751759016037e-05 -0.0007401226858341292
-0.0003957898171189479 -0.001624317983833857
0.0009633232569751793 -0.0029817503631326776
0.0017550326078419607 0.001049786106298395
0.0005712266113453141 0.00013909973751790878
5.6029892427927837e-05 -0.001261368892065997
-0.003272622181748061 0.0009486832156332532
-3.821279955998879e-05 0.0016838168631165113
-0.002100949607926877 -0.0026993432321532713
-0.00044214962748953383 0.0005182842878378669
-0.00037692257838601597 -0.00011764518877175225
-0.0005593500274989293 -0.0001188266760243467
-0.001949746999694759 -8.733271863365636e-05
1.6497938543377976e-05 0.0002704093384484345
0.00046592394313096013 0.0005779454749018641
0.0016172635222473487 0.00017425835342991768
-0.0002450707758852122 0.0006619943510982263
0.001964427414079716 -0.00041258941190529215
0.004220920834939949 0.00036916645774794587
0.0015872090264183335 -0.0013342671061559303
