5.951217908752458e-05 8.383592249490372e-05
0.0001804781901378272 0.00018977341160030756
0.0054828586536101774 0.004134998112750216
-0.001857273730700969 -0.0006828456347094349
-0.0007389663097102026 -0.00276886259171924
-0.001402977398483262 -0.0012161997224260665
-0.0009724090586312841 -0.0010274483040234616
0.0010594786550703224 0.002830464595784882
0.0014320810213175141 0.002492658788679722
0.0021145064501392427 -0.0008389402631063927
0.001842400090703078 0.0014030877045959718
0.001530783899228366 0.0010630811179717114
-0.00016553412699643353 -0.0010138762068446676
-0.0032423366010277998 0.0011852736347072773
-0.0001110039528754984 -0.0018783000823342061
-0.001846210673005571 -0.0013372878338238044
0.0011601145536802144 0.002923883807364691
0.0003095984018088188 -9.52611303430031e-05
0.001465624447229509 0.0010648287288685626
0.0015745800119002186 0.00028151283831652046
-0.0014198743999759185 0.0023378827547774358
-0.0023176947776200186 -0.0008522385446534579
-0.0016312131574344711 -0.0022015554350070534
0.0005369414498554966 -0.0016210030618348643
-0.000542918815505276 0.0021236464613767045
-0.0009180965720947187 0.0020957251507986996
0.000885586819305921 -4.858081790737717e-05
0.001715726033936458 -0.0004708141476208934
0.0012468909384226936 0.0024736515804795697
0.0036428394655509486 0.0004699733553352284
-0.0027840826345081017 -0.00024987741702845335
0.00012113385412781654 0.0015227394714152306
-0.0001929471524337193 0.0007143657724113777
-0.000670381380078132 -0.0004958625916040394
0.00038069114393612106 0.001017042788238706
0.00043277046284356487 -0.0005181010763514641
-0.000775276577963486 -0.004578506372686003
0.0009915547656441724 -0.0009548214836397516
-0.0015232453757067688 -0.0026151653025156597
0.0012434544965295219 0.0017623187502361598
-0.0006083040675084045 -0.0002138908124317535
-0.0013699218335656781 0.0004443050579467873
0.0005765123083096255 0.00043469975661853007
0.0006889478159469271 -0.0015897006088480355
-0.0014652392498825859 -0.0012710688290743918
-0.0004433801636450278 -0.0005633285648481369
-0.002842727959762913 -0.002789666515039715
-0.0007873836762636169 0.0005677210059531342
-0.00014544848678996525 0.001835784001725489
-0.0012968040474894648 0.002764809920059721
-0.002156842928733501 -0.00016098651003391986
-0.00014024511918229825 0.0007916319048343728
0.0010177292246097568 0.00041338293920761273
0.0011814583609166122 -0.0018723246187886452
-0.0003153409246862192 0.0010329141960185228
-0.0003737156101029039 0.00031714519214307875
-0.0004842476187018057 -0.0009378387807667501
-0.00046398982600617307 -0.0008181330593084812
0.0016951969459613049 0.0007933500614959471
0.0008759023629571888 0.0038345188034067433
-0.0018584383099440886 -0.000410649459380268
0.00027315388629918334 0.0003356887606811221
-0.0005872925476054136 -0.000762839765640872
0.0002625108674614911 4.57140285732768e-05
-0.000890189084317062 -0.0007049198899308895
0.0018712464863361211 -0.0006322326446600064
-0.001565252918424918 0.0008674091793744855
3.977602348505084e-05 0.0007983228852745944
-0.0010907017445943629 -0.0019358469141131656
0.002162581180591756 -0.003087994624686463
-0.0017121878574934805 -0.0010453827572620773
-0.002243598562772333 0.0013046283647651679
0.0010652962269135009 -0.0029082198610254776
-0.0006651865806753249 0.00018986743535720613
6.69256073384173e-05 0.0005626470615792026
-0.00016341276114295898 -4.715067265877246e-05
0.0021015738495284778 -0.002589020290466226
0.0003686931962611316 0.00030918712128431846
0.001531620231037079 -0.0015482376063237384
-0.0010850753317015228 -2.7574769513118103e-05
-0.0022667209383198284 -0.0013546845875330544
-0.00045719060495280975 -0.001920980624248058
-0.00030320016994811537 0.0012722158676849366
-0.0023145027607140256 0.0010725579303623944
0.0014417836930075772 0.004001067945850013
0.0008332483786454623 -0.0027877072778870176
-0.00014363502697759128 0.0025050027851592485
-0.00011004658901445876 -0.0012368538810287447
0.0005135637193727938 6.366972608214369e-05
-0.00012646393567516365 -0.0009642547673474024
0.0010453607669693682 0.0011699453065500713
0.0014728761648587377 -0.00533148896463753
-0.0005806751917483833 -0.002540014389630123
-0.00027348482205601647 0.0011006661081224907
-0.001250625911272564 -0.0018677740207138313
0.00025157797377969 -0.0001613035434586719
0.0017369722790523485 0.002187410054293828
0.001970655660199755 -0.0016553486078100213
-0.0017052755706134905 -0.0029777224598716654
0.00045458339716581553 0.0007128216872145675
-0.001119683806755697 0.00018400408789397436
0.0008867895834572738 -0.00022821164383837956
-0.0011307673133084894 -0.0010892820633158504
4.786359696466261e-05 -0.0015731217305765754
-0.0003565434148777321 0.0025413964490703534
0.0004042568646413785 -0.0021501784399346776
0.0006117999654890859 0.0010039869037725582
0.0005989581612713563 -0.0015949299344414241
-0.0012340005050935127 0.000932942674920371
0.0003088788239243413 0.00022480452544183254
0.00022589212089195804 0.00023969074916678701
0.001647612311099545 0.0023173396457140776
-0.001977509850536167 -0.002957025369155978
0.0009000856553412923 0.002049536685716591
0.0015353452457161003 0.0009066381327321142
0.0002753019386332583 -0.0006149016497661882
-0.00045666571491370444 0.0017897948737551188
-0.0017483671774262816 0.0006259828414528751
-0.0008859810256021829 -0.0005872599991181021
0.0017640662474849096 0.0016259212490599927
0.00011433393173954154 -0.0010763515615134737
-0.00043914923003233916 0.0009226118140686587
-0.0012329518651685652 0.0005763353846262308
-0.001345099252894839 -4.186065859124968e-05
0.0002332384365757028 0.002481650324291581
-8.552060544882025e-05 -0.0017862739281169478
-0.0012345339252255762 -0.0008507081999497082
-0.00213780344685992 0.0011135241996984818
6.904441043510037e-05 -0.0004641856712296986
-0.00029157760640177575 0.0007307522883805374
-0.00026337583588233827 0.00042333291362126166
0.00014861009663106478 0.0003727276415691655
-0.0012422247239336584 0.002511928269189423
0.0011682490837433964 -0.0007731875739710834
0.001232907704966082 -0.0011864655431713265
-0.0003001935972524653 0.0020850414595947123
-0.00025916164660696995 0.0022278474958140203
-0.0005070853791543374 -0.0010307238020701305
-0.0008499244837854774 0.002167691563862601
-0.001868016356027209 -0.001313056764992051
-0.00016466378582996014 -0.0017196548078017883
-0.0002449007733359734 0.0007383870232189366
0.0005020228819834837 -0.001994286357379541
-0.0009454618146024275 0.0015381039622983166
0.0012258124010437335 0.0005333155698887764
-0.0001545165295757123 0.001667948730416571
0.0007439280935433892 -0.00037566885114556235
0.002282303290796596 6.134263725352181e-05
-0.0005912033167698778 -0.0018355214423761966
-0.0002911488724613564 -0.0005659703720948363
-0.002250425105257593 0.0009479704453985082
0.0012025453449942304 0.0020550374902776414
0.0003285678527696424 0.00018190066785642327
-0.0002931533950483748 0.0010536079171046158
-7.319575512813355e-05 -0.0004457294426245251
-0.0007656975288532571 -3.460519020062382e-05
0.000616514499276465 0.0021471186823380905
-0.00014073496230122446 0.0002047494389162368
0.001121009057343979 0.00047165820246261055
0.0008144357858650058 -0.0006170868603315958
-0.00043384543414869424 4.1539211839637666e-05
3.0262532098313547e-05 0.0005228411377531735
-0.0004287394329294299 0.0012440190177634813
0.0018449702329232972 -0.0009618930682483488
-0.0010070837845657726 -0.0016147592866998612
-0.002096381910790779 0.0009403461004235224
0.0010368324266559037 -0.0002581514875012826
0.0028257663865765958 -0.00021021110465405416
-0.0022338893036589476 -0.0002574750595298353
0.000851118084814416 -0.0013435672307567027
0.0007201281508447204 -0.001353684179921974
-0.0016235803276072468 -0.001020306608995892
-0.0013067468629615357 0.002653863196757957
-0.0005661902067289704 -0.0010819965648992177
0.0012966882370516759 0.0006016922249995197
0.0021524608639339384 0.00036908527743757775
0.0010979166724193956 -0.0007420169089051858
0.0010071446197988385 0.0007448818911589406
0.0009376583474127475 0.0008462997945206917
0.002208488903728274 0.0011391488660195822
-8.563168515385477e-05 -0.0017470377034791579
0.001265776682891508 0.0001512434445649962
0.002843433127985384 0.001927677555383402
-0.0006455880933581206 -0.0012555310961255485
0.0011200709635680317 -0.0009985440107945784
0.0005195777197505465 -0.001379617015922852
-0.001847683656352866 1.9601229806988083e-05
0.00017533628607150384 0.0020648739271696883
4.740599637396885e-05 0.000209701017774174
0.0028702487232873837 0.0008637660645100778
0.0006177043208818436 0.001477470533874764
0.0011107393480966987 -0.00018305144678046594
0.0022915507592673385 -0.0016339377961939875
-0.0002260387430838295 -0.000804564574770004
-0.0005457195997180948 -0.0013801790019919522
-0.001953758749695947 0.0022558698690765197
0.0007701496755116587 0.0019390557166734596
0.0015707447709179389 -0.0003499628357105233
-0.0019175211042818487 0.0007600388104934616
-0.0012764307659580562 0.00021678603606118814
0.0005324742551985554 -0.0008951940827232861
-8.235992578755251e-05 0.0005529907325163356
0.000268549770351993 0.0003540493829083373
-0.00038227123437425167 -0.00048707420143390037
-0.0014363516139769153 -0.0014949469564583308
-0.0017435056083425183 0.0011639419016148164
0.0006726653222623568 -0.0004893213446989323
0.0005991925507228349 -0.0021705700132265164
0.0016925322759710718 0.0010488011149968517
-0.0024203972005236952 0.0007930037860151596
0.0023456141803763625 0.0005836836970957656
-0.0016837199574352977 0.0020205376840346633
-0.0007826306765296877 -0.0009851920676110688
-0.0003454147890205965 -0.0006308964905954941
0.0021646083788331937 0.00019494057971499484
0.0010830157412090268 -0.0004076722968750139
-0.0011540925028222576 0.00038233245906127097
-0.0007397041432954815 0.0017503050856144248
-0.0023403512353293065 2.6673244024172244e-05
0.001146234011229658 -0.0007244179299880404
5.985969994540746e-05 0.0011383802107304357
0.0014529725599657923 -0.0003974396720620259
0.0008859510319104937 0.0009565957054870388
-0.0019344539995592655 0.0010408786963229293
0.0007889177151298597 0.0010251254507652125
0.0022065973018096487 -0.0009776714595270688
0.0022257766305416944 -0.0009215737823571292
-0.0012389731028686949 -0.0007871621368036458
-0.002693413091323841 -0.0016191195738542241
0.00031377157580637227 -0.001028475159667944
-0.00023652485241463055 0.0029152841973952635
0.0003551504625924887 2.948797579967052e-06
0.0009795536056193212 -0.00039423908907433683
-0.0016697231589919653 -0.0004012709330605307
0.0001034412977769152 0.00019317895251205717
-0.0010834967628005029 0.001406665794045401
0.0007785775754606392 0.00014870262851950206
-9.041601209389976e-05 0.0011751960324300728
-9.150738101759282e-05 0.00014765501744395083
-7.045311822948725e-05 0.0010236953945052018
-0.0005001956902834469 -0.001834862355454953
-0.00043870815035070135 0.0036179756824776996
0.0003490611493898184 6.79020860115785e-05
-0.0008566479872841633 -0.0016125419286199974
-0.0019197556908731323 -0.002333404411678948
0.0011679654803714095 0.001355546467076541
0.0008569175976001649 -0.00020812316396795057
-0.00033560699108471046 0.00199157393868677
-0.001377045203549458 0.00041657211697508395
0.0012118339053492876 -0.0008438101639351644
0.0020767350392692195 -0.0013306695668980205
-4.005872166522469e-05 -0.0008312479273392233
-0.0009751759067670223 -0.0010954833738852812
-0.0022671936104423983 0.00027030947443632745
0.0010464780988952396 0.0014369817790999683
-0.001923817718787544 -0.002717590530132896
-0.0007398445462570867 -0.00028049187386330296
0.0016265171123083636 -0.0008849772241867754
0.0012879786282945346 -0.0029246600745483037
-0.00010660521668800338 -0.0004762252990675009
-5.272022377663587e-06 -0.0012270559793863354
0.0019180112423691992 -0.0006223518376831445
-0.002222939518422096 0.0007739070051242157
-0.0009529197620538252 0.002133357953864596
0.0002005094919721399 -0.0009963499342000184
0.0019734841073328537 -7.347976338611233e-05
-0.00042266216787124856 -1.9600981274624692e-05
-0.0017777384770483057 -0.003075486787938199
0.00019865709248086737 -0.0004884248068010502
0.001456917416787752 -0.000974879734616039
-0.0016208377841001535 0.0020261546275509358
0.0005050817919970941 -0.0008613846124332768
-0.001107068441522695 0.0012740288765426793
-0.0013026269345016318 -0.0034226839239537787
0.0028110091904081295 -0.00012984102821044844
-0.0008898360686191919 0.0008606705080777572
-0.0011699853326083449 0.0036724409074739457
0.0003053439461478867 -0.0012025210276332856
0.00177228347809285 0.0006891902948129146
0.0001403608582842015 -0.0012173881000174887
-2.8911912554314115e-05 0.00028792430753155264
-0.0013573757583427994 0.0011488994950822086
0.002528109857212595 0.0013807775470243567
0.0012172080951985411 0.0007083093710394807
0.0008604669499950662 0.00018661243521263056
-0.0003079858203448275 -0.0013947618083597086
0.0013274855518169996 0.0013273537619475175
0.0009905151143675653 0.0017117268328735618
-0.0008255458648651707 -0.001327509138522228
-0.0015379883603038977 -0.0004063358496621423
0.0009507384456532169 0.0017363880839099126
-0.0015705654067962938 -0.0017733263221102744
0.0018464515669497428 -0.00011583176486222038
-0.0006663691856911524 -0.0018643318000194954
0.0007075114609869373 0.0018681801485593995
-0.0001309578613509694 0.0006922543216324526
-0.0002481705262482166 -9.407413962292839e-05
0.0003244286080130569 0.000795889057381607
-0.0014791122150121783 -0.0014162484850539653
-0.0006569259163393441 -0.0010003265461336803
-0.0007260528335939169 -0.003905482936518338
-0.0013261447427497825 0.0002173141452407249
-0.0032535874563283064 -0.0012763317067925248
