0.00024868995294298707 0.00011793875300314369
0.00020637182122352617 0.0001186096330204952
0.006744028036444139 0.005322681359874581
0.0010488805017083945 -0.0004438457866450833
0.003256984042237099 0.0026763610854290795
-0.0004827100585236978 -0.0011051414963168915
-0.0009416936610255466 -0.002410118947910245
-0.0009323787277690737 0.0018512292234398224
-0.0006198103261385093 -0.0021822954265102437
-0.0018044649655406296 -0.0014375102805905696
0.00026101670563174204 -0.0010309928722772473
0.0002049201020972496 -0.001183465115546208
0.0013953214282285667 0.00026738845558760445
-0.0018164134622403014 -0.0010697025115116892
0.0005768273009356548 0.002094739350661064
-0.0014559335118256957 -0.0018766299899347987
0.0025844957559796483 -0.0016239067012747538
-0.0020129373672631732 -0.0009383300537484563
-0.002118508899238228 -0.0014138282620429876
0.000322921463055227 -0.002542715701547442
0.0002789814052792482 0.0016740791488542934
0.0018605498584394501 0.0003037829716074581
0.0028602540234938683 8.22407342929313e-05
0.0018990462206722367 0.0036288817154977084
-0.0012225911385919661 -0.0005694919561941514
0.0007503716014939855 -0.00383029042735138
0.0007064060506900663 0.0010585757695305907
0.001205114783183857 0.0020046916679437084
0.0017017041482540263 0.00013990071748280186
-0.0029996575971876762 -0.0007387903282372404
0.0008898937640872122 -0.0009804911405010175
-0.0005654451949146342 -0.0002567872786100639
-0.0018065738233101502 0.0008991456560756809
-0.0015635257476115962 -0.0006722230802529658
-0.002614097439065574 0.003379567555696788
0.0015814482905312666 -0.0009231660770604356
0.0005990476254505149 -0.002655115665566135
0.003893302163390687 0.0005738969252725884
-0.00025884057505084785 -0.001212069005119004
0.0019485975786728983 0.0006623541798659902
0.001194703383855177 0.0022813748376777315
0.0023395663625825915 0.001737193723746772
0.0017692053126962775 0.0011863473792801242
0.0011128811662876204 0.000666964057235616
0.00427192836748604 -0.0007849622100792893
0.003177977564308 -0.00081457791189629
0.0012437286800577145 -0.0006223095834512573
0.0018286903500512482 0.00029190946598994685
-0.00028021839351252594 -0.0004921717338926602
-0.0007145052497638524 0.001931683886434394
-0.0008791628690019608 -0.0006413866880691694
0.00024619331915472133 -0.0017176766964300903
-0.0031153529354483434 -0.00012653144559285196
-0.0008979485292818138 -0.001282976087974801
-0.00013283152079463504 0.0007203203840321758
0.0027561237022906463 -0.0006317219224768171
0.0011686983632123852 -0.00048159549841748364
0.0005987107714353069 0.001756705300063162
-0.001971083839092865 -0.00020963960208394256
0.0019208886902525786 -0.001191697225477695
-0.0002763328463242994 -0.00023289955887439927
-0.0023487561830479553 0.0014869432856354087
0.001548718742195306 0.001373581768715041
0.0019363206844623406 -0.000509964682727399
0.0001617699973353591 0.0001748100566551363
0.00216772524518241 -0.0015670266348660421
0.0019569965010948283 0.002508136758897231
-0.0005185027844677782 -0.00015661793792179536
0.00023415566803541791 0.0007598269933637482
0.00045139588375335885 0.0006003469783069734
0.0004276674007836862 0.0003758305195537443
-0.00016480880667808957 0.0003512646841513441
-0.0005332986148107866 0.0009284809860654842
0.0026663980910134 0.0006365591494040846
-0.0012139982148746044 -4.4626260071547966e-05
-0.0020413109009054706 0.0001952940004571374
-0.002729342231246771 0.0020169720495996127
-0.0032762855665946816 -0.000776073852478383
-0.0016545599779081484 0.0004236737799055306
-8.147351467919954e-05 0.0019520444990307328
0.0009936054677098368 0.0003496088205685701
-0.001696992207284199 0.0011911511338228446
0.0008941569506688158 -0.00018494360246316838
-5.385829347296681e-05 0.00020155397051023775
-0.001325102833671671 0.0011767523776491074
0.001057535775984247 0.0011488966396497999
-0.000523065699012342 0.0019990090141386186
-0.0017346074262641678 0.001376581424189056
0.0002672590819734085 0.0010969232806721859
-0.0016266924299689906 -0.0022963506687838525
-0.0009928264133494148 -0.0006205243357410908
0.0007453273350110932 0.0011172542214794349
-0.001773744405071997 -0.00046330857604816837
0.00017813605447301113 0.0006083923093217627
-0.001150900270783104 0.0012479705257315119
0.0023275944972424582 0.00043112501366614653
-0.0010706696771468347 0.0011243592641856878
-0.0025973901534236407 -0.001983627743014133
-0.0008228077512571666 0.001000127557869462
0.00011523610546572658 0.0003133608977672288
-0.00047381144634425966 0.0016639865400187972
-0.0006886606542396181 0.0018526015739155249
0.0011705720898447787 0.00026673947645730915
0.0011933179927097813 -0.0006386275574013741
0.0010054041841563177 -0.0005648988762534583
0.0016712403857326457 0.0007178076343508292
-0.0003210195460368902 -0.0009062764234137044
-0.0012014416243344222 0.002478357383160088
0.0009347781244541632 -0.0008943742653400926
0.00034521976285134927 0.00034148637463102185
-0.0015029554626416087 -0.0019514343759638075
-0.0007765201142493765 -0.0009257271719714878
0.0007352029336457378 0.0002282139477115653
0.0008679305109428597 0.0005549258893717211
0.000550686871202261 0.0026911046398556625
-0.0001162549397796883 0.0017752364902665773
0.0001384931267162648 0.0014618180341499196
0.0008177684711422964 -0.0010165444117799178
0.0008981530815323628 0.0008192479329652731
-0.0008726100767794286 -0.002465974604347658
0.004180508807511177 0.0005041168260221574
0.000901761432581554 0.0013766256056361482
-0.0013291663661479508 0.0032934008922214032
0.0002260411959618631 -0.0016922785976300945
-0.00035946210417277957 0.002999348331907998
0.0007201944450063185 -0.0011331290613803143
-0.000487594975304085 0.001807259602852378
-0.0005916133894553628 -0.00034226024525020805
0.0005813204591653428 0.0001218783031186259
-0.0007210698050492745 0.0016627515576224992
0.0014596996176288516 -0.0015998388715299993
0.00026248766279787127 -0.0032089403444931705
-0.0005094831169230206 -0.00043376499410381533
0.0005088512068753731 -0.0011772941906580973
-0.0005078702269366853 0.0009017649360152991
-0.0013308367691486807 0.0005598859292509596
-0.00018245235049503314 -0.0016018865217772215
-0.0005782437646393978 0.0023390745939511526
-0.0005073983225461672 -0.001765603435868218
0.0011595283967128038 0.00043390428598568266
-0.00017700455660320957 -0.0011855414833482373
-0.00034429459692047104 0.0015421660723474657
-0.00035632222826060883 -0.0005604052620599545
0.0011276009252619548 -0.0037620711717989645
-0.001510018195862603 -0.0017380415516369367
0.0021165841218097736 -0.0005295801828385906
0.0010464756711397447 0.00037310060156896653
0.00019818061248877246 -0.0005039405240089616
0.0009451431172414913 -0.0021297185609292562
-0.0006661411812441189 -0.0017785906345021893
0.0006215293697625809 -0.0009232472632490969
0.002264192604926426 0.0009768144345751806
0.0014731965760210978 -0.0008236366735919098
0.0021184108025591123 -0.00141800906915823
-0.002363782260900449 -9.9043194045351e-05
-0.0008404651986467404 -0.0003223273875169643
0.0011977891538817427 -0.00027738214878296724
-0.0005337574774483706 0.0015592758302334505
-0.000522419619649238 0.0003897476947128575
-0.0017238452222144806 4.271781939044777e-05
-0.0009016496251848865 -0.0009124248591326985
0.00250925202021954 0.0005493390619058374
0.0015347243332624828 0.00025242130477153246
0.0009519433743064106 -0.0015244785416517563
0.0002566402300170221 -0.0010089503400837188
0.0015431497680343294 -0.0006182535080352492
0.0008165985162744691 0.002006936482967825
0.00098658104541086 0.001958359742921437
0.0021584828925223154 -0.0006080154243905153
0.0019277059913788202 0.0005863534041640761
0.0013445025134612263 0.0021359011056140713
-0.0008074411203382151 9.901014022156456e-05
0.0001312279802658891 -0.0018036770929974574
-0.0023733515495184703 0.0009423733569423765
0.0012565029521315948 0.0005457596534229954
0.0001923405195024651 -7.818018577037932e-05
-0.0006274349273544538 0.0008507533241842663
-0.0003638182849893203 -0.0002240108492925461
-0.002020322419851339 -3.583225724271675e-05
-0.00015228169160567726 0.0001774149323318953
-0.00010151042152898387 0.00012056419329030782
3.460233338415468e-05 -0.0020323086361789086
-0.0015020616179955294 0.0001342676726846373
-0.0028793011602139935 -0.0013541402203216142
4.585337344533827e-05 -0.00291469788906803
-0.001287826730184746 -0.0003951443242938526
0.0012061319077683978 0.0010127374643703938
-0.002211705524599244 0.0009428229042940952
0.0012459724315932528 0.0002772211431089207
-0.002615300268183542 -0.001698950692126112
0.001188226245207467 -0.00126884168690937
-8.688341389275713e-05 0.000910208608502652
0.0011400809788815016 0.001643671074699432
-0.0004283032048669202 6.900868484021633e-05
0.0010529389048464792 0.00015168831653808765
0.0004519969833277155 0.0012024612382196718
0.0013213073226485677 -0.0011146452890650545
0.00031935956469910694 -0.0009087629938360467
-0.000569129500201523 0.001342114311658695
-0.0013078110753480892 0.0022273804708265975
-0.0025747506392570113 -0.0007673507703375308
-0.000362504773162587 0.0008598085486731873
-0.0002852695064612721 0.0005691707912156347
0.0006616877439142377 0.0013979462110904693
0.0002624527984876554 0.0010778010214989398
0.0011833286734794903 -0.0007723853958883218
-0.0003736368396773271 -0.0018059821459035551
-0.0007836544543907108 -0.0004920700795070645
0.0019901746708713393 0.0005832186351590258
0.0012473189924137765 -0.0003566938356058109
-0.00193051268269174 0.0003664231179229714
-0.0004153995088894705 0.002475894823904751
-0.00024094636016397156 -0.0008733964420368888
0.0005288186857856153 -0.0024776454810049053
-0.000358981017954666 -7.500102626113684e-05
-0.00011201198034175737 0.0014144800429644472
-0.000607964501684663 -0.0005019984410286855
-0.0006090747910291939 0.0020429281842503683
0.0007523353136464734 0.0007046576733575582
-5.1617526024838194e-05 -0.0005903259651453539
0.0007022317908585281 0.0017834216239166905
-0.002095655411399223 0.00025654096374937526
-0.0002844764959281916 -0.005089812433586426
-0.0007291413542282198 0.0018912100294690675
-0.0018068473657573275 -0.0009502889574370931
-0.0003091998852812247 0.0007170318748968626
-0.0002400989574795338 -0.0013311806993761748
0.0010051854291915961 0.003576500908552175
8.096870275893073e-05 0.000611039215713994
-0.0033003332059620702 -0.0008344258324768555
-0.0007708599943323524 -0.00015339639220325417
-0.00016555294226076338 0.0005036610401025641
0.0013502360792581702 0.0028583146114576218
-0.0019441039303896947 -0.0010177040849006951
-0.0005607257364120697 -0.0007753227583764489
0.0005747505959688748 1.0360507526575642e-05
0.0004280186419349715 0.0010453390052836355
0.0005339941428275469 -0.0007940567734513838
-0.00041808763843021444 0.0014978070003283238
-0.0002900548468992397 -0.0015403228439451805
0.004542420894776636 -0.0009439096953892879
0.0011485171514867523 0.0006270807433271617
-0.0013034740798387474 0.0011668399620851943
0.001177578275998807 0.000636665828053616
-0.0033513878786727365 0.0008418863546285083
0.00032037122709905333 0.0013414476495114363
0.00016696176181034783 0.0012669717648106267
-0.00025803259039084786 -0.0002844374145971055
-0.00016747524479301913 0.002937705397286678
-0.0006146544075470484 -0.00020982898503607285
0.0007192913425996207 0.0005261176473428628
-6.341788285985634e-05 0.0004925381430989605
-0.0012357548024637401 0.0021899137861067877
0.0009256808535709283 -0.0006972861015372208
0.0004811537640647042 -0.00025261095427722566
0.0010043560348069593 9.607964885083962e-05
0.0010225879622397865 -0.0005843994815730048
-0.000924252595307979 -0.00037479844782306815
2.9557391467364884e-05 0.0002209539655034783
0.002360789447533373 -0.0013126150971850758
-0.0009154100254617802 0.0004279531750032864
-0.0003930037571787701 0.00107649352864064
-0.00298348534001413 -0.00037187406379237894
-0.0037173963024419356 -0.0002006054226312081
0.0006827340574720467 -0.0005081724085534407
-0.0005981577937442632 0.0020659222391547155
0.0013928685016614646 0.0010855781003736617
0.0012452200615615048 -0.00013610676614614388
-0.0010377329267813094 -0.0011522005767361267
-0.0011264852750617978 0.0006650455000351523
0.000337020209557357 0.0011556838765373087
0.0024638148940680977 -0.0012877733296585102
-0.0004983432795966236 -0.0012085103206105558
-0.001159415223575866 -0.002318273570227376
-0.0014431433337093482 0.0003697526525007455
-0.0002835700515225057 -0.0019464573470098735
-0.0024228703149766512 -0.0030111842855196714
-0.0019569560507917746 0.0001721567906336648
0.0003187912790555459 -0.0017157329080338048
-0.002633125445262788 0.003378143042087988
0.0012382221795914673 0.002356178557484485
-0.0015432366301434367 0.0004961661541028234
-0.0016363001441162977 0.00018460608535852594
-0.0006298784328443884 -0.001145191459955748
-0.0017714500878495782 0.0002973576722335961
-0.000407325849570182 0.00035733142711894504
-0.0021079908717368556 7.743725997672451e-05
-0.0016278127368155872 -0.0010157966804435347
-0.00013525418254162953 -0.0008875219814835239
-0.0015688324032738293 -0.0014382681094670159
0.0022136982959399783 -0.0005476470572627222
0.0006730620083743575 1.4815207186301906e-05
-0.0021892688166747407 0.0003876447397757393
0.00033593906993625253 0.000742187540284163
-0.0006364547044320203 0.0010294806783321818
0.0005654722702456949 -0.0016349414645581875
0.0024671098374639336 0.00012265587371354707
-0.0017777589770760162 -0.0003069602001524112
-0.00012753607878696058 0.003736953906124852
-0.00017652243845443953 0.0006605954877288816
0.0018836478021703959 0.0002797480957594366
-0.00016735884324033142 -0.00038839328263687707
0.00012683778443007749 -0.0010519901337743079
