0.0002375896065695176 0.0001736293251791819
0.00014977180112726865 0.0003044712409599885
0.004292259680570713 0.007813851851128456
-0.00029372102030598556 -0.0011972820797637692
-0.0019430378386122817 -0.0020649483590609147
4.35523703417601e-05 0.0010349305371556157
-0.0025825122074394536 0.001809604161847932
0.00033102182124457915 0.004467409528632516
0.0004724660663628565 -0.0004728694712990147
0.001091137085086376 -0.002139892781613024
0.003314952548848903 -0.001622870864053863
-0.00023791845932681665 0.000788210666916684
-0.0023638255388590927 -0.0004753009676142034
-0.0017611048496249313 0.001032034640209127
0.0014005539913319075 0.0034080736336310324
-0.0011587205658497698 -8.192442963842893e-05
-0.00334385027353449 5.306147932280916e-05
0.000552999439632844 0.003132283600810318
-0.0006599655014265432 -0.0007313379854252439
0.0009199183205336267 -0.0004212201750791198
0.00017775347027921878 -0.0010790494853942807
-0.002577245539492472 -0.0017895177611072133
0.0015826784668594683 -0.0002970443042215583
-8.88751511639124e-05 0.003431831255389956
-0.0014613199290943316 0.0026713872901679356
0.0014222668024165925 0.00045421003365498985
0.0009695692810694445 -0.0009526626066108187
0.0021323521826108094 -0.00039569175577101206
-0.0014704219726128967 -0.00040402839896563886
-0.0015974185295133077 0.0006534209029303799
0.0016430808618406903 -0.0005586065806289556
0.0006957432404248768 -0.00019371031167001127
-0.0009158526146981161 9.204692273008354e-05
0.00021327824111626323 -0.00046284441744077917
-0.00020060010950797666 0.0003722075541353266
0.0015178193994190583 -0.0009628731939446256
0.002947978249231007 0.001898280940064545
-0.0003769084330080193 3.7956124471806343e-05
-0.0013609406898868357 0.00188562622512385
-0.0008429803652191476 0.0017641266714056869
0.0014479065937475885 0.003052948783653778
-0.003039735366516018 -0.002805689023053056
-0.0023972697241835847 0.0016757126643942547
7.066386793785405e-05 -0.004837221088638101
0.0009738734743512361 -0.00033484709239622293
-0.004374704677647229 -0.0005452640624334248
-0.0009732569153618414 0.0004308990718190569
-0.00019921411185313891 0.0024755365660412707
-0.0005148586124241021 0.0037413332320579197
0.0013687967663314267 -0.0020507929072001354
-0.0005459321364927191 0.0014693454136991886
-0.0006691054882421955 -0.0010139820878046885
-0.00029286543692432735 -0.00016706216584171657
0.00013612382971917876 -0.0024505542040746714
0.0012044437460996444 -0.0017606009176588508
0.0030926222344019984 0.0005613661318364586
-0.0010925150969586638 -9.367194095682066e-06
-0.0016047384631363566 -0.0034360451284223474
0.0024090012427857846 -0.00013914244561216534
-1.8525208942592516e-06 0.0013322111822387935
0.000313908018170471 -0.0006797839479438746
0.0007548230495959712 0.0011263890835827644
-0.00274959577520366 -0.002322154303581351
0.0010825324411282314 0.0009723089588487256
0.0027360419985945376 -0.0008681823184399108
-0.0005127953923330244 0.00011053825600027003
0.0015634276252704195 -0.0010966220827120807
-0.0015350965214633778 -0.0026441757143603026
0.002338321014723284 -0.0019724682185196254
0.002496955246416368 0.0012417292685971038
-0.0024694466331344474 -0.0012847179553621248
0.0004158075712581946 0.0014262851105188161
0.0011111173629264753 -0.0038543262809479432
0.0020315622980529914 0.0004267709251930308
-0.0018259181891842995 0.00011617651401818204
-0.0020231878877972082 0.0005543565155005677
-0.001025544515553348 0.001461237315436196
-0.00018846961354349788 -0.0027492729826382903
-0.0020281988009558938 -0.001715433905872903
0.0014821040917156764 0.00039993717399033657
-0.00016103207024197738 -0.0017275335457978957
-4.561487052283927e-05 0.0003574875469257275
0.0018772920247493569 -0.0005292482470831655
-0.0015266712296866478 0.0017646253104053725
0.0029203576017434725 0.0013321946144350689
7.116642099110876e-05 -9.69924337081261e-05
0.0012873362281294375 0.0005568965328677837
0.0026904704766239516 -0.0009538508143680684
0.0007803559007929524 -0.0008557783287874432
0.0009612021216953909 0.0018642693000288319
-0.0006092010689870735 0.000578263622504941
0.003042139665584271 -0.0004511425320061593
0.00044345281640492993 0.00021915413662030626
-0.0003294296612925245 -0.001863536037958614
0.002532721059024314 -0.0012306158490741224
0.0010881789041698648 0.0018297427481450176
-0.0006640721641954344 0.001705583927742147
0.00106995383991715 0.0005976356013630707
0.0020067826866272905 -0.0005494694837439035
-6.34100324938329e-05 0.0017045029384551457
0.002554020977455699 -0.00013209074268240645
-0.0003582826067035059 -0.0005989572747220519
0.00014711520220249465 0.0012879035885729742
1.811692740960302e-05 0.0008498964473388274
0.0012215140201307236 0.0006197269900008152
-0.0005846018988690646 0.001212949958044104
-0.0017849001563374706 -5.286457021453096e-05
0.0005016751582822065 0.0012312956628383852
0.001626268111412877 0.0003367393437491936
-0.000750745143547737 -0.0002707705444349511
-0.0016156431495060323 0.000672120321123305
0.0011518049304533324 0.0010167565599901946
0.0002699139208435578 -0.001706737088487899
-0.0013323585566624402 -0.0007462319801397098
-0.0002418801225882118 0.001154912044702023
0.00036568435080335427 -0.0005669087388167744
0.0015227045719471222 0.001955321168785172
-0.0013619696988991133 0.0012129612245817178
-0.000842612660145677 -1.9919927136540664e-06
-0.00013827202659204125 0.0001480935595751065
0.0007654201077331654 -0.0004743321988496146
0.0002613023741460054 0.0021007483304201903
-0.00018553616837789104 0.0013380951017528747
-4.844155077894845e-05 0.0009070633297004069
-0.0010365066113762677 -6.588516708263566e-05
0.0036187330928440305 -0.0013048876668837028
0.0005109726570320442 0.002371607230889566
0.00016003172696646358 0.0029396243800624694
0.0010037434501676509 -0.0021168833751560945
0.0014354556089781153 -0.00011540899081776661
-0.00033455626458075435 -6.1028933745963944e-05
0.0002332661228123156 0.00045328629584985737
-0.00039375712637606804 -0.0008902097014473797
0.0006669599595359885 0.0011219346466044167
0.0013443381771297942 -0.0019954890716893958
0.0001966442509702915 -0.0009414010603458697
0.0010224662596937937 0.0012418977542461391
0.000354976173335113 0.0007553408808589774
0.0003557056956940084 -0.0015607301435125213
0.0006260633090253028 -0.00015407735722344345
0.0010581525195947998 0.0010208806643449318
0.0006085030626488552 0.000717466851788106
-0.0003207638574672427 0.0018774592761508354
0.00024741618317025807 0.0009425022896767156
0.002051288531338741 -0.0015539168634793167
0.0005895830470622977 -0.001231812420209657
0.00040186363895228374 0.0006695155259132454
9.618566604598246e-05 -0.00020596516460556798
0.0004574210811637625 -0.0020950820642170144
-0.002142881855965264 0.0007898346400317413
-0.0005413453267786263 0.0005944784098991699
0.0004787989366298154 0.0008568177333788526
-0.0004637975926669981 -0.0008116328360368041
0.0011544645083603063 0.0010800983419929498
-0.002370300677384859 0.002199077796342588
-0.0006421917837864388 -0.0005091238544162272
-0.0005979331262932878 -0.0007880240721894861
0.0005599554810950915 -0.0019832465522300713
-0.0023733261230808006 0.00039325575504001783
-3.221429713257171e-05 -0.0002087267011109113
-9.751263088593518e-05 0.0007364966578536591
0.0010876248709007859 -0.0016146417503290643
0.00044103019667527196 0.0026246191097551537
0.00032786602354167675 0.0005012811197505942
0.0009658481891999076 -4.340773925062916e-05
0.0006825618511804751 -0.00016070049318288462
-0.00012325161700247293 -2.4257077508137832e-05
0.0005865028125401836 -0.0026607673069622803
-0.0009310383231025436 -0.000642145495867177
-0.0022617555934714138 -0.000999963970060097
-0.0004743402761170125 -0.0012683472927455983
0.0017173665673960803 -0.0014437835106023988
0.0014789653894723912 -0.0005382878905598541
0.0014442036707360988 -7.66178067115556e-06
-0.0022023863117231713 -0.0001624391158798928
-0.00021415757281876817 -0.0014974905551670761
0.0005398246045279467 1.3010926725709912e-05
-0.0016719345314718324 -0.00024317623227538456
0.0016285582987417182 0.0002782661483297481
-8.532191932681551e-05 0.0026757857646596355
0.001686306110715962 -0.0013057693533871742
0.0018146054741263284 -0.0007725078842482272
-0.0015335703219582376 0.0003127572565059451
0.0013398632249959474 -0.0004873077812695514
-0.0003547907848691798 -5.6128276670810694e-05
0.0011103392051873 -4.147410333844104e-06
-0.00012642785015436694 0.0008678414683371774
-0.0012954093602076128 0.0006345122739425134
-0.0007138892377289696 0.0005459078407609347
0.001724020962132487 -0.0018219852809784763
-0.00010923608538375381 0.0009100250951304912
0.0017636192294600006 0.0007119723355531672
0.001753543800118622 0.001872058842122801
0.0005190438591802369 0.0015680692082340297
-0.000667678464607246 -0.0010184284808514726
9.055762505629608e-05 -0.0002080936523438317
-0.00043283194725122364 -0.001233735340798638
0.00022813221662544166 0.00014734893770464475
0.001154470475358647 0.0005082402683984386
-0.0009877505214444728 -0.0014829754447705649
0.0013137019015192991 0.00014170963131560887
-0.00010313671862430633 0.0004403423656388058
-0.0020115967587084425 0.00032620282003759007
-0.0007291552386561057 0.0025163364650140573
-0.000864808042161798 -0.0016353938293292975
0.0006022535530830789 0.001323254814401611
0.00032342526711952996 0.0007307278384295067
-0.000772502222998799 -9.326115197040302e-05
-0.0017235564009170628 -0.000961879936068073
-0.000485930516539559 -0.0017207221351716467
0.000744182380696795 0.0004010809708379189
-0.0009016389337040507 0.00040583198221781587
0.00019404845756024427 -0.0023012789295448702
0.0001851415116136959 0.0004569520491610091
-0.001480050953076874 -0.0020877796213268195
-0.0007511626327058459 -0.0008369291875319028
0.00019708832258840515 -0.000745955386267811
-0.001128217593382017 -0.002630030891422963
0.0006747783716423328 0.0011970124902752996
-0.0010195137415606272 -0.002067194978186102
2.1438070479227635e-05 0.0034477798506997743
-0.0011458242365583878 0.0005951853971406594
0.0014521940166233014 0.0005660929935999695
0.0009286471627681749 -0.0017337189598061848
0.0009608443176727049 0.0008398506258944778
0.0011633958867699485 -0.0021570426569153638
0.0011688448875798747 0.0007854522673412173
2.9333309445826075e-05 0.0006368572429487132
-0.000862236537621323 -0.0017503993112055445
-0.0020142279739508388 7.369627559450291e-06
-0.0009544189699324509 -0.00047484837285862396
-0.001961916166236794 0.00030037413632478453
-0.0007420857172622869 0.0025830153689339235
-0.0013633667536943523 0.0019855833308639204
-0.0014007399528326591 0.001169647169445332
-0.002627615228755289 0.001629017292526957
0.0002241864832985964 4.1679959163177816e-05
-0.003530988760901705 -0.0004977382532135917
-0.0004553779265938461 0.00113949159637346
0.0016223128861164746 -0.00046496342896683177
0.0034733067512096884 -0.0004941709780239843
-0.0012718379350338638 0.0031350885448057134
0.0023340374224037987 -0.00017722703150481467
-9.021902160707633e-05 0.0002341661223234802
0.0007100415994620092 -0.0006605289840553796
0.002239677589448767 0.002274986923113654
-0.000801369444100844 7.933976117137462e-05
0.0024319290865012816 -0.0018756111994883533
-0.0007558482436008608 0.0004085841334997211
0.0012825427562748585 0.0007446699704851668
0.0010948613837520151 0.0018113329555814457
0.001811199931952505 -8.161492881786172e-05
0.000561747501710262 0.0008294878323128732
0.00031024765031716057 -0.00046009742538075815
0.0002948219807252015 -0.0014555919182601025
0.0015786273625169288 9.903256075389739e-05
-0.0002447165379485023 0.0017300900261595614
0.0015302702940508937 -0.00022656917855988197
-0.0004377468275065323 0.001424685087325818
-7.009352586989187e-05 -0.0012371218974249268
-0.000682870171189488 0.00022252613503347186
-0.0010701283147689308 -0.0019339902479666808
0.0012902645900328173 -0.0038311912160648364
0.0004189259212200549 -0.0012718947804887962
-4.85399687605147e-05 -0.0017182068163708686
0.002632750159451524 0.0015942019980915766
-0.0020406422673222673 0.0012205947468717274
0.000699712568621761 0.0020523044478503445
-0.0015864740029645711 -0.0015091679118517433
0.0013751071716989376 -0.0025410168983229053
-5.74267619637589e-05 -0.00018663724582631562
-0.0005095254108878758 -4.003072026092637e-05
-0.0030508631079799887 0.002098198594037276
-0.000252757226711369 -0.00013259979456156163
-0.0006312397564444492 -0.0014347302838409522
0.0009330415013286006 8.676097493558291e-05
-0.00012782307792989184 -0.0012142951260943927
-0.0014113387902221237 -0.0018139353738185697
-0.003080792598114555 -0.0011397896334573172
0.001445874304175832 0.0007757710594230824
-0.002293314985478195 0.001295300491102096
-0.0007142345592139663 -0.0009665325642573161
0.0008711436617539916 0.0008459118362179522
-5.824716781115758e-05 -0.0016389702036933567
0.00022647698513167245 0.0008241694162123271
-0.0014528260260128166 -0.0005132382436014652
-0.0001493490528670095 0.0030944933628224225
-0.0007588959156041485 0.001803480304693102
0.0002044660339232583 0.0005184177243841064
0.0020590505751673215 -0.0009185210565200538
-0.0005441943848014722 8.199440061049428e-05
-0.001416522140138013 0.0007745046256130624
0.001067387151768595 0.003211141302784544
-0.00031198894050722475 -0.00020146240682028077
0.000380638039588574 -0.00026768832459952725
-0.0004726584678181148 0.00024021028825252196
-0.0001397846216890279 -0.002668211406186978
0.001820555158693258 -0.0006723602860046775
-0.000865891737440921 -0.0004989559476429023
-0.0006982643884806903 0.0023660692994176887
-0.0012557121551900158 -0.0027926707357213356
0.0025588578746802058 -0.0013848521061376666
0.001534957926029244 0.0023527216048631317
