0.00016199239255351613 0.00014486086368123297
0.00017301594938374374 0.00015025755643018602
0.0018165929745088273 0.002730679412041632
-0.0016774422844246049 0.0019410576028435456
0.0007226668148793711 -3.5061264701926084e-05
-0.0009867297301558702 -0.0005315349013645731
0.0006493631991086188 0.0026913157336065532
-0.00014009778441345742 0.002602497754921621
0.0020372944568022755 0.002604089392439581
0.0017994098778808493 -3.1769026241186924e-05
-0.0022440085493285354 -7.494815906630075e-05
0.000521020512140413 0.002230229963422691
-0.0023794111120807697 -0.002232145223457941
-0.00025043640609523663 -0.0016664935510699386
-0.0035636078100480906 0.0010140519736739604
-0.0028624560343905995 0.0014098598232502393
-0.00041067086977234656 0.002089155590559306
-0.0016993776500257478 -2.9863594454580137e-05
-9.06490665325692e-05 -0.00046806987231952433
-0.00025983168874899927 -0.0030356051005991378
-0.0011099823098371818 -0.0010098537917081676
-0.0019818788639945225 -0.0005598264978777602
-0.00023556415747159017 -0.0016349563180169445
-0.0008737682664124711 0.0009149993019179472
0.001121206873004623 8.041488205852482e-05
0.00013901009513456793 0.00031640373646826787
0.003749748187679093 0.0009025397769015685
-0.0007052169969477036 -0.0014660647568802735
0.0011914579098376947 0.0030591259808270196
0.002257269608359685 0.00015806642201886622
0.001330394455426126 0.0014849225329087044
-0.0013597924938415853 -0.0029715193395265798
0.00339450095061071 0.0012650416504494388
-0.0018244236453199326 -0.003242026401290466
0.002469991366100136 0.0009099686445696465
-0.0017813003765685452 0.00023955201739989538
8.574237363776634e-05 -3.737456134660855e-05
0.001569113026987401 -0.0015200305699378958
-5.7359404559551126e-05 0.0013507390815631476
0.0018737730780828989 -0.0010479166498165507
-0.0012685464010259331 -0.004873220682696559
-0.0003307450464645789 -0.003807275345023404
5.076276576405665e-06 9.513385700338977e-05
0.0013115108978693094 -0.0015721834575822722
-0.001303770209991187 0.0006887480778524262
-0.0020109956612442085 -0.0013254246602857696
-0.0005322594414348379 -0.00028963169922502623
-0.0006043305411767904 4.490915041729243e-05
-0.0011403196792479735 -0.0009212452949736534
0.0003815577198972973 0.00046568900544183625
0.0026140765516394354 0.0009186294198519359
0.00089105735083525 0.0005436788674026104
-0.0010428767740268516 0.0007079862469545242
-0.0010319484010644583 0.0010643406684352982
-0.0005460866813192698 0.0005211808835471786
0.0011067526326068327 0.001132375484265705
0.0012630039230410329 -0.0012236089601360529
0.00036464904101052835 0.0022149090093888865
-0.0026782279109278102 -0.0004938342975470283
0.0007455197849162872 -0.005618570451817849
0.0002735767717151149 -0.0024123835666963163
-0.0003334734846024155 -0.0004837263595490021
-0.004364192435862817 0.002561128326839873
0.001401593491202533 0.0012874753592449178
0.0013689616463989777 0.002026152748430305
0.0006104603267779953 0.0029883288840143437
0.0006655025780898761 0.0015961978570711995
0.00032076718381637056 0.0004996931439150439
-0.00019567525314941452 -0.0005352228127504893
0.0004526250315732627 0.0013691568729694602
0.00018004103834819079 -0.0009299061633009027
-0.0003830007853623016 -0.0007819395221961085
-0.001129466275565012 0.003087082530688882
0.00044786957174795556 -0.0006581692146301734
0.0009392344807152938 -0.0013625487002415422
-0.001220434783515078 0.0013641929637095292
-0.0004946872114975333 0.0011130652506399228
-0.001887025021533215 -0.0009133104872345807
-0.0020808165864219007 0.002624292523912599
-0.001829461524694686 0.00030794073773302195
0.0008907129495801541 0.001719605271502584
-0.0015630821670409082 -0.0005395397709757551
-0.0020911050175492453 0.0019024239090103044
-0.0018638312719553413 -0.00023513976330403856
-0.0016349257128872078 0.000453034270246422
0.0006445806247534522 0.0023204450238275493
-0.0013427608629229613 -0.0005786988374839582
-0.001701922759884364 0.00010884951067885154
0.00200585452459576 -0.00043626071383513277
0.0013918251291064581 -0.0009178025137082191
2.275842146425953e-05 -0.0006568266379855329
-0.0029956465355430646 0.0017893984816366166
-0.003398944756803544 0.00022602052036758066
-0.0017105973766905294 -0.00027907563302611037
0.00041578773612427426 0.0019525244037336769
-0.0013553570755952564 -0.0011297426599808534
0.0006904344152700732 -0.003766194266634562
0.0002336134616538525 -0.0006599859817364934
-0.001472739965897032 0.00039551591481757275
0.0006900813129921822 -0.00027059602533747535
0.002937083134358397 -0.0032289407292728366
-0.0017836493394282772 -0.0017401583694299368
-0.0005761955290622525 0.0010964290788595113
0.00017400129695335187 -5.2799743044064436e-05
0.0007568627012575199 0.00043679291225599517
-0.0005342133678690127 -0.0020743261256120854
0.0016467256035957328 -0.00043009005425938463
0.00039252113762376726 -0.0020958946541639314
-0.0012616755107208142 -0.0011408160453367832
0.0008390188881834054 -0.0005582969875363599
0.0003172887210731428 0.0007307003951734127
-0.0008950173837896501 -0.0013654954077441013
0.0009962560483794548 0.000812890525305845
-0.00045883751814377124 -0.0018131129956474481
0.0016267049448287845 -0.0010925550249137666
0.00020356939956065666 -0.0019173254946282569
0.0015205623035223549 0.0005767539846482213
0.0005124026529681014 -0.0014468406535198583
0.0008978371819554434 0.0007002868979684631
0.0002867600979541893 -0.0010492805185490799
-0.00022917911540316116 -0.0008790472741540628
-0.001084973273312419 0.0017605980318408526
0.0012527084072281487 0.001977086801317156
0.0003901476478609162 0.000501541806326959
-0.0003893966121636566 -0.0010476180852203511
0.0007374518675490923 -0.00011271874672672883
-0.0005124108822561202 -0.000893362078170293
-0.0005141766621779157 0.00016821619311326334
-6.591461248403965e-05 0.0004884843580833041
0.0003657011279153962 -0.00029876685054181656
-0.0007474234921732861 -0.0016423919640184278
0.0005038867000609042 0.0007734670400160964
-0.0014051472787254091 0.0005894138452749122
7.24739386236573e-05 0.001056482254245891
0.0017816392119191355 -0.0013610978663007132
-6.374961830897055e-05 -5.6303495767087084e-05
0.0010284390491963936 0.0015203739505878458
0.001467062832984515 0.004403720886084523
0.0008550575607536046 0.001174762423101653
-0.0020171957720210277 -0.0006049565014178888
0.0006109613349568459 -0.0004911383782529762
0.0012025855390261108 -0.001390103852990777
0.0005341075031688074 0.0006663678247814318
0.0021109619736078412 -0.0013978401236125217
-0.0018386101663629792 0.0011197894962365331
-0.0007248480798596262 3.459010838032598e-05
-0.000400058710809713 -0.0004243805224535173
-0.001529336138981326 -0.001154918562708625
-0.0005480579271951574 0.0010828530938972445
0.0010126203069756316 0.0001360960863072421
-0.0012090420413651487 0.0009528334232200238
-0.0008950053348865433 0.0009629049650986657
0.003142127896800509 0.0008551822270410523
-0.0008372671814835378 -0.0010933788428535121
-0.0016876137521842144 -0.0013571098511225717
0.0008608931049518062 -0.00036380293769984137
0.002044630254991856 -0.0013982124858284096
0.0016734292288887297 -0.0002622661771749014
-8.391193110411643e-05 -0.0005407509765062312
0.0008954624928145632 -0.00013070566494715615
6.934239632418167e-05 -0.0007161878341312999
-0.00046450935650616107 -0.0006963376347974271
0.00026948937705702984 0.001237366718020359
0.0011967464151342937 -0.002651052698571379
-0.0009500703255779088 -0.00019997232801893819
0.0009333522064254131 0.003045481467885343
-0.0009386665902280002 0.00012503969957393068
-0.0008045915001833016 0.0007698708914234163
0.0002362262221377814 -0.0025202518276482605
-0.0008976631375700991 0.00037244959665611846
0.0004747346111956617 0.0001800393815072169
0.0006813679887597026 0.0006970267113038865
0.0014457778345376051 -0.0004751934016078845
-0.001601232424520636 -0.0014955432342444604
-0.00021751261908353533 0.0010387489781110795
-0.0012724780707750825 0.0004720244458924857
0.001537226643920425 -0.0006208206037236775
0.001171989630060287 0.0007553391147013511
0.0011009664134132367 0.001973121524337072
-0.0008356755879585327 -0.0011420807842933837
0.0009971788409545218 -0.0007703000793848517
-0.0009314731429411326 0.00023702626116107247
-0.00015859068614160562 -0.0017504135888154729
0.0015114981229865368 0.00011524832321092922
0.00027571927545462114 -0.00255439030707548
0.0004547495701488848 6.424959187663607e-05
-0.001340235044096959 0.0009728249546658809
0.00045429463795432353 -0.0015089096345845144
-0.0005783110394456353 -0.0010250786295787216
0.0005232812740267356 0.0022497467174887216
0.0014780787889956107 0.0005746807648777902
0.002313935391065865 -0.0014904046896123777
-0.00038614730834233885 -0.0005363568641933012
-0.0004960474787707015 -0.001676569085731059
-0.00013327704419009313 1.3806334678141691e-05
-0.0024156972023914353 0.0003777231304788524
-0.0013565416626615417 -0.00019516400714543862
-0.0005795902940888617 -0.002272982015932329
0.0002469750554903025 0.0020032339590847674
-0.0006785288798002063 0.0009484309407414115
0.0005605654981702478 -0.0007959655029860713
0.0006988585927495584 -0.0004349758459748139
0.002975026397151489 0.0017616460963421844
-0.0009286313225507396 -3.908842828217782e-05
-0.0008413392511290825 0.0021639039573181926
0.0005418101095738229 0.0038297281482331516
0.0006951189067993439 -0.0005840903743763676
0.0021711241903290095 0.00154159101146274
-0.000700573268475835 0.0014427546140165087
0.0006265238831297 -0.0009769710207255887
0.0014118488405907767 0.00074917915696929
0.0014740808936559917 -0.0026324075354023056
0.0012661498994372068 -0.0006631092654796997
-0.0003896821191769507 0.0004998687890383694
0.0007647399222646127 -0.0012481399527684404
-0.0011741524179862764 0.0021931612511598814
0.002854041675063001 -0.00030010714673113904
-0.002283672688752051 -0.0010004629597369255
0.00045826372574130666 -0.00333265214856575
0.0005463549721384721 -0.000860368730427573
0.0033994594763387294 0.003023319430982436
0.0029254632744305925 0.0010668118513732557
0.0017916607309987392 -0.0022135037170455643
0.0018340905829248588 -0.0006025423129760104
-0.002861178015465449 -5.474961992111287e-05
0.0011790417899339573 -0.0007951030990456451
0.002139200945831319 -0.00214602323597801
0.0006094877988257865 0.0011666870577819429
0.0023683557584599567 -0.00044507605553695186
0.0024756700600806615 0.0010250363842745972
0.0009274535018662023 -0.00020486556114710503
-0.002133456021243516 -0.001332737125323784
-0.0011464001400570635 -0.00108335831409356
0.002477375516346779 -0.0013348967520956823
-6.953025548709455e-05 0.002298711542209577
-0.0005672942328902063 -0.0022689715869033643
0.0026618627930382493 -0.0015554701378716243
0.001538425561956235 0.0010972130325121992
0.00361839170695864 -0.0014471087548253941
-0.0017130944782537284 -0.0007985862855469817
0.0007600717803972338 0.0014018113294168553
0.0017650558916562512 0.0006668091770283359
0.0006472044169751115 0.0025736188336948837
-0.001051799637190955 -0.00046103965106636743
0.0010030965565656143 0.00043472209327167263
0.0004471582593610214 0.00015979940534471598
0.0011137307805513224 0.0001534047304219217
-0.0009707472440275065 0.0001031885449404945
-0.0014872331576636121 0.0014565880372984996
-0.0018291445601731735 -7.357048056244746e-05
-0.002604805202346698 0.0005848054622960099
4.726494544629574e-05 0.0006874224563902039
-0.00023673670574961313 -0.0007252977277867368
-0.0008319907519284276 0.0010580131042661018
-0.0002580125532041211 0.0005872849422283353
-0.0021738781125238186 0.00012012168929891113
0.000989521001621007 -0.0013529445849189683
-0.002028076778083002 0.0013983225314113624
0.0007417099713978164 -0.0014773608576579094
-0.0018702521672236782 -0.0005242843934762502
-0.0002204317400644031 -0.0013238003357438485
0.001179924519766859 0.0027112248029453603
0.001851134022573007 -6.809961354704454e-05
-0.0011082597984443982 0.0030199753034135185
0.0035236530671732672 -0.0013675561461014417
0.0005589720105293309 0.0012164065869452083
-0.001152160255313107 -0.0009683981128732474
-0.0007142249284728055 -6.924756906507343e-05
-0.0020067866196201286 0.0018394961153755825
-8.64003412703505e-05 -0.0011199333085952436
-0.002104541223307583 0.0006352132796741818
0.0014616467200935122 0.00017908406632227965
-0.0005406693330029623 0.001175777379272983
0.00010257161718249239 0.0009491499251476994
-0.00045271350870495304 -0.000217107366543698
-0.0006955728240327337 0.0005743891689445308
0.0026799741663791213 0.00029563439747075886
5.8264352538588955e-05 -0.0011750778705944662
-0.001956950619744813 -0.0002992503556582048
0.0006667360438656676 -0.0023777101916649156
0.0018307572230101194 -0.0012743172884975595
-0.00043704624442510945 -0.0005614406888669513
-0.002687613679585536 3.035648066975565e-05
0.0023299368229368796 0.001513129159155747
-0.0003266041482725199 0.0017285959830462732
-0.00014421479722490367 0.00018448445285060728
0.0016037994880550043 0.0008471494219747796
0.002512336928207741 -0.0007455339319013843
-0.0006536923763539673 -0.0002794940909896016
-1.822140952108047e-05 0.0008669937736571918
-0.0007255633393318688 -0.0017993430136214923
-0.0006052180139645777 0.0018808105303654672
0.0021411617981530852 -0.0010839181506324936
-0.00011084114208896289 -5.645585333101417e-05
-0.00033033805684800987 -0.0007191533173857714
0.0006348254964353415 -0.00032605923338581536
-0.0016401747733204952 -0.00040744860109826527
-3.314104630253485e-05 -0.0006380258058286551
-0.0026997501719701463 -0.0021912831049851595
0.0025740911713689487 0.0033736848807171178
0.0006727631696899666 -0.000794047770235305
-0.0001953860372221284 -0.00110982724439812
-0.0007458776644033067 0.0016252913657438563
