0.00010326898360487649 0.00010595597029401619
0.00024326433934609697 0.00019423305552609233
0.003942128329377458 0.0037404747203904206
-0.0002507197434704828 0.0008462300454448972
-0.0003307986719859714 0.0006388979307499038
0.00013780989461455455 3.346854502682871e-05
0.0009065779997186798 -0.0007950493037961153
-0.0015870935934587003 -0.0030996490071924744
-0.002268732060617911 0.0012025822798420144
0.001014056292420278 0.00042687073899667775
0.0001261976523703998 -0.0014027818993045862
-0.0008681861427191881 0.0012562833782045618
3.948005813430227e-06 0.0023744390579479944
0.0017909740815260009 -0.0009235914340730422
-0.0027470577444359007 0.00042172419403411056
-0.002048200945686491 0.0012114343471483393
-0.002335143254258972 0.0003809274718479959
-0.001844752868387011 0.00011151221264732627
0.0019435082228175988 -0.0006269398781138504
-0.00123259716811508 -0.0004460433606049912
-0.0013436912747875026 -0.00043021987419625794
-0.000713274858500905 0.00038172824005154826
8.249378850196947e-05 0.0017994924151396121
0.0014401325279165776 -0.0008655114229429719
-0.0009299387293994885 0.0013666005532573231
-6.416501439984714e-05 -0.003092422679515424
-0.0030163744475062357 0.0021833232649739573
-0.0013771241409507554 -0.0007726462543670345
0.0007266538795876623 0.00038892268975008115
0.0008618321777165284 0.0006204361075985539
0.0018736123751149295 -0.0018565543527653975
0.0004071764004106677 -0.0002175052135039356
0.00294974071489741 0.0015321753953800037
-0.0016418757016182736 -0.000954025637858837
-0.002166156156102722 0.0020116118667182614
0.0016323397652339656 -0.001848980953555187
2.4583197513955974e-05 0.001799477666149772
-0.0005558318068287016 0.0017187815862812698
-0.002942284066842759 -0.00027332142316172136
-0.0005552458466368084 0.0004960194509361504
0.0033602121915015104 0.0011864675419893359
0.002499874634865487 -0.001525686962806237
-0.001221851380769494 0.00017720037304010114
0.0011539125531180641 -0.0014884605571821288
0.0007175906398290373 0.001503857979619897
-0.00012658677466883644 0.0016918738296777017
3.955098326338274e-05 0.0005884229726464293
-0.0013535618952677628 0.0011238973174143598
-1.0421177518145262e-06 0.002319367453763626
0.0010610265405781823 0.0001506781725918973
-0.00013326899445963126 -0.0003418087974229276
0.0009690130401441158 -0.0015147583944102397
-0.0004829687064605596 -0.0010707600514515373
0.0023051529339742543 0.0003018214064056065
3.401263363805811e-05 -0.0004622170532886435
0.0013449209813752496 -0.00326006068899889
-0.0003961151864372737 0.002861002469428672
0.0012799288728735229 -0.0010511734354521603
0.0012131290922541614 -0.0027819432926393956
9.324996909125073e-05 7.909582367488363e-05
-0.0013586230735351129 -0.00046562108927940054
0.002124712937491813 0.002241752696451217
0.0013584722657430982 0.00034201364466625734
-0.0006584003550211205 -0.0004483143258812095
0.000893600702693708 0.0002740400830651931
0.0008433709580102891 -0.000897203083099395
-0.00010327301561105937 -0.0033205225983683347
-0.0004197066143597912 0.0003584862398533138
0.00013612643556192093 0.0015657917337217407
0.001448674678984925 0.000536089248788734
-0.0016313684776998606 5.509273947482064e-05
0.00013715977684154222 -0.00031175863754115147
0.001360855687221952 0.0006025629431128547
0.002952769135640842 0.00030172736491124023
0.0009488312190382143 0.0012582477863846374
0.001545114901895795 0.000715104848290964
0.0022659238023700523 -0.001429877349352709
-0.0022446384705583494 -0.00014377232801268195
-0.002930547421692055 0.0005323217363863486
-0.0009040993701212977 -0.0003887120573733365
-0.0007654031139265942 -0.0008736806287461537
-0.000949449383606038 -0.0012116024912354644
0.0009759646741556376 -0.00010287820297449032
-0.0024562876062902937 0.00028829629006052964
0.00021841570090253457 -0.0025847483975269562
-0.00097777106913594 0.00031142286566243746
0.0009492420879181304 -0.0003359126272326149
-0.002011126872213305 0.00015097405192765733
0.0009684470915034624 -0.00034617852239298135
0.0005743181746137859 0.0003186422660271414
-0.0010619184731826996 -0.00044616054499211635
-0.003418482511949704 0.0006352302289922014
-0.001063099331180791 0.0029024587122578804
-0.0011821022817098239 -0.0012146378611292408
0.0005152316692352166 -0.0008098814140408648
9.164004834987748e-05 -9.713263301900914e-05
-0.00020786246893522153 0.0029898314692735264
-0.00010307569274349293 0.0013653573992506744
0.00036588718056957526 -0.0023461375004783062
0.0010742338923348152 -0.0021460276974154774
0.0001331150978181529 0.0007717871375331492
-0.00048212874099162 0.002952513719701648
0.0020684752216029545 -0.0007922730663365815
0.0024023594583278815 0.0005013917987066112
-3.871107605999995e-05 0.0015825206264306064
0.00011120038183235464 -4.578783238290897e-05
0.0004505285432713143 0.0002752755944983766
0.0022419714742744957 0.0005913225738725689
0.0004140157054274532 0.0007791636591829974
-0.0022618356586001074 0.001613933190545149
-0.00010711661819537711 0.001481984981035813
-0.0019663519219759147 0.0013534295991979824
-2.461336983405817e-05 0.0005576273591356945
0.00039131193199712524 -0.0016372223363076025
-0.0019128177957118025 0.0005009951493757498
-0.0016005780248744452 0.0004384997598046482
-0.0005849350599754384 -0.0017678610612777421
0.0001499930046276547 0.00012323406936145916
5.9529767514993806e-05 -0.001327410690414882
0.0007447347453373358 -0.00011174607978772398
0.0009099283744295724 4.619435072051116e-05
-0.001856776391994648 -0.0006070812172048502
-0.0013062750493258995 0.00028288583317432123
0.0004150773301985672 0.0010237435598904122
-0.0011339933080742497 -0.00028671169942634013
2.878543701970192e-05 0.0006507265600719923
0.0011678771513828332 0.00029815496604104096
0.00033705286041561507 -0.0029032628838103784
-0.0013178276500812915 -0.0012224317917546993
-0.000537783287191109 0.0021725580061093402
-0.0033676232298318638 0.0026528722138512966
0.0009264851220689816 0.0019359073171101155
8.636106438000389e-05 -0.000846704565081751
0.0005690244294281016 -0.0002948676643469565
-0.0008308312704160961 -0.001112601669150777
-0.00047168837007345544 2.001884193818954e-05
-0.0005011676055445646 -0.0015667849646539079
0.002745245042388686 -0.0005670052908980987
0.00012997061837453092 0.0016170923153961106
-0.000541686460102077 0.0012100052893485149
0.0010206240460914715 -0.0002243288474248741
0.0004867582311474432 -0.0010250473428221787
0.0028843579864347105 0.000993412997088986
-0.0012185039214459498 -0.0010936500348003129
0.002186122079038881 -0.0014392565013919868
-0.0010420409618918205 0.0012623811581209741
-0.0007928533939967012 0.00029895815849304567
-0.0028235516215573005 0.0016197355214671123
-0.0002653261290015883 -0.001190949052709371
-0.00243316163036579 -0.0008181771729601679
-0.002502624281626766 -0.0008332562873670792
0.0006817151260304635 -0.0004341077976352742
3.8138975876101383e-05 -0.0009275227221706797
-0.0009272290638591022 0.0006707288855355188
1.0906679997711424e-05 -0.0018601681483791752
-0.0001976368970444247 0.0005820169880042635
0.0024738606101989595 -0.00015661063066563558
0.001506086973998599 0.0005770480923904028
-0.0001695332614994635 0.0016188974398868919
4.3696896801463626e-05 0.0009755607817170009
0.0004779795160254909 -0.00017384588416640716
-7.078698998785868e-05 -0.001295547675113631
0.0013028523279461628 -0.00019854088173854628
-0.0016449423356413554 -0.000740048253532599
0.0014028395289756347 0.0011218823416285421
0.001141328048372584 0.0016260321574448782
0.0011275646813504131 0.0007862397303474622
0.0011298043780216848 -0.0001806268717260019
0.001797696570208262 0.0010256442217312016
-0.0005161462780885339 -0.0006787762649776289
5.116744407983652e-05 0.00343128315565192
0.0010790141682052179 -0.0008721675507638178
-0.001173015528442761 0.0013495104684938598
0.0009320121722082444 -0.0006403363867150723
0.001990310409392942 0.000545049241493691
0.001107472426668172 0.00021106799810538982
-0.002131264324772669 0.0012238881460201099
0.001467302653978449 -0.00024094560008733215
-0.00035978728347485484 0.0013094945680462127
0.0016668114250135274 -0.002310574798690108
-0.0005936023580866939 -0.001957070620329352
-0.003389403729005916 -0.0017019240607520098
0.0004482710035019717 0.00038241949374930994
-0.0004758381869826228 0.0005917250670375109
0.0009106606662896669 -0.00022737612901489745
2.8082789442304987e-05 5.503827873855787e-05
0.0010860929531452562 0.0006944778157423717
-0.001839086403772439 0.0003119837336681783
0.00028704926381709187 -0.0014966462038570807
0.0018138166568080437 -0.000648832919875009
-0.0004219902512834858 -0.000181506313397855
0.0012833169051657846 0.0028452113952543
0.0010100504555053923 -0.0006256056022161666
-0.0006761325116484337 -0.0007149413816719286
0.0006575062718863337 -0.0031220671302447005
0.002169304449690195 0.0022016507767834313
-0.00028010604016679786 -0.0013478209144263914
-0.0005702518325358375 0.0014210736663004709
-2.390577020574277e-05 -0.00015731576848623593
0.0013126489612021147 -0.0022459001175594816
-0.00017661068540075683 0.0013276560813000823
-0.000496628450941206 0.0025988135227934567
0.0009583308886833184 -0.0006856215653185248
-0.0005349955015796578 -0.0007974516946977228
-0.002225221377679248 0.0018330973417250893
0.0003132669907341107 -0.0002777599461606209
0.001972055651469801 -0.0005878965648152412
-0.00016346113392510012 0.000886174488735275
0.001197869298726596 -0.002578893453747131
-0.001081126366541388 -0.0003289552042158705
-0.001488283685439109 7.5692304389175255e-06
-0.00042492963897229386 -0.001775310823503445
0.0031443959077503136 0.0006473282571363405
-0.00015995903767565596 -0.0032779612899499727
0.00045782203816047633 -0.0006374259827428899
0.001667561386551255 0.002063956249189969
-0.00259720980654937 7.691506743032932e-05
-0.0015983108898989585 0.0008294975009073594
0.0005958013771698139 -0.0011086088920027443
0.00218145175109888 0.003539476954931097
-0.0004916396727237067 -0.0023939914102694727
0.0014874328225056989 -0.00024427270268394626
1.6071822440144345e-06 0.0014692582015316882
0.0013406742059956882 0.004124791929149332
-2.8308528769451063e-05 -0.00018166505880273066
0.0032264529347956305 -0.0018577631263220983
0.0014155432010384582 0.0007203480486000141
-0.0009378919859885706 0.000541828537757395
-0.00020279420647030029 -0.0031173228879712587
0.0005006802397599451 -0.0005880768458375159
-0.0006233541809540864 -0.0012005883575963415
0.0011172399111024725 0.0005010016928756038
0.003281421823193062 0.0004301906086981422
-0.0008473204690730575 -0.0010709599999006727
0.00048174937805138757 0.001466822241132723
0.0020604893996216166 -0.0016895731988648805
-0.001186020496863529 0.0012150898518472051
0.002596575077260793 0.0014994916532706283
0.0030649980749232267 0.002511603642967076
-8.096236878250649e-05 0.00012061347494161214
-0.0007155564222419894 0.0007248005111113681
-0.0014743381677390843 -0.001976210912779288
-0.0006015291602365774 -0.0011011952503345765
0.001541554169570858 0.0019150713659364495
-0.0011349583072067467 0.0006509451146266131
-0.00016064134723310354 0.0012127349678310471
-0.002385017844030527 -0.0015766171997496734
-0.003394873346561194 -5.667215697464036e-05
-0.0010569231662457446 -0.0012404793708194483
4.3766180325182345e-05 0.0007279979293308746
0.0024007242493428635 -0.0009436122895640596
-0.0017305478561164011 -0.001475901786764481
-0.0003000051080345832 -0.0009053389155260744
-0.0016876136737786266 -0.0015890776373612757
-0.0005743227892145935 -0.00013158873955723856
-5.538462622140458e-05 -0.0034620759534283773
-0.0015775866435748028 0.0011600297401881362
-0.0008019611046064432 0.002580796450732633
0.0009173293766154307 0.0032573243863376067
-0.0019362105336119307 0.002270634051313898
5.6172144010970456e-05 0.0030629231225834897
-0.0006943444496603202 0.0007876540522372112
-0.0009025400911173761 0.000672159019299934
0.0010098900950719016 0.0018374045741468368
0.00033637486928819255 -0.00016319245389727897
-0.0015759530659343987 -0.0010715473210194566
-0.0004638023099428987 -0.0015645142542306467
1.7269381358312144e-05 -0.0016988668549277
0.0012714273519374073 0.0016097813451246346
-0.00025221636493852806 0.00037204265850597783
0.0016671409631373291 -0.000258167071448911
0.0015299961156708044 0.001670465313422069
0.0005875042397437328 -0.002129257623662264
-0.0018574191594132427 -0.0007442428097250987
0.0015400889411368833 -0.001199463748217709
-0.0013243510195794788 -0.0011284215875797335
-0.0007151971855464737 0.0003253322331965454
0.0005070659217504424 -0.0009285464982727031
0.001460385911372925 0.0006728784270679555
-0.0007448108844865027 -0.000211585072013728
-0.0024585006820628417 0.003044584197731555
-0.00014997905062320374 0.0009924853136823097
0.0013040044956199148 -0.0013713319762210545
-8.528995808873446e-05 0.0011632811172796007
-0.0010455302895319358 2.0028100719684632e-05
0.00014396837465042027 0.0015042809171226365
-0.0022061210294905976 0.0015176739739644397
0.0011001624704947248 0.00012327886133365972
-0.0006136422245539085 -0.0017337451444297397
0.0012266124752804025 -0.0005002388936893899
-0.0010432248121970186 -0.001048709388089418
0.0022739416004210187 -2.4874662279162764e-05
-0.0008483639711454476 -0.001049044150189376
0.0029153585441794153 0.0010442871484907003
-0.0007760258860577434 -0.0002744266103686688
8.101201995280407e-05 -0.00017128789367229573
0.001330617359683808 0.0014160883350956884
0.001780737817760748 -0.0021498374808495996
0.0006473774544052889 -0.0013337548545065468
-0.0017331305080840408 -0.00023244771521993934
-0.0006628297163190951 -0.00043055534550473696
-0.0014681485898172778 0.0020437471420257864
0.0006011084701650856 0.0007096015616390159
