0.00010209183350171984 0.0001871764781364839
0.00017394907141471942 6.882568185071748e-05
0.0025870242292135547 0.0040588154190822215
-0.0018825014336264867 -0.0030807821626410137
-0.00256594986968218 -0.001956997333790743
0.0020966758565741754 0.0006004419998173974
5.873553258323506e-05 -0.00393124264152832
-0.0009179986363642193 0.0011979544217510527
-0.001386123548606111 0.001442282011047097
0.0011293755291319017 0.002098572427108513
0.000923611552866232 2.0676899718767472e-05
0.0041078601706641986 -0.0034158408342565114
0.001939686772863352 -0.00224601635865229
0.004036615131826553 0.0008971636820764976
-0.0016429154064107815 -0.000947740358928501
0.0020817574643435415 -0.00015574228419704367
0.000635016752012456 0.0021678163989247694
-0.0015815268891678008 -0.0017721073878712243
-0.002479914604088258 0.002226788434362158
-0.0021100225604955805 -0.0012980357239633451
-0.0007584597138534214 -0.0010930250124427702
1.7897800601255316e-05 -0.001663247302645689
-0.00013590216115042498 -0.0004115259648224786
0.00015653268691875216 0.0019257320707318885
0.0002326667589434513 -0.000374461435973647
0.0006956064110430154 -0.0015417625717582012
0.0016987464374611026 -0.0005316927472765906
-0.0017196233560316163 0.00037811949626125963
3.865291192678907e-05 0.00136708861525263
-0.0005443550696527919 0.0030220698320021
0.0002917859184052171 -0.0008718361796704359
0.0007023168506272121 0.00031995649925435805
-0.0011840567167764116 0.0012041804980544076
0.00018592665233134944 -0.003058136998661576
0.00029286287911549266 0.0009052393323888417
-0.002570495412033164 -0.00040395542414136364
0.0028634397417988764 0.0021465969607884733
0.0013811322902058196 0.0014468280128128437
0.001117382095430375 0.0007455392114379235
-0.00039317695998957104 0.0018610397689022156
0.0017605546738069426 0.0015917461433505207
0.00010381346691470634 -0.0013216440854122175
0.004627336116119637 -0.0008179524537442015
0.0008665545798450209 0.0032073288062644256
-0.0010530924223059077 0.0008062347199537668
0.0009189023175635242 -0.0023323284010302262
-0.00029164698266896465 -0.0005298414573007302
-0.0036090265981677003 0.001136078584445645
0.0006665797826990653 0.0013783172157475028
0.00016752836049433326 0.0015491756835981025
0.0016989985176049688 -0.0017107121127333351
-0.0001867715370815661 -0.0031378952478721533
-0.0014825217621128903 -0.003159954146729987
-0.0012305133390906485 0.0018087537151485367
-0.0020054535761989084 2.098054005929144e-06
0.00046651510069571536 -0.0026291746218618096
-2.5430223005411e-05 -0.0005339386233888261
0.0018503984885504296 -0.0008732582805844616
-0.002221958434922647 -0.002689515401001935
0.0024121959808838197 0.00014728008334337193
-0.0012379835091558002 0.0009735309602373912
0.002604972500073951 0.0007884744521200684
-0.0005766808147721824 0.002240115383773501
-0.0027664534102433054 -0.0005199767961054728
-0.0007452629339075533 0.00012224132301784187
-0.002275959717034188 0.0008214521302141616
0.00036762632941978607 0.002913596146319978
0.0014865718963374686 -0.0017089541284038099
-0.0009888806159458888 -0.0009128486038294255
-0.0022350040157740458 -0.0003541242134822438
-0.00277036025548296 -0.0019133518794267749
0.0009209476641924574 0.0010073048008669584
0.0002813281745455799 -0.00016666840536310238
-0.0021545506400459844 -0.0008552327706816349
6.15522976411509e-05 -0.001213853288968258
0.0011290840981162803 0.0020665383709976147
-0.0019691986318403024 0.0005784813323273549
-2.8610004141474763e-05 0.001318308501237117
0.0021215202956173748 0.0012842846676046384
-0.0011236285283861465 -0.0018996603066815986
0.0032537445483972727 -0.0038379658445035513
3.1071386848651394e-05 7.942241343434228e-05
0.002727840101849659 0.0012230691265012192
-8.532251133395893e-05 -0.0011167675709480476
0.0005933898990312195 7.44164990251486e-05
-5.330138899484037e-05 0.002520011649000056
-0.0008075688274737054 0.0008734858270341518
-0.0008809214758449187 -0.0015788837053797933
0.0016093917611764424 -0.0018234347140620988
0.00035726784970860614 0.0001415576606481714
0.0012022356395704522 -0.0023293697838640934
-0.000725737109288168 -0.0013826841614199537
0.0006372035472339541 -0.0024557545230893215
0.0005875680255820095 -0.0004090509757876463
-2.9013327434558245e-05 0.002301771805722619
-0.000582088939625628 -0.0006489684431151621
0.00017491274796219852 -0.0022879840900371803
0.00022883872107260704 0.0003433124506160079
0.0005511913655150399 0.00022204483152638414
-0.0028033432727420935 0.0017008626224522016
0.0012663655057280193 -0.0016603043710463597
-0.0009047788810225434 -8.016569746890377e-05
0.0010712185764392645 0.0002809725089908807
-0.0017768501569516205 -0.00034936924548770745
-0.002337571813318563 0.0010291673466273179
-0.001086816375462146 -0.00034623303089969187
0.0005342122391789555 0.001868568830370601
0.0035304337821739336 -0.0014336004996912094
0.0008527044588218449 -5.06339716189622e-05
-0.0011156027297818836 0.00031791967381501626
0.0007747783880092612 0.00022931004587805508
0.0001327995975946389 0.0003431727090796781
0.00021865026660201868 0.00013955412646424973
0.0013112286626251956 0.0002074218910991433
0.00198371207653037 -0.0002711562881365207
-0.0009897162010861684 0.00017913654783373783
0.00026446879300665645 -0.0005771431251915862
0.0002929059034037132 -0.001575649189656493
0.00022444861679848493 -0.001265264732918181
-0.001562613608391496 -0.0014255918239100534
0.003110107218056965 0.0008658812854463332
-0.00046935712851819955 -0.002034363878088087
-0.001674070139088713 -5.245318524876078e-05
-0.0005057719924976548 -0.001244422290286557
0.0016725811168414298 0.0008475630186825494
0.003521139276099289 -0.00020308425621206398
-0.0016952286455467604 -0.0009731712469844692
-0.0008774418780492913 0.00022254744536525753
-5.906249050377592e-05 -0.00016440198431208418
-0.0015698975336107983 0.00024474002301966025
-0.00038989464256983984 0.00047775983625206165
-0.0007391577177925634 0.0006016879172127823
0.0022946320796672372 -6.386994089995995e-05
0.00022992704622385967 0.0005995219083622278
0.0011695518905109085 0.001683063803653097
-0.0009074070551016589 0.0031087793857483563
0.0010863332684867147 0.0013333462765856882
0.0006660184528753579 -0.0007261739160677749
-0.0013268614893510251 0.00029625604788282754
-0.0002544216274781349 -0.0005533608820107422
-0.0006040521862547749 0.001675764740666312
-0.00031291613693988407 -0.00040169352090625363
0.0018602920475789225 0.000526756443261673
0.0002670385630640234 -6.462752046040424e-05
-0.0010710001779199187 -0.001047555439021306
-0.0012674188815537193 -7.971890188892316e-05
-0.0005930955841638946 0.0009053962968469573
0.0009104717955033537 -0.0019282910590293738
-0.0005836591612869973 -0.00180410729096147
0.001584524256551248 -0.0018629394760815749
0.0002044782729994872 0.0026622857388520827
-0.0013692120708468697 -6.246246926862302e-06
-0.0011707728849364872 0.00016882532874004243
-0.0005276494154101489 -0.0013581102030585717
-0.0006891989500590431 -0.0008469263353961581
-0.0011275006611193678 0.0006617443152958791
-0.0014392518195744304 0.0009271293765548377
-0.001304211441103658 -0.0022571818681433975
-0.0002724606852460013 -0.00012439344040381177
-0.0011152000817076842 -0.0001066388559585033
0.00026566314025688203 -0.0005672077943602993
-0.0008162110451993348 -0.000544734149812822
0.0010698650477300182 0.0008269940459643516
0.0005587751153828442 0.0015652165491623177
-0.002192081308869595 -0.001500800233382086
-0.001255874189966884 -0.0008506944250596241
0.002169167391651193 0.001159813501448911
-0.0008528217446893568 -0.0025106361610346102
0.0009367005662038057 -0.0021795885238746903
-0.0008667743476188695 0.0006240207714786108
-0.0017759996943893005 -0.00369346285989163
-0.0021901770784736483 0.00016364974382902423
0.0003871461437372258 0.0006776480295894236
-0.0007618987644668525 -0.0001036851110043307
-0.0021472662032295743 -0.00011880303434075208
0.00143463857428219 -7.218338666669455e-05
-0.00014342650671021463 0.0012215167090928135
-0.0013241602685126132 0.001890491547165031
-0.0015776231633627686 -0.0012668864174071382
0.00029153373665315055 -0.0006641205818003049
0.0006226593682229545 0.0020002836506948793
0.0015719052915750514 -0.0009263608472922518
-0.0008653410122487381 0.0008113772168345443
0.0018970437730715045 -0.00035056337538742245
-0.00048752992067841973 -0.0008825204360970975
-0.0001761667246981065 -0.0005282688502468712
0.0005843866765241196 0.001885202849316585
-0.0001186135292425931 0.0022176622756006252
0.00045502140476256006 0.002372777180991533
-0.0009748767422215238 -0.0016809118809637334
0.0009462350152089296 0.000922698188894455
-0.0007728603058000824 -0.0018759266875555951
0.0013559767056882746 -0.0015771120157965631
-0.001661298898282159 0.0013143195207250696
0.000982249251469828 -6.245193243002676e-05
-0.0002917761843700727 -0.00019272718875696653
0.00020513915312043944 0.0010417510748918963
-0.000903580583014821 0.0011194076002658834
0.002073333063092207 -0.002708583104113596
0.00023805285745482466 -0.0013007850180805822
0.0022087138065670954 -0.0001901720405158258
-0.00014462273457090615 0.0012185362051266465
0.0018909771584466593 0.000761553224607816
0.002820435867344935 -0.0013725270513283445
0.0005580447922541564 0.001140189996174658
-0.0022778465106901035 0.0018740492419422566
0.0005865537570945104 -0.0009769763041632955
0.0004530846108996726 0.0016583448039215914
-0.0006007110163280078 -0.0005245788967714255
-0.0038474333776349844 -0.0029268691308003145
0.0026283520761864357 -0.0011326567980959796
0.0008527346743597591 -0.001114296322590462
-0.001182262681871941 0.00135729328889289
-0.0004541659159181699 -0.00022565421365271766
-0.0011845681034367552 -0.0011188719862527095
-0.002790233504446059 0.001365912753913944
-0.00132382285165826 0.0020505985100414126
0.0008649601605666301 -0.0008655334737898726
0.002951643389764959 -0.0004389183622808894
0.00141260835621999 -0.001370217038655748
0.00030640254660127406 3.8291786034165873e-05
-0.0018523118082145124 -0.0005365431276700098
-0.0011874478380441852 0.0009865975258700947
0.0003991838159170866 0.0003976679303735647
0.0005101322544219264 0.0006292123824678933
-0.002297141454804602 -0.00244836062261334
-0.0015157608868198015 -0.001296199496995425
-0.000630341067937637 0.0002749010138748403
-0.0007961705371005172 0.0007423248899679376
0.0004799025717191625 -0.0009742099139200078
-0.002417624391210638 -0.000739326215948941
0.0009754331607569556 0.001386522983036139
-0.00020566356143931008 -0.000674461066033459
0.0028400398778294865 -0.0012851916588014893
0.0014888366872320125 -0.00018372714563053027
0.003620417835209749 -0.0013312878889008611
-0.0010857584894235252 0.00020070423419285536
0.00036338168455477075 -0.001843940018906487
-0.0009402819643273295 0.0019731168219925244
0.0004102914574700089 -0.0009597877920566824
-0.0020559445475711127 0.0007226417412406071
0.00038408665757035 0.002103371548613294
0.0038831561609860192 0.0015445236277135956
-0.0006772550531175465 -0.0014846348379381911
0.0015055256393585242 -0.001998078136407374
0.0005333513957681543 0.0027741800548937443
0.002152511781501063 -0.00031942236928869953
-0.002459501787129949 -0.0006877814292623798
-0.001156137905569623 0.0012443524494693142
-0.0003145153054860173 0.0016421452066728666
-0.0031025135051985157 -0.0007206853444844864
0.0013003691529039276 -0.0005248005826564204
-0.0010016871573087138 0.0016210344488846542
0.001229367722210076 0.00133419654835239
-5.407339198358676e-05 0.00247846654217845
-0.00318719954127099 0.0033234346890259805
-0.0017219359412331586 -0.001282353172834884
-0.0003509614466971454 0.00038241523964054747
0.0011589805984432773 -0.0011459251385714866
-0.0008952499748534099 -0.000996266402599075
-0.0028004181512277185 -0.002925909008565364
-8.791004522994146e-05 -0.00015769367409341657
0.0011705858050404371 0.0007690060296838769
-0.0016678733935070315 -0.0009853934289676097
-0.0008489990570225323 -0.00016248002042796374
-0.0010281632714956666 -0.0015479234692937697
0.00025555353475984773 -0.00014674022159638436
0.0013142170979502067 -0.0017924390937821993
0.0024534261001839044 0.0026618887061924125
-0.00026981977381183283 0.0021137375279651287
0.0010977941342476712 0.0014669690627133053
-0.00016264214262807995 0.00018033330522705492
-0.0005863888403904436 -0.000998107390851923
9.47528073380634e-05 0.0016394704746801624
-0.0005353901236008944 -0.0003978098933145129
0.0006415496591009945 -0.0024200577880874718
-0.0022067309077145303 -0.00031714430138563856
-9.391254743435604e-05 -0.0007929441595849225
0.00023968446374349471 0.0006109386719681529
0.000962428728758537 0.001046205513876254
-0.0042498133934455486 -0.0014572010632773777
-0.0016736912651969748 -0.003283827535248531
0.0022861855008434353 -0.0008332153210765898
0.0017280541687393234 -0.0012633161306766056
0.0008664137244807372 -0.0009572924290831991
-0.0001653386495205728 -0.00011648073176804457
0.0002678658697217794 -0.00041542171737158983
0.0021851570728068917 -0.0016833104219835429
0.0024863143390556385 0.0019395156782350635
0.0005234345000193559 0.003246438595885862
-0.0004232408390380823 -0.0010686482492567701
0.001109197693075788 0.0027972440916637933
-0.0001326583459682022 -0.0010456778048123741
0.0027936020911578127 -0.0023627155282222065
0.003070057599526561 0.0004914087794216224
-0.0006282729163284865 0.0010021003942965615
-0.001246021498218657 0.0008021675802667266
0.00018212892301821014 0.002258230595891328
-0.0015674462102930019 0.00119109048729441
0.0020003112239622093 -0.0017433413126164512
0.0008722061250396477 -0.003291319097643688
-0.0011804889580155438 0.0023617313903435367
0.0016018371054968188 0.00018175081092454502
