0.00022897866422859082 0.00022052471129101948
0.00020891347939800585 0.00013467221507595999
0.005111206865424729 0.0035561418955226774
5.2859439797847524e-05 -0.0024148892396325134
-0.0011283656095767457 6.625287629304719e-05
-0.0021227402394850604 0.0019549595669513427
-0.0006063606138858395 -0.0005699133917269537
-0.00015047951807933924 0.001820495825813495
-0.0003169549177386616 0.002183344965751518
0.0036665543136325408 -0.0021737182806426157
0.0020716400286873208 0.0009296991711437359
0.0019535284515194077 -0.0008245824840171334
0.0012219519762781074 0.00017784651869210061
0.0008899988845273602 -4.810010205177571e-05
0.0022114558756323 -0.0003754318553789786
-0.0011579265838103365 -0.0006972623379880304
0.00023203757960510386 -0.000327895188194862
0.0012267356512477834 0.002669670787813315
-0.00019257680250081325 -0.0033213342772834644
-0.001722281108700963 -0.0012007615224590427
-9.020150984967856e-05 0.0017797783798950244
-0.0005301219282410925 0.0015360729605577712
-0.0017916138047901857 -0.0016951506071206086
0.000916099551762524 -2.2391162924934645e-05
0.0011893335252886775 0.0019876283141315523
-0.002035708202747462 -0.0004584715700534942
0.00277633839867507 0.0017096206119005042
0.0006566128753213515 -0.001573606354611669
-0.0007363771196313908 0.0009251254165185069
0.0007870435069522363 0.002714813009065728
-0.0014717269323558876 -0.0005226372169413572
0.0021953736684245835 -0.0028180640556914405
-0.0016506856368157985 0.0005485877457392924
-0.0010173897651798581 0.0019020293080937731
-0.0026631169939069976 0.0014024004535145172
-0.0012965965871068678 0.0018027224363102014
0.0008000841780033658 -3.5825635145300066e-05
-0.0001619957176337696 -0.00052430163862769
-0.0017463141303392877 0.0005178888082910613
0.001247455608732408 0.0018762774728289168
0.0024072766032745335 0.0010281270087935065
0.002085576111026377 -0.000593135243898584
0.002752857822606704 -0.0014559601183312218
-0.0014202850165650682 -0.0005669195290850419
0.0009770796445329561 -0.000792767338347149
0.0005832183285206725 -0.0018015880727311646
-0.00013524651677799607 0.0011643225358539643
-0.00162089310322316 -0.0012280506058421035
-0.0013537944912601376 -0.001864200653397844
0.002406256285354046 -0.0004350142358637693
0.001627868931335529 -0.000484482955498827
-1.9892890932320583e-05 0.001114480889350201
0.0005552559224975874 0.0010260602372342816
-6.275116618773332e-05 -0.0007330480277056675
-0.0023350053908908546 0.0016936515332069654
-0.0012038488831561604 0.0012545043036682395
-0.0018141242867582108 -0.0019833859841642027
-0.0024260016592159116 -0.0019819735552543873
-0.0018517981111215674 0.0007499586524553598
0.00017871131128490913 -0.0024038731720190665
0.001372182777829697 -0.0010211108678396072
-0.0024282548341784263 7.76186868644285e-05
-6.298842602723362e-05 -0.00040023831869395466
-0.00038207808415348957 -0.0007803533515713535
-0.0018894708844783465 0.0025212524728035353
0.0008571257401599673 0.0016213986406475637
-0.00027385177384869013 -0.0007095410301685249
0.002879599178787199 0.0015625454094965613
-0.0004141199856292522 -0.001237305584625073
-0.0021294345912047765 -0.0019639227026836616
0.0013116888762766336 -0.0004428647425370668
-0.003796440626888275 0.0015383885866226607
0.001669858389906873 0.0017996930099031911
0.0018733917599403022 0.00015396077607272764
-0.0005562561843686341 -0.0013487397508099794
0.00028864591328308487 -0.0015207492734885784
-0.0013879431187803336 -0.0009884430620124773
-0.0019375259875533063 -0.0015780978702137633
0.0016691326522512027 0.001699790225347544
-0.0013602971472895017 1.1322101871458778e-05
-0.0022968042237727646 -0.002466685173902056
0.0015820312447812897 -0.0005687451890152528
0.0010404633632585278 -0.0009131259628451081
-0.0015666354177628196 -0.0019580922838457913
0.0025154233622464326 -0.001337366139615062
-0.0015414866557962544 0.0006791649142595975
0.00011741278205365645 -0.0006457142411574375
-5.5671579880626145e-05 0.0017279315632663015
-0.0004308651329942295 -0.002214536890009023
-0.001613971538083132 -0.0019735610716280372
-0.0004965680451475494 0.00141531465590229
-0.001409188840393209 0.0012658176096660076
0.0013110800598691524 0.00023448795323338732
-0.00047856309923557775 0.0004566587800016761
0.000976014942786353 -0.0032095429254734645
-0.0020830805171047767 -9.579055594167837e-05
0.001491480609328238 -0.0020315581487409754
-0.002172936812554208 -0.0011998826247893405
-0.0012882352100899914 -0.00026509349211764263
-0.00032531957953589943 0.0005734702147901506
-0.00013658530025192813 -0.00034635575272026954
0.0001595241067545861 0.0004448046388193118
0.0007514278963423033 -0.0003624300263796416
0.0011636034111751658 0.00029270543589429254
-0.0008472985251894923 0.00012549797006293568
-0.0011018182453672181 -0.0002698050603283357
0.0012462840229002068 0.0001768146907867257
-0.0005167441607038556 0.001118651729748522
-8.150160918345435e-06 0.00020229830313611672
-0.0019276484186553857 0.0002875243371000255
9.541577272477782e-06 -0.0018063795570888884
-0.00013582052775043367 0.0011380684618488898
-0.00017912492573756803 0.0003620445783527312
0.0022242965548227205 -0.0004218453757395842
0.003240601904330068 0.00022164506586596795
0.00017615418077496141 -0.0009285864575730445
0.0005674852977812245 -0.00013669561417081603
-0.00010867505575916118 -1.046007392851175e-05
-0.0020076244754689498 1.0770739114103209e-05
0.00045093606454229564 -0.00021083585439244802
-0.0009760908771093941 -9.77412502906889e-05
0.00010886590522773563 -0.00036870423056518703
-0.0008922853858569365 0.0020828784942202505
0.001975022002739333 0.0007882361282456321
0.0004791391001695909 0.0011715436000832688
-0.0012681550553369889 0.00032510166263964807
-0.00038924112473668503 0.0016910216129617686
0.002801438646906008 -0.00037457330749562906
-0.00029991155637142954 -0.0012248625564600744
0.0023660017782051648 0.0015946406190979667
0.0003796116660242618 -0.001605927688741287
-0.00072512805084618 -0.0007514518502430667
0.0018253139398032147 0.00072475765018436
-1.2777921149514442e-05 0.0021908157237804284
-0.0006062068011190033 0.002277056440955119
-0.0010416431362812314 0.0002878807322390636
-0.001175606883970295 -0.0004288092353764791
-0.000536294759325841 -0.0007335468853921894
-0.0006116603851362077 -3.283580616125881e-05
-0.00020606191246601608 0.001493211650414536
-0.0018810816041672199 -0.000267589276791785
-0.0005225871033475708 0.00046232013253214336
0.0003174373534501646 4.8836181901649604e-05
-0.0007188339605847052 0.00022935221599015447
0.0012193614992844653 0.001404774523649861
-0.00031646409085802675 -9.32581719600246e-05
-0.0013704401667871307 7.123248168042508e-05
-0.0006262884957406048 -0.001668793365384584
-4.164503561340415e-05 -0.0006795231300900275
-0.0003264610274021873 -0.0008228634398961238
0.0017703000390819966 -0.0004362290287925382
-0.00011710267569596277 0.0017105590713024726
-0.0012284850482352162 -0.0017286779949346148
0.00016875403491115442 -0.00033204694126295464
-0.0017306223322759273 -0.0007976843723299406
0.0025707474967183587 0.00042186823884166004
0.001124303561502793 0.0017516631182264075
-0.0017324597259691893 0.001334236361880061
0.00043240072137278686 0.002208476082446776
0.0006525082285347694 -4.3322801471023225e-06
-0.0011615022841171701 -0.0008026079053264504
-0.0013250976368801566 0.0008816763484862039
-0.00027633803969579764 -0.0005043319684813757
-0.000637162770978942 0.00037112929064408187
-0.0008995375050702638 0.0002549246067539524
-0.0004026041090456995 -0.00031417031861646834
7.029594937285806e-05 -0.0005211746117000615
0.0021282617614880573 0.0036197460729197038
-0.0007692210192604645 -0.00015901845860778684
-0.00175779268386676 0.0009210206619962259
0.0007847857336619951 -0.0018013466451943878
-0.001984660899251405 0.003922346760489985
-0.0018203649815533192 0.0003548846763869803
-0.0017772657896853615 -0.0010370209026607006
0.001096655799136049 -0.0016477909577065698
0.0012827026105279562 -0.00043917267373140843
-0.0026419671859379294 0.0008776587555170405
0.0019720764587983055 0.0014490596971847454
2.6389749184307772e-05 5.3536171825231706e-05
-0.0006279887705967366 0.001611705093603518
0.0009756536801269429 0.0013621121594842684
-0.0001882962446709857 0.002117922377375316
0.001489608016475855 0.0010815135508644008
0.000807731716504421 0.001573979231628252
-0.00020438148493144947 0.0004371389893172767
-0.0006236196134043943 -7.0617950484480835e-06
0.000511448940522219 -0.0010283785728432875
0.0005552588902529638 -0.00017898934004261823
-0.0006532347124904461 -0.0013519680050483574
0.0007264884080937677 0.0006565332156987371
0.0017940771586277412 0.00043392039760146344
-0.0031929651766318587 -0.0030761670296719423
-0.0001598550288433712 0.0016254741235614606
-0.001378817109345655 -0.0010811840820496533
-0.0001370956582158049 -0.0016662165704755592
-0.0013047262120620842 0.0012423615112360337
0.0018453220196467414 -0.0014134534076267445
-0.0010111374461445213 0.0005912279166299173
-0.000524615947035451 -0.0009275586765429699
0.002100307563141108 -0.0006460552956411287
5.847780349310899e-05 9.324632126040435e-05
-5.8282039720754255e-05 0.0016967609582990409
-5.398748551606521e-05 -0.0006847080392260795
9.833963386659708e-05 -0.0014386325900997102
-1.3453887271419204e-05 0.0001409714309544349
-0.0017261297433166297 -0.0010284445484068506
-9.463596715744337e-05 0.0022910418430031015
-0.00037889696973012567 -0.00028354923414037654
-0.0017315196308824187 0.00015484103655229357
7.565745977166616e-05 -0.0007169015400137472
-0.001778259500112309 0.002085088116150998
-0.00038076990561624724 -0.0005139386189701765
0.0016737712620626616 0.0011605311962269162
0.000866221557432062 -0.002598494896662964
-5.015973648697892e-05 0.0017184327595724926
0.0009159734529296696 -0.0016850451536301449
-0.0026047159100366234 0.0003889124978273986
-0.0018499259295807978 0.000557073909891978
-0.0016199373326136418 0.0012763790124747521
-0.0015745822654750637 -0.00012175710761512033
-0.0006277409573949676 -7.097939690221936e-05
-0.0013832908450190718 -0.0017370011485546301
0.0006384006503024859 0.0024298431058687488
-0.0004690884892673534 0.001975685388840294
-0.00020054370399911488 0.003025922638449847
0.00046413671033020197 0.0007516826992453748
-0.00029008096954132213 0.0018114323886238152
0.0009974306089817464 0.0008256286432641184
-3.211850036944441e-05 0.0006400256438714237
0.000657952745143919 -0.0015199049914567068
-0.000768236387037359 -0.0006366803463947326
-0.0009368993337078005 -0.0010090937572335174
-0.0015742609065658745 0.0018275868921306924
-0.0011721967589991829 0.002027477616639141
0.0004068359236263629 0.0023739654622934427
0.0004075098266573863 -0.0011137370705051675
-0.0009085153235012972 -6.790493011517018e-05
0.001922112412512207 0.0019689156843353444
-0.0007797209084387266 0.0010150397537478408
0.0007046628843874625 0.001720737410149911
-0.001277026855077893 0.0004970885167903824
0.0011455251470619927 -0.000370117119123221
0.003026174556189862 -0.0008416269428286485
-0.0005273615617596975 0.0018308163202930905
-0.001366305924182905 0.002140013198815516
0.00036864027686055124 -0.0003305294073763082
0.00045020738970742106 0.0024974539922380627
-0.0007070076008005346 0.002720924870015312
0.0002413061859846936 0.0022694787034628038
-0.0005387108365155331 -0.0023149834451644947
-0.00045239968755037815 0.0019585931464500173
-0.0006956388389857561 0.0009443451038406094
-0.0021268012159238346 -0.0013354126482119997
0.001532546507129165 -0.0008311754209381015
0.0017848678011848761 -0.0018092612746055238
0.0015836706472350621 0.002076284456607927
0.00019300833206024607 0.0020443633000962235
-0.0015496473056558218 0.00013393122629663633
0.00045421526503794927 0.004752012941988078
-0.0020031711737880805 -0.00043181558669134226
0.0014426530950359475 -0.0008929095023184939
-0.000763947335416854 0.00018862786216714716
-0.0014512164301463302 0.0019339462037118464
0.001271710054607439 0.0012870359917504838
-0.0005998150303487171 -0.0007543528142500075
0.0013862805373933513 -0.001453972805176427
-0.00015906835953760474 -0.00045327920359238184
0.0004858416994897966 -0.00015890389684198938
-0.0004180066661665537 -0.00016291661879570802
0.002352129368661223 -0.0005524097541676824
0.0018346218810344507 -0.0016166014015332889
-4.7970977286324555e-05 -0.0028684744093040574
-0.0010577407755469367 -0.0017347623164999692
0.0007350160836370864 0.003928223704980631
0.0007144991779525092 0.0007681022855312435
0.0017828325299015508 0.0009610033696434578
-0.0007426186764314955 0.0004849451583606052
-0.0002910657473467174 0.0015992097558515835
0.0010647272695699886 0.0007850316837459563
-0.00016657925189001487 0.0007409189771239987
0.0029294388070491067 0.0014973405956480463
-0.0015259263107753938 -0.00031546421328346505
0.00036714565814783705 -2.990345249892299e-06
-8.268492541479662e-05 -0.0007655627710330366
-0.0017753786693916593 -0.0008095269468650916
0.0013022516472553638 0.0013559399665089842
0.0030959016027632745 -0.0011748011707953757
0.001047530989173839 -0.0025927907137031306
0.0005903675773911862 0.00045636145799210774
-0.0031011458301852825 0.001348494629418504
0.0024397815391819307 0.001150824669310039
-0.0008681000777818369 -0.00199602486403454
0.0021909903861055432 0.001050006426186589
0.0006841049362722082 0.002479027562162915
-0.0006313258337983382 0.0011226182597692475
0.0008743879477519106 -0.0011581481902774742
-0.0008632235538307654 -0.0011614232378416623
0.0007658380637753697 0.003106653744158004
-0.002030796294818853 0.00022025168209244855
-0.0002110287252746461 0.0004968649632879794
-0.000663480525944614 -0.0011408934375998388
0.0011645471773859882 -0.0008460538471916241
0.0015369092875474465 -0.002228783053376663
