0.00011235630126459744 0.00014382043841292517
0.00023065394682389721 0.0002101286895525855
0.0021776276152232856 0.004988142943410271
0.0006082220607104568 0.0003519063604514818
-0.0014712720635177482 -0.0014397694606369386
0.0005081187749956619 0.0019509501182973141
0.0002823689778454169 0.00264131228562081
-0.0012642803451270589 0.002227587007119843
-0.0011825562532986609 0.001351346076238764
0.0007993399052677086 -0.0011605263660684657
0.000945397474747623 9.074419447278027e-05
-0.001066999228780134 -0.0019572594319274723
0.00021827571419597472 -0.0011107556667174037
0.0015047549168012134 -0.0014758654765619458
-0.001071370584673784 0.001268514668678205
-4.751380909023348e-05 -0.0012058952941252422
0.0014077244313226548 -0.0007557760462245974
0.002495365293570086 -0.0013897351325787763
-0.0005471115055583884 0.0003961719173673623
-0.0013821111433026496 -0.0009230698120133129
0.0009645977914712049 -0.002052522064707539
0.0012137342161007683 -0.0034415219950533252
0.0004908276564220921 -0.002581786456071502
0.00029824894168517085 0.0007635380402982208
0.000398468825267922 -0.0014745314761719507
-0.00046253946288860455 0.000650675125856206
-0.001973297014891014 0.00238893982547107
0.000998228169784425 -0.00033260856612058273
-0.000576717884605133 -0.003398196972466154
-0.00035052206160577493 -0.003869535915499839
0.0009885840694636267 -0.004639600010357043
0.0012848124577296844 -0.0005897297451817621
0.0010871176010817658 0.0030138949653006255
0.004009733672451286 0.0002802603989177769
0.0009494673211612586 -0.002531133746919519
-0.00020644279337567458 -0.0018868479040151209
0.0017932390758236172 -0.0009548795511703378
0.0007971496639322262 -0.00041051615553561486
-0.0005404745007782785 0.0034344327459438152
-1.3158034629626662e-05 -0.00125817392672039
-0.0004920572715050807 -0.002345601734383369
0.00023517676929816578 0.0029244492714643236
-0.0018928758857421543 0.0020028272985926905
0.0024637838553587645 0.00011026916742584218
-0.0007273786487792899 -0.0011331114570690371
0.001128195153009001 -0.0015499758235158014
-0.0004056203329676846 0.0018220537334971685
0.001454722258497073 0.0008138233402410532
0.0030525794009750493 -0.001387934790695328
-0.004594223055123273 -0.0018784540924043085
0.0016182028936670776 4.513436180599768e-05
-0.0011123331154481528 -0.0012642358279012554
-0.0027728777039385385 0.0010225011787156418
-0.0005599622367000503 0.003081806398154482
-0.0004464515283405526 -0.001477151337501725
0.00016040667820436046 -0.0005278205104176908
0.001720563065751595 0.00021937987629959838
0.0006479414192331538 -0.002730003796726464
-1.487774330435426e-07 0.0007017261588828937
-0.0022538011629449134 -0.0003436975144383554
0.00149684836352176 -0.0021230573462880974
0.0027941464020847634 0.0010788975830269294
-0.00019186056050542457 0.0012743081190148547
-0.0002489169135147793 0.0011860052906794301
-0.001712021153031473 -0.001378936583692915
0.0008040851821508899 0.000739753359563514
0.001770168905755938 0.00035711954009200956
-0.00061206834867464 0.002663329123099933
-0.0004688147555922675 0.0009949201722905957
-0.00023518154048565303 0.0020778563597935898
-0.0012713151165337842 -0.0011789263811634208
-0.0023335158117824884 0.0029412647144244656
0.001000470663147303 0.0019831915350776415
0.0005817485531893787 -0.000829869022450594
0.0018454679265056957 -0.0016919033700376251
0.0009371364492319961 -0.0003474191807543943
-0.0013771782398822568 -0.003134978734283759
0.00034489039481281903 0.0012119621642980218
-0.0008074226219275608 0.0010952383803577797
-0.0005676092181103641 0.00034362058890925843
0.0025016055199151414 -0.0017220322791489748
0.0018845753609907946 6.54259012261045e-05
0.0011304360102521482 0.00381100436048649
0.000606587810863044 -0.002184445425254973
0.0004539528786435754 -0.0034371995819035958
0.00046894759924251086 -0.0006531228112836687
-0.0009382737813869072 -0.00013180783143619112
-0.004252901204630064 0.0017570812738374182
-0.000241930311585343 -0.0008580091827123065
-0.002178203529882173 -0.0008799633652608992
-0.0008317572198340344 -0.0008410547254397285
-0.00010342958369904652 -0.0047003409568657116
-0.0009702536755340377 0.001240797068073024
-0.0019351135596577436 -0.0009514711354746452
0.0006214341857774478 0.0004321783817152337
0.0020940850906652794 0.001179499361258451
-0.0009072569631008677 0.001116686780326408
-0.0007931809721893957 0.0011031585103561735
0.003008001431203029 -0.0002622795382539958
-0.0003757686553418736 -0.0011890134670642474
2.775954187677393e-05 0.00010633020794645131
-0.00020394890435015349 -0.0009400814897698276
0.002686094805998483 0.003196647302256247
0.00209888287020531 -0.0021221080326350368
0.0024006525812094895 -0.0007954897662031472
0.0007861240771661983 0.0006722914304936073
0.00030082173242638663 -0.000761887509159881
-0.0018522593387360665 5.649729162855135e-05
0.0011233858842469291 -0.0013321072994873858
0.0012120111257281254 -0.0005653461316257566
-0.0007904889402776154 -0.001949044399339034
-0.00010718886069757906 0.0015248906042876337
0.0009278965538046518 0.0004733240595490113
-0.0008070286164270447 -0.0003344613556213862
0.0005203780838133183 -0.0007896786956348142
-0.0023330566159296385 0.0027231140920179905
0.0011013560470124755 -0.0021922498849599437
0.002142005260583677 -3.469335429998947e-05
-0.002344666959490883 -0.000925640994306283
-0.0002117824168952488 -0.001398702916425575
-0.00047057430157620885 0.0012152945282164335
-0.0006439242833873615 0.0013697213027918358
-0.00048693834700405225 0.0011062106405556145
-0.00043238793180479647 -0.0006671808306861706
-1.2027040541219089e-05 -0.0022420785120541155
0.0003215216542438739 -0.0007284547832299082
-0.00022422658951848758 0.001406677926617199
-0.000658465793859804 0.0025139350024423047
-0.00037420635025022073 0.0011228235069682953
0.0017297600546463015 -0.000479137111673797
-0.001204374275106564 -0.0006432415683471101
-0.0014801712986898742 0.0005405228178004017
-0.00016209647176985043 0.0025174498443811272
0.002078554071916827 -0.0019043163120942088
0.002534411628101932 0.0007177894366143577
-0.0017180987457862938 0.0010914186665842594
-0.0017414169227153767 0.0024971260638163555
0.0008683768027816381 0.00017256515431160024
0.0017356959905170072 -0.0003099643308537115
0.0008649274461140274 -0.002889722861068894
-0.0005539049252728178 0.0011774458306473721
0.0009787272186206313 -0.0021748794700203423
0.0007127791355961892 0.0007308821485110603
0.0008395843893384173 0.0010747932161343607
-0.0007440909227320765 0.001100466934780899
-0.0011616324349818618 -0.00022675862509824763
0.0004623586667933245 0.002242123287479707
0.0018021388816171222 0.00016416517033050022
0.0010706543689727294 -0.0015641276964647576
0.0008921396018729383 -0.00032920785644322144
-0.0006224911937358872 0.0016905189894478134
-0.0005197200420048401 -0.0011630522957146315
0.002587184224052958 0.003034572304708953
0.00013625655744121712 0.0007658570151010103
-0.0006946598152766336 0.00018032507198240076
-0.0036998695675479003 -0.0009592174667200262
0.0001421339822543229 -0.0011519996100435572
-0.00010231928164953051 0.0015914621209463275
-0.0020355175207383523 -0.0004646218986180492
-0.0020353805140410205 0.00011756535020112716
-0.001100383136665237 9.325316934854218e-05
-0.001907449692621452 0.0005068915090768822
-0.0012745350835225255 0.0014194614732092167
0.00127880584063273 0.0019364765631048639
-0.0005991011891549234 0.0013237194027461688
-0.0010744349710010781 -0.0003405751968688515
0.002429148585824815 -0.0016492869663515908
-0.00043706133737590367 0.0008649774771967442
5.407599857289659e-05 0.0006702532282230975
0.002557583941434714 -0.001395782381034721
-0.0005612299823559874 -0.0011580824046875438
0.0017996819873668168 -0.001107537560806792
-0.0016522337300551573 0.0025277071918430893
0.0006624044328309645 -0.0017105535589932003
0.00019641430923982123 -0.0010721468088475733
-9.175444641077514e-05 0.0013132801362455203
0.00011164527735741548 0.0005855685690633191
0.001564867753497286 -0.0006934035427457021
-0.00016861452566046395 -0.0010064953083980996
-0.00025342555833701274 -0.001253913354377229
-0.0030146247194182043 0.002034529026470071
-0.0015429527458821935 -0.0002810114808787297
0.0016228060633063923 0.00023736829592025055
0.0009508514010849989 0.0005027904201757592
-0.0013855201714240328 -0.00019121865363756155
-0.0017877004860321545 -0.00028806082491207515
-0.0008301447331143651 0.0004579377208244727
0.0018848447430374763 0.0023714043969779238
0.0004413847963506587 -0.0011253730666549253
0.0016422694245376392 0.0002472902321049512
0.0005567496309289868 0.0007841273769555301
0.0008472677164470434 -0.0013484422285810628
0.00031472330618167706 0.002089377463789306
3.982505304598428e-05 0.0019589923615576607
-0.0011989436053684475 -0.0013765825092379345
-0.00029656560918269424 -0.0015292194700316647
0.0005712766639115686 0.0006810963749142917
-0.0012337646943883303 -0.001233492380403419
-0.0003774010320058329 -0.0010075012712437738
-0.0016685730937333698 -0.0007106366006323223
0.0010854041909190305 0.0005177342302687305
-0.0026458613421180516 0.00015393505129070317
-0.0013879994138501796 -0.0001578568319406602
0.0021737060543323165 0.00029558926372302537
0.0013238510159756232 7.794410081649606e-05
0.000497179780964816 0.001055120797655216
-0.0021597000337555995 -0.0008333873850530423
0.0008483739666717338 0.002929758841628982
-0.00029783207853924145 -0.0015562931218814856
0.001070860798184751 -0.0012085939133387076
0.0011917201597457982 -0.0007125204648363518
-0.001905985296348347 -0.001318814457644745
0.0005001124098579833 0.000857943252725666
-0.0006902729408973736 0.0004673586231988355
-0.00041904212368672227 -0.0005548771274777454
0.0015201240632951444 -0.0002840171469765318
-0.00130581162126932 0.0003208959728250496
-8.112136880348138e-05 -0.0007537992587696835
-0.001277002552223079 0.0010384231850446158
-0.0005190302665274365 0.003232963531656429
-0.0014039612463414407 0.00020997309287770798
0.0011507159733350008 0.0005412562671504017
-0.001270748764213489 0.000569683583709757
-0.002310199678316534 -0.0016107418929593809
-8.026750951718511e-05 0.001449255145002084
0.0008407120799617347 -0.002897956646470499
0.0032502068193400215 0.0013664612932493964
-0.0019870650014112944 -0.000502967423123759
0.0005375244876513561 -0.0010344385785451718
0.0022916068305172694 -0.0015718632984261852
0.0004425645162144751 -0.002360039335037302
0.0015681563892427292 -0.0002837994951698249
-0.0019385924704642256 -0.001231225886081172
0.0008200905883263828 0.0009747100532770355
-0.00045638358246422587 -0.002556834444937039
0.0017971504263249649 0.0018327457593278137
0.0032303238936950696 -0.0018539872431393104
-0.0019964802449411816 0.0004121700650986336
-0.0007673583293334525 0.0021430690008954604
0.0014446904948539746 -0.0014282638392292561
-0.002194410581446483 -0.0006604111569921401
0.0021804062485444842 0.0010269951039067863
0.0009591057339447295 -0.0007619954941637776
-0.0024800797599348074 -0.0023314640783429355
-0.00043759040315219513 6.650234865698452e-05
-0.00036623810973408294 -0.0005417326908679781
0.00046133431523641654 -0.0015548732781060725
0.0005747386440281354 -0.000833958915094693
-0.0017442484939110953 -0.00015704891632531423
0.0006514359235370995 0.0010760761430163059
0.002304796386268381 2.032762761662945e-05
-0.0033310723202434364 -0.0007311445988586104
0.0011539027316292698 -3.798372194294206e-05
-0.00022209141963864637 -0.002269640947091184
0.00020567183245875245 0.00019676275677483446
-0.0013589348891828133 -3.883317664869657e-05
0.0007961868359311595 0.0007386188438827215
0.0006464214660032714 0.001997481705927961
-0.0021823399657358907 8.244317106747384e-05
-0.002156653669986121 0.000873162608160704
-0.0019775618450100893 0.002265831023051311
-0.0029623373312681316 -0.002619779472209777
0.0013195697258560726 -0.002717570840556832
-0.0019908899111038838 0.002071338727538107
-0.0018929193630926452 -0.0004764859303663922
-0.0007093005021574186 -0.0007365537566096647
-0.0005706196417697579 -5.728236048248751e-05
-0.0003328920439040571 0.0009270975352008219
0.0010089759104419927 -0.0003424356686729875
-0.0008414594316134255 0.001169041453146275
-0.002293671925180903 0.0006308022872121194
0.002104662799148049 -0.0005365058855028328
0.0004456588525245052 -0.002415136765193754
-0.0033875680292641923 -0.0016324342047063186
0.0022076699019994163 0.0014031371265864673
0.00017556534992812343 0.0017405270934749515
1.1656170735802263e-05 0.0029102253170341244
0.004405529394634332 -2.9144061838875106e-05
0.0003302048421824562 -0.00028648171464778474
0.0027427495081640807 0.0017225162280952511
0.0006911522204958449 -0.0005986663536001636
0.00187371121520546 0.000881862644568043
-9.512387635761938e-05 -0.0005934704060674953
0.001156263005681102 0.0012487562133034302
-0.0029173844559699054 -0.0006389191084906206
-3.12755767842691e-05 0.0012302968135229622
0.0007979220565104631 -0.0014968410533899767
0.00046107222446510317 -0.0018799184224365891
0.001599712531865904 0.0012474113930720705
-0.0010948950322220447 0.0016932747115072477
0.0024221430631270005 -0.001888716978659924
0.0018819307799171918 0.00061174181051332
-0.0013772924778043666 0.0006009710715609364
-0.0016398005169425997 -0.0004982786838464776
0.001661634041119178 -0.0005449770502206493
-0.0009884909380971341 -0.0015474594529964972
0.00028527449042153223 -0.00036421264581597843
0.002588735423836389 0.0013768806706633205
0.00034956681919153405 0.0015140595455485244
-0.00016621623150246163 -0.0019373632755833898
0.0022864181612726516 -0.002159712920546569
-0.0020400797731817723 0.0026606923277513106
0.0004920461619055437 0.0008182719835294836
