0.00017243294039066408 0.00012644233812095853
0.0001941458664421937 0.00011509726616875402
0.002913324503865547 0.0012868787737732865
-0.0023022098830418913 -8.204973909469083e-05
0.0009110709732976606 -0.001325706770052894
-0.0011534191537594096 0.00010674416353633402
0.001278664525399084 0.002034023914575669
-0.0029332760526745248 0.00022998777312834663
0.0004601914471729874 -0.002172838451052481
-0.0026798860416511142 0.0012764594826949033
-0.0007376845830250503 0.001004635036241213
-0.0005524628626627285 0.0007207854324894962
-0.0016322395475166548 0.0007849564600812541
-0.0030535358363163855 0.0016056219629692534
-0.0011825230193189863 0.00033261214171569845
-0.0014481804986368214 0.0007135295565588996
0.0026331898191739693 -0.00013650926659397963
0.0010112568831348717 0.002118129034233991
0.0012161831805952022 0.0014040200201223747
0.0025410867529404506 0.0010514035331633303
0.0017965106499081688 -0.0012889552621243752
0.003526311153537262 7.49905733531712e-05
0.0007420285546150743 -0.0019600626324820297
0.0032927364766998776 0.0014525296481161757
-0.001923776735220856 -0.0013506374742008537
0.0023838794238029808 0.0005984044653214493
0.0017980244170809666 -0.0005460477807343168
-0.00014696147327498572 0.0017439395600095846
0.00027971144043565646 -0.0012221878962402877
9.258651622590074e-05 0.00021435886742698503
-0.0022519887621563063 -0.002155707787699141
-0.001970936952042717 -0.0004392226007318552
0.0009316385068540536 0.00025803945739624935
0.0002689353405541125 0.0022528228517897306
0.0004163039204379702 0.001129805280193668
-0.001526054475079931 0.0023758392046624973
-0.0043508684807710965 -0.0016105586446596488
-0.0009972487341910958 0.001046673137086374
0.0025523126045849344 0.001077625239032728
0.001028747009352498 -0.001308239206787316
-0.0009222240053601126 -7.803513132338081e-05
0.001025057455252233 0.0030901650368662646
3.5417988279437734e-05 -0.0014551305617024979
-0.003631242205482098 -0.0004061168884860168
-0.0005610329345844669 -0.0016571463250837928
0.00023061453418934713 -0.0010787320560550209
-0.0025274503517016458 -0.001669616631493531
-0.0013627113738438235 -0.0034927393339064822
-0.002065504181256121 0.0008368324349434181
0.0004477302416000022 0.00031678551264765673
-0.0003460812574306452 -0.0005652831613195125
0.001191806038885153 -0.0013339504944960372
-0.000809906781154705 -0.003393751178028266
8.743850983522533e-05 0.00010022289527749014
-0.001015121333382578 -0.003630882926210509
-0.002426823684956975 -9.649233654808376e-05
0.001454949220668656 0.0015820217989634844
-0.00030258097172356136 0.00014165686279440378
-0.0006940466213562796 -0.0001770784443830741
-0.00020500997824332497 -0.002780450910593757
0.0018134528684647102 -3.7420127693229893e-06
-0.00019466996283123327 0.0009983371276997806
-0.000842673236094651 0.00100962031687362
-0.001836454052078422 0.0008260647947792228
-6.027764813538545e-05 0.0002197554583087214
0.0005105079192475401 0.0008144703094030154
-0.002880151987791823 -0.002589704630264586
0.0017805898589816672 0.0005132312482944972
0.0018800773587326555 0.002406445158262182
0.0022926049377547755 0.0009571740777305212
-0.0005079977084096768 -0.0007689397533465662
-0.001540116888889357 4.819875745143866e-06
-0.0022968399270583005 -0.0009776618213566002
-0.0019106089070836465 -0.0004791314250889635
7.517155640236634e-05 -0.0014676377859062786
6.219519181452765e-05 0.00047869718045239065
0.0001412615012183708 0.001602698572209607
0.002349768732029361 0.0002567258298315928
-0.00045557209855710715 -0.0007152288207714684
-0.0014324526739322493 0.001705043255693436
0.0008656730028241953 0.0023809377702921995
-0.0017800949522202817 0.001760305243392006
0.0023559949737568683 -0.0008324850546385044
-0.0007571474432808543 0.001352567153236878
-0.001577557524397146 0.0015678705879808156
-0.0010746407947672392 -0.001125748034179383
0.000450420631246708 -3.282708693734341e-05
0.0004796655330642756 -2.5276950298340916e-06
0.002547918214717584 -0.00022991821546406374
0.0023950334757003463 -0.0015084431313370729
0.0030036520189642133 -0.0032128630975244103
-0.0022406896846388445 0.0028795619614821193
2.5922089490186573e-05 0.0005259220549413947
0.0022094633089960788 0.0025656284364515536
0.0030851760397152543 0.0007005332823374727
-0.003548183353679867 -0.001427967036758849
-0.0008625992401205071 0.00010796891223492252
0.0018260959702986511 -0.002955056439252342
-9.809752568718641e-05 0.0018338256180118772
8.729945428196315e-05 0.0023109311461017735
0.001569198517832585 2.755808883617079e-05
0.0007314473599811133 -0.0018012030069563623
-0.000991097192397545 0.002440447328096611
0.000403890708548316 -0.0011618486221678557
0.00028626995747072203 0.0012566560151742944
-0.0003497736301381484 -0.000935648722172843
-0.0006515698420751707 0.0008881877926604614
0.003181603230618512 0.0002047693857429
-0.0018089492297414878 0.0006384368099340401
0.0006411674295722006 0.0002045866416532919
0.002518750756432072 0.0003349133485616849
-0.0014527500836489465 0.0003665821907665434
-4.7010971241717496e-05 -0.002302325857615891
0.0011632790085635719 -0.0016245015035926487
0.0008995255939508761 0.0005844592475645639
-0.0009490788019516986 -0.001176232477850381
0.0012495258447827921 -0.0007243489614027044
0.0008617862122796002 -0.0005186308732043004
-0.0016726112165611796 0.001313653843509953
8.682270304338031e-06 -0.0009293931491960992
0.001268028804540245 0.001254937133407241
0.0009196446342469005 -0.000288760072559674
0.00033645528230617685 0.0010526262291200518
0.00012537623591692192 0.00020788074450183125
-0.00027064619397403793 0.00025760602333922553
-0.0016465570086567046 -0.0019471964717228884
-0.0005659817387227511 -0.00019532280261378375
-0.0005856380285415141 0.0035700619499403345
-0.0019847179095755355 0.00023551996933734353
0.0006642219567276793 -0.0002814195130491824
0.0012152677871096098 0.0008797446414794047
0.0007164673158826009 -5.30103572562021e-05
0.0010937220388331633 0.00016901447384491526
0.0002804548957279674 -0.0011858320655962356
-0.0010510234202328903 0.00038874394929393517
0.0016037045143647507 -0.0017928132202332061
-0.00039880282649748544 -0.0005551510098273988
0.002514900564369594 9.80725610786143e-05
0.00025371414121512715 -0.0018309047366022726
0.000557578267743685 0.000727562311624731
-0.001580372621921574 -0.0004213198156633356
-0.00015944666725880788 0.00014241108431033872
0.0027120672356633034 0.0010871602660078653
0.001485418825981017 -0.0003478812262251429
-0.001665169244468767 -0.002190604820969318
-0.00016852515316154198 0.00037032432759571846
-0.001431706792290997 -0.0007336583788541292
-0.0003357211402951503 -0.0009308663547325748
0.00011993537568896569 -0.0007443336109025356
-0.002574411931293151 -9.49088685422793e-05
-0.0012767795336026634 -0.0009041189581000859
0.0004882199698986583 -0.0028772404832371557
0.0012046733909489963 0.0001335206179664226
-0.0006168708934694728 -0.001285319369345354
0.0012348805187529243 0.0011384589079052449
0.0018367310332136756 -0.0004672242410524569
-0.0011337751946028447 -0.000966776550327726
-0.0008967282731339033 -0.001995345807064706
0.0008692388141434172 -0.0004012987431888077
-0.0007901271120500905 -0.0011723049308181412
0.0026377422006128174 2.2115885912255106e-06
-4.862356764157125e-05 -0.001966450082111525
-0.0005713102053808974 -0.00023802813626976432
0.0032629009771228657 -0.0015392246143051908
0.00010747355227931082 0.00032921299491577054
-0.0009260500876130516 0.0009437205411371248
0.0010711327625027248 -0.002404375946808196
0.0011804520784480966 0.0006424417744575162
-0.0013711782299509786 -0.0005970139422847241
5.536455799937342e-05 0.00011780156722381965
-0.0002380129659699954 -0.0019253613485892922
-0.0015504030012053996 -0.0011925379370382597
0.0002847742511480335 0.0019870955868461814
0.002503217620834647 -0.00010858886950756793
-0.0009001449512748892 -0.002619824449132691
0.0015249452724394636 -0.0008844514514409222
-0.0011209315789971314 9.422407262711026e-05
0.0018672500973837918 0.0015623805260070725
0.0016153555310618943 0.0009911540810284124
0.0015972741664326525 0.0006444802760645256
-0.000966530955554293 0.001141319701500541
0.0006503206688945393 -0.0005315998084197488
-0.0007910884766936142 0.0006000953132901864
0.0014836288091608573 0.0035371235441812973
-0.0007579462047334439 -0.0020528518430675785
-0.00017799062365826568 0.0005132749141362875
-1.1493699654718637e-05 0.00027066322570621585
0.0007678648628893141 0.0002620809694729631
0.0012169877369273118 0.0004400030678429353
0.0002296190403750548 -0.0015010491910989261
0.002237863945781839 0.002593869469607289
-0.00026721907113557965 -2.7268528760481638e-05
-0.002313692434127896 -0.0030246662502051293
0.003281332413992173 0.0017228395305727312
0.0005243811178387185 -0.0009718939363673971
-0.0009863875169527022 0.00051679689314626
-0.0011215134615548165 -0.0005591286848380518
0.0007471049552260241 -0.0008628266074002185
-0.0004058554725818423 -0.001754356962129549
0.002924360096129655 -0.002568044327640342
0.0004116788847879072 0.000231451799214662
-0.0009314760202259771 -0.0019404042204254632
0.0002796524577259477 6.428687647454277e-05
-0.0036565495207565545 0.001581002173682586
0.0011467751283483882 -0.00335735162253203
0.001011217870491817 -0.0032746633138572637
-1.1815333166344037e-05 0.0013102970874061118
0.0002310852130949001 0.0006899713352337281
0.00019680816911474044 -0.0012503636808549369
0.0019069172821863333 -0.0007402699606861591
-0.0004768735452767253 0.00040312350495781875
0.0012798593547496966 0.001026970357399917
-0.0005520650468948734 -0.0014421234949018899
0.00022724836448256632 0.00014694000426389083
0.0005464069141494159 0.0008834025121081785
0.001427611995790262 -0.0011795266441315582
-0.000379613268683866 -0.001412573689954905
0.0006929410901022262 -0.0007660917841819005
0.00146189132387363 0.00026384420133910506
0.0010480760700427795 -0.0006514619134543472
0.0005072209584291645 0.0004454153156094588
-0.0012527493662059766 0.0024878308559782313
0.0010692113649254183 -0.001873554629305008
-0.0007868983016652201 0.0008921374137964193
-0.0013718401022564564 0.0013972404969029761
-0.0004827407528292982 -0.0012557300459042958
-0.001262465502004094 0.0008160590571776642
0.0007895720680365446 -0.001434730517702091
-0.0009356991898698356 0.0004682414800560049
0.002150773032037409 -0.0002933910456978035
0.0031649231822565445 0.0018241180233781913
0.000620501579543548 -0.00010650478825573939
0.0007967264983260522 0.002326667305646015
-0.0008151700635360827 -0.0013302029422910628
0.0008464241570030127 -0.0019576517116768792
0.0012170656658690652 0.0012105946100093299
-0.0005376419925864944 0.0007258358645869183
-0.0003033232995994384 0.0005425304003515177
-7.768863249466835e-05 -0.00195354848272149
-0.0006394110251294797 -0.0013388513758708775
-0.0014471844930262054 0.0003627625107790853
0.002283580390225585 -0.0005459195525595765
0.0008366436159497467 0.0013694132447864425
0.0009000797095569745 -0.0012768674690228565
0.0014012712667776461 -0.0026428506156095186
-0.0020963980081679084 -0.0022184702533947914
-0.001589337284201223 -0.0026578698018050215
0.00034387532198700005 0.00036774973132013564
-0.002386160721649351 0.0010255153053171037
0.0011554296960572883 -4.159346850535037e-05
-0.001164592004179611 7.184744673310249e-05
-0.0003749201116251183 0.001589212056977697
-0.0016452574056776224 -0.002144257068395076
0.0017505766774520283 0.002242927196866194
0.0015740662381717716 0.0006938864888856346
5.807748490098876e-05 -0.00021697282695060498
-0.0001575741062664974 -0.0014648835498340187
-0.0037866880110037082 -0.0012273316194452723
0.0025163295981934764 -0.0015392589830951083
-0.0007471461296463376 0.0020598551532352376
0.0011376545783129623 -0.0005445047696470918
-3.890191824215646e-05 -0.0010410858812639947
0.0014259518992054438 -1.085938217066597e-05
0.00011199364052183495 -0.0005132691172714185
-0.0010133433638597586 -0.0010774411977203255
0.0017456473510571557 -0.0011570999940231977
0.0016177392858197632 -0.0012497018076299872
0.0008585636816943732 0.0005016349216273486
-0.00026703038016450694 -0.0011490109982252366
0.0009815037865590973 -0.00031751732727113865
0.0029796838780854805 -0.0017932211994791702
7.73003170602622e-05 0.000990686873073359
0.0006452955769039529 -0.0011563392105004612
0.003815928343630549 0.0011598022619462812
0.0009221045118312827 0.0027828342503962568
-0.00019248613654788038 -0.00035292240526535294
-0.0006400749845578201 -0.001162556254142573
4.1012150854701757e-05 -0.0013923866386365987
0.0011536207095857972 0.0007287196106950569
-0.0013530350053722999 -8.870614341863577e-05
-0.00038573159807206604 0.0006864534186876366
-3.882453553903185e-05 0.0003689610726655589
-0.001532099678276 0.0004856246188158082
0.0012031837626419425 -0.0010796915245331398
-0.002071972735588713 0.0012549492291019772
0.00030957168003057853 0.0001020154465354284
0.00021942229231391004 0.0023043796029659724
-0.0005733748663617118 0.00026529784670461604
-0.002252033567281381 0.001960587026096927
0.002281771104791487 -0.0010881658167097286
0.0018513159064820269 -0.0014975201908339812
-0.0001010118528375417 -0.000880480839965609
0.002322335074023761 -0.001588711556180809
-0.00201354717675925 -0.0006537477494716013
-0.000360727530653542 -0.0020656282785872387
-0.0007676815671882888 0.0014413168972967727
-0.00018427956870120538 -0.0009882986680071764
-3.103826830370681e-06 -0.0006867370188150961
0.001866497758440483 0.0012382645988612134
0.0008337839354522331 0.0005025959165120131
0.0017144859125417429 0.0006018192420389536
0.0004013807825617014 -0.0004344116796477455
0.001171455206767993 0.0005712124414882667
