0.00023754039598267865 0.00013349282669081235
0.0003422258964239255 0.0002262590712610218
0.0028976100855138236 0.002211334376785307
0.000670252402577219 0.0023136824549921577
-0.00063545934033142 -0.0011504213344945041
0.0034368472696323818 -0.0028167109376161
-0.0018044567450370484 0.002818585869377717
0.0007814537501554003 -0.000621044534274041
0.0002929404613806021 -0.0007354017803676503
-0.0014177532821818683 -0.0003984534000242248
0.0013581390460054876 0.0020255402772313114
0.0011889735928321114 0.0018273945047116227
0.0016308780361546044 0.0009437127133768262
0.0024207890948984316 -0.003261406668286036
0.000755048633579113 0.0017449612169501958
0.0016875848261914915 -0.0018480120634505656
0.0007490051284509362 0.0001600313159943135
0.000564520802144003 0.0004333515500714653
-0.0021673252898132 -0.00011208760214178474
-6.883924030674948e-08 -0.0008242510459939869
-0.0013941821596598536 0.0012224164089900936
0.0009981478890834863 7.708482991780613e-06
-0.0031810615023862027 0.0026165016672646257
0.0008659392514992184 -0.0013679935935839958
0.0015887144099621428 0.0021118629556275926
-4.6760789786382133e-05 -0.0007009346245509567
-0.00018322942319411292 -0.000613616545416375
0.0007249253240860342 0.0019109432402622604
0.003238703030530424 0.000340492359260452
8.304768144166077e-05 -0.000550944899253849
0.0015508978358454775 0.0002899639874505475
0.0008119994493283996 0.0009432315001444497
-0.0005610208856703021 -0.0006724988869800536
-0.0010387658607802143 0.0010876256253475594
-0.00023099128643105013 0.001206634960876253
-0.0007631646129429466 -0.0006115511785631084
-0.0006284042615064159 -0.0005441877100206457
0.0037422181903185867 0.0011525335321899382
0.0019011490949748812 -0.00012993909604833118
0.00080603911880154 0.00021730286117038446
0.0008041753434464727 -0.0023040278911610774
0.0013396132317439631 0.0014968178204132476
-0.0030185845420890706 0.0016860094863405332
-0.0002463122395120526 0.0010632307882048192
-0.00034192533854402954 0.0006606784244350816
-0.0009369952130869993 -0.002694990888641721
-0.0015097132612340008 -0.00014893029860926185
0.0020176247026119933 0.00012186078643067236
-0.0028794904976694783 0.00036697085935474843
0.0007173637873984605 0.00014828521125220337
0.0018297469593689477 0.0012429768116965158
0.0008154127776243045 -0.0014337390881014411
-0.0004945536662895902 -0.00040439455308418027
0.0015523989494430528 0.0012100471643448042
-0.0025466421959995317 -6.0006675487986504e-05
-0.0013496949101273771 -0.0005538300823170606
-0.0017040854412965075 -0.0017631854511681744
-0.0028570410083897115 -0.0003665499156815079
-0.0016325061116706375 0.0019246554349223338
-0.0004867994394726876 -0.00013905658864957397
-0.00019555594194872527 -0.0001083096877863351
-0.0017015672615600193 -0.0012581836067742697
-0.0007638485738784916 0.003088583390860925
0.001533596038100359 -7.57873747255973e-06
0.0014478152422007133 0.0018268444733943478
-5.296801650707449e-05 -0.000850202148005438
0.001488586017024434 0.0003682425136261119
0.0022231049052460626 0.0012348487649018736
-0.00044791254302145833 -0.002449022071568543
-0.001793754449658234 0.001619813556967785
-0.001549725972543371 -0.0004349810601522143
3.946885429953251e-05 -0.0021718356412045725
-0.0011809484755641933 0.002948954010505386
0.0012383092870773278 0.0006995559360196696
-0.0006166119275392557 -0.0020307587354321424
-0.002271999322314572 -0.0018009117295879483
-0.0020511769929175637 -0.0002517223075882028
0.0010193512609310061 0.0005142459475346076
-0.00025719077553330654 -0.0018590817941975789
0.0014017596205417866 -0.0008422728621315923
-0.0009938675670273576 -0.0006195915311932213
-0.0007771197173735483 0.0005751408935069607
0.0016126489073411306 5.365669132055987e-05
-0.0013536222822555215 -0.0016780222902395582
-0.001516086680240902 -0.0017568780793756366
-0.0006183114674138131 -6.820459468500595e-05
-0.001710206398301694 -0.0004450834683665934
-0.0013615542468771707 -0.0012302326146314607
-0.001832004418026558 -0.0003422357427530036
0.0027526934907943137 0.0018419875843017981
0.0019343862291907527 0.0005180092090871091
0.00017743418832823492 0.0015730266078423322
-0.0004646210489653143 -0.0012669789129617509
0.00283765323515404 -1.7936049482942506e-05
-0.0006358602331249562 -0.0020975067297744395
-0.0005233794996477049 -0.0011413732320146705
0.0035085413721102714 0.00034722939712279613
-0.0017627923005910484 -0.0011984208725735563
0.002420608397956251 -0.002232742751402619
0.001626596677155714 -0.004131452646925777
0.0008172827607099643 0.002445556826230315
-2.3698040349502174e-05 0.0006175451880949653
-0.0022114429037246486 0.0002889471379253722
-0.0017019363747893753 0.00022752166054895888
0.00047885142646910317 -3.015275627539474e-05
-0.0002900742264162745 0.0009610861534795706
-0.0011962679539092166 0.0027879544864807056
-0.00030672863010705224 -0.0012852947087602343
-0.0014134990537079332 -0.0018639691891535741
0.0032098801550771773 -0.0005165896716765596
0.0008583860664870564 -0.00045858274702281245
0.0003642465144957961 -0.001510563037873702
-0.0012028499635126037 8.681946485236241e-05
0.002382236660405952 0.0011804759440121365
0.0018942078549613 0.0009414429575242128
0.0003223254914530357 0.0007116774974555221
0.0009719141053639474 0.0011047670177167963
-0.00016849814486840075 -0.0006640091531419902
-0.000881162580552375 0.0005938143100511494
-0.002118221413337948 0.0022821019268040275
-0.0005156483253794391 0.0015187781738950897
0.002339044375869296 -0.0010489082914814842
-0.0007222647851510399 0.0008975325120891725
-0.0016014319494605301 0.0005707187500768093
-0.0016517790851435384 -4.3708925904271374e-05
-0.0008140577651100055 -0.00012910735459981332
0.0008201663379229318 -0.0014425593109991114
-0.00023620481578542557 0.0011910999228118898
0.00041270110168433035 -0.0004936617479738684
5.141686738252136e-05 -0.002566586410959176
0.0009743743554428195 -0.00010333182481933652
0.0015878162423779924 0.0004999766709350421
-0.0012582620948804434 0.0009676651215218152
-0.001372438521495411 0.000685738194439442
-0.0007648771395549184 0.002932628178115708
0.0009963784102435505 -0.0014934377082396555
0.002089378695520713 -0.00029674798117699494
-0.0015674361871230221 0.0016542056619524492
-0.0007999284179142738 0.0005906130624538621
0.0022796291916393698 0.003163383659291153
-0.001089871927510429 1.8660177784497814e-05
0.0008664317493784524 -0.0005589227629784817
-0.0004404679413351267 -0.0011395685410261287
-0.0003152518624267487 -0.0002759393082762374
-0.0009233220412774075 -0.0008061759297988763
0.0006933200795424772 -0.00025572228793519885
-0.0007727438607556987 -0.0005859504366759955
0.00012271696062292854 0.0001532137724253498
0.000788097158789773 -0.00021334932942754868
0.0003085137718228661 0.0012465616357464988
-0.0015217640371157784 -0.0012386117757664775
0.0017278835987077272 -0.00014042381803656796
7.901832704658864e-05 0.0005212990688955988
0.002163672781883546 0.0012083639835707891
0.0010074784844641427 -1.2000354140960559e-05
-0.0006419109235156972 -0.0008871252277333812
0.0006164051331078145 -0.002565320481273643
0.001157945387059952 -0.001963363053224658
0.00022332583397022897 -0.0015393221434812068
0.001402884094073069 0.0017091831613136553
-0.0005842963337766069 -0.000775863664078249
-0.0003783661346683818 -0.0008748068502458422
0.0005811376265072224 -0.001412563254146571
0.00010507715988802011 -0.0019538237251504192
0.00017853782450954063 0.0017796722690062584
0.001159734729224289 0.0003128329337989259
0.000522679614668254 -0.0005359255880558653
-0.0021325062827304915 -0.0007471965497058336
0.0015261980282691562 -0.0005267736631449467
-0.0005177865092185427 -0.0010734525942057511
0.001160031005256454 -0.0001673642008178067
-0.002469336618609558 0.002788346734879607
-2.7446062726954908e-05 0.00036006936205317495
0.00030842716664106944 -0.0007403352457785313
0.0014458603303769422 0.0005311510698951038
0.0010651778165678514 -0.002135615287909436
0.00035465889062108523 0.0011692194345540464
0.0005697668502726796 0.0010135919343007913
-0.0011566426800618803 0.0008077471582487434
0.0015505567449922175 -0.00018059389788961712
-0.001866803373881938 0.003068647044988163
0.0036466915637262494 0.0013740299501094912
0.0011806173040701485 -0.0013237372740980608
0.0010409702973218742 -0.0019928778144967813
0.00026428135775658076 0.002597095124737498
-0.0009966072168677937 -0.0013545494409951011
0.0001819271898371392 -0.0002618511570445497
0.0012524577183068467 -0.0015679033234016016
-0.0004422510721024844 0.002467018379331757
0.002130569736593687 -0.001418140519460353
-6.374211459348405e-05 0.00015445370887524746
0.00013284132401211932 -0.0001699055699281134
-0.0017674132193443333 -0.0004024496393938748
0.0007894785385205596 0.0006408855165028745
0.0011021108919126224 -0.0010662847933663694
-0.0005795044657590563 0.0014587808769668644
-0.0015044636425348193 0.0005457564531836986
-0.0011670468605167199 -0.0007509687675507147
-0.002531243034427988 0.002052883378788467
-0.0003497478336559789 -0.002017019464739894
0.0011455080293141353 -0.0012342410064932374
-0.0008036746245875452 0.0010531205452136588
0.0016111250442529524 0.00011259540662165472
0.0019059170580317413 0.000371216087676016
0.00042700689142988207 0.0018037855418257312
-0.002435555671171058 -0.0005174740319632797
0.0025761926594474265 0.0031434067625961885
0.0013860870295759708 0.0004662267134098102
0.002173528661122106 -0.0001517309616496092
-0.001488347231283848 0.002799492460589017
-0.0009972267552868868 0.0018681351199215687
0.0005344492937612601 -0.002991486141337462
-0.0012938197482572744 0.0002423666614890052
0.0012905101136146302 -0.0026781579960299872
7.607337096283035e-05 -0.0007916924616331951
-0.002431865538401276 -0.001965664941517521
0.001554709719226802 -0.0013349695000250124
-0.00022601164018761925 -0.00024905855994158043
-0.0006483744336122385 -0.0006260385421996377
0.0009422740111532351 0.0003575525208792458
-0.0007879500106458474 -0.0003784251336228407
-0.0010490915472805146 7.382179917493097e-05
0.0006699006041875105 0.0009538729166137748
-0.0001121500328835343 0.00047622728657011634
0.0005821186708222036 -0.000360294073754292
0.0004298070057919619 -0.0007788544445066134
0.0010222651007374137 -0.0008184391516091299
0.0018865222557390969 0.0010896468123438726
0.0018688722085887022 0.0013473013778435136
-0.0020472249201643443 0.0009417534227271842
0.0007753164971813195 -0.00027238718639316134
-0.0013128006097170599 -0.00013174000646139244
-0.0003188374664035672 -0.002322429416222392
-0.0003586943425023544 -1.8772014619499092e-05
-0.0014728369294267497 -0.0010421347053833675
-0.0003118220614111617 0.0031990707147164436
0.0009771424482379698 0.0013726597011499806
0.0002950109432493346 -0.001164323718997626
-0.0026406315454254466 -0.0019223451134096421
0.0019012709640092533 -0.0004654786353477752
-0.0016694689541425505 0.003797048795134844
0.0019082346595435536 -0.002109627341356401
-0.0011813131263492419 -0.0024969840124037953
-0.000500242945350581 0.00039323338582712095
0.003277438131544965 -0.0019518924629174724
-0.0022978886619905224 0.0013776747646687194
-0.003907830582183234 0.00227415764387125
-0.0009741902433160931 -0.0004436936916868232
-8.334367970276956e-05 -0.0009860987455741386
0.0017144833373380977 0.001220599444539458
0.0007485345164077514 -0.0012081385883023661
0.000386839566024947 0.000495973891869497
-0.0005560334221588573 -0.0003006463421814027
-2.1189143237368787e-05 0.0017417157919452967
0.0013899501189117691 -0.0010261102754074356
-0.002143154408584877 0.0012785675070635526
-0.00045375342394097466 0.0008197299754784672
0.0005257320294877412 -0.0023615844210081245
-0.0016320747492171623 -4.385184545094042e-05
0.0007720716003261812 0.001266802379485103
0.0016888282734742186 -0.0014048489288797335
-4.8429062627818255e-05 -0.0007146163587819867
-0.0017223359621114682 -0.0015561077100299445
0.0013228800174289491 0.0004289652180435234
-7.465301585478696e-05 -0.0003793513434359401
3.7363190830006285e-05 -0.0005708555982032972
0.00024348063850186368 -0.0012409610328313317
-0.0009389103027271845 -0.0011276909799861326
0.0011379366547557032 0.0011601274053789595
-0.000780305512926968 -0.0019191756420771984
0.00028858041930411127 -0.00023084809256394733
-0.0015613457066161376 -0.00056218313211958
-0.0024961163355034714 -0.0009950643983997515
-0.0011190314915784233 0.0008991895578826012
-0.0003173082860941842 -0.00017448727686316033
-0.00019283690422113573 -0.0016511466646122175
-0.0013265491421171618 -0.001819316542729317
0.001002007874237307 0.0006832583775829981
0.0019682233844113394 -0.0021307345792291993
-0.0007366965688924169 -0.0015510692093890191
-0.001105034599214859 -0.00010454796900701494
3.2665502435238996e-05 -0.0002935082179189248
-0.0019467140452371712 -0.0022826010156786073
-0.0010630086741707265 0.0009051221155410524
0.001546858226542182 0.00035133792594688987
0.0001653824236424829 -0.0011477109458180364
0.0022752699489320934 0.0007409102917385275
-0.0001024777784429724 -0.0011464388699706344
-0.0006257851168977422 -0.0010369387031709545
-0.0008319032757764572 0.000797367062264189
0.0025493784858362043 -0.0014536870205800298
0.0023622175667850345 -0.0011676312067049337
0.002936681400246328 -0.00023861821014476426
-0.0022298996770720933 0.0026904066393657286
-0.00046834686928277377 -0.0008459830213125339
-0.000396648268546695 0.0003295204619749855
0.0024301550896071306 -0.0008239899031790374
0.0007906217157567527 -0.0007954466675774988
-0.00140471173596033 0.00023971010296089284
-0.0009549268927336722 0.0011624747489297497
-0.0012423093281468114 -5.6559203811256316e-05
-0.0002661148091329486 -0.0003634876459113113
-0.0020794871309554124 -0.002960971379274139
