0.0001423357762855981 0.0002828860081232624
0.00020246022457118493 8.876718506454088e-05
0.003054863709593677 0.0018123610629537336
0.0022827245034486823 0.003779546083821223
-0.0008662003533642903 0.0019012741088380196
0.0010565851863533543 0.0008014430911525398
0.0018816854515812792 -0.0010083165157242324
7.057657310585228e-05 0.0006937427721979192
0.002446064400429842 -0.0019376415419215713
-4.776785915217854e-05 0.0020432693335596217
0.0016966614374906409 0.0004181237816835657
0.0020183426267389773 -0.0007859835327846293
0.0008797752004656413 -9.214721786423071e-05
-0.0012845233452067637 -0.001211154894081549
-0.001052051394330992 0.00023013579795190702
-0.0012231725107038553 0.002428787126191167
0.0011022236139473572 -0.0034340078509456813
-0.0010617688878089484 0.0006340017365978678
-0.0006413108132170519 -0.0004543649811932525
-0.0007301082220959413 -0.0018964989092867671
-0.00034681718701794434 4.657733655981016e-05
-0.000212277923197928 0.00014041380564027388
0.00021705108473067905 0.001651884635258706
-0.0010712845174861091 0.0005265709479565377
-0.0020293180344845238 0.0007872243251410512
0.0006621422952912231 0.0018317775864982655
-0.00015679308756483864 0.0019513300663466316
-0.00041436889820953293 0.0036376543025874847
-0.0006760979997330119 0.0022936303116762955
-0.0011957582073449642 0.0001803572915206995
0.0010044186975108136 -0.00023509372731828182
-0.0007631877177269123 0.0003461534577046142
-0.0010835624631246085 0.00010471752494695836
-0.0006520731228510454 0.0024257330493364653
-0.00043265598474306796 6.840428396878973e-05
0.0011138875136483012 0.0001797418877996195
0.0011963552822323363 0.0017439373525417721
0.0004501139879754592 -0.001455489854359005
0.0014745126153620038 2.139666865251862e-05
-0.0023364826058507476 -0.0013312152014472761
-0.0006126484671760929 0.0011065827898075324
-0.000570569021292007 -0.0020511597702949644
-0.0026844629341885896 0.0027236328562403023
0.0018660794301458893 -0.0004958447096640955
0.0006706997861354186 -0.0007239558000962212
-0.0008353206904041092 0.00013042412267866022
0.0015932278588239306 -0.0002795654849491241
0.0020301335680339696 -0.0024138439918445858
0.0002710413876769603 -0.0004101163791639546
-0.0029229924140623965 -0.0025422754723960564
5.419721134697796e-05 0.0014442914088209123
0.0004994450198497736 0.0013204662239971248
-0.0005890185818589916 0.00036495293430993767
-0.0003942342026428851 0.00039905496967166277
0.0027188043853440553 -0.0008886201658060628
-0.0031696058404832137 -0.0026346011560570517
-0.00016440524088625068 -0.00237320155395209
0.0011773849010617455 -0.0006991840508157885
-0.003399670901265678 0.001347443291642683
0.0010969822252827625 -0.0009136562865741949
-1.5732517852551877e-05 0.0010243438381272708
0.00012509232463461733 -0.0002618690615245581
-0.002308584386776721 0.0031101044087210104
0.0027827076897441296 -1.0998165399182406e-05
-0.001541022632898391 0.0017282193233336101
-0.0020880419018401357 -0.0016609072963253114
6.058269897211961e-07 -0.00024121552511552507
-0.00011922831235795676 0.0027635946736516708
-0.00012349986050451693 -0.0024973747793809076
-0.000759789259098537 -0.002585684865412983
0.004685901131657916 -0.0017422583209410665
0.0016358415238970584 0.0014690785308449832
0.0002383158468879263 0.0007576632430999718
-4.232009287964492e-05 0.0005358385331340485
-0.0005711267333395569 0.0015634001054716017
-0.00224269508516105 0.0007994128077808074
-0.0002248578642230374 0.0008695380462205595
0.001894133462679679 0.00016196841727319857
0.00252091151146649 -0.0026241558905432177
-3.797797879607596e-05 0.0011939699838832453
0.0010478168164241364 0.0014066541433174209
-0.0008912815361034341 0.00034499929320882817
-0.0010801928164678248 0.0015083813541735866
-0.0007731025237187806 -0.0002618398876819983
-0.0003289028162594859 -0.0006277480996479634
0.0011085850708420111 -0.0012998252255808178
0.0017806812616681619 -0.0028694402051815783
0.0020073496102083754 -0.00015500159632712875
0.00166932761387673 -0.00033341329610028634
0.004861610180239963 0.0012707366121386503
-0.00012828178759768046 -2.7818429885241774e-07
0.004919170482640914 0.001689420553820159
2.6602560426883e-05 -0.0008197033729209343
-0.002002800243949238 0.0012656636841291325
-0.000709723726404061 6.42234983582154e-05
-0.002283022544345686 0.000673819725531237
0.00036559890315723625 0.0010389590659188215
-2.146680639837718e-05 -0.0017156828144154668
0.0005569420943544825 -0.0013931597243441853
-0.0006009818099833347 -0.0010690044104341774
0.0006243062967256235 -0.0022390035143112514
0.00039265260355530497 -0.0014537218314776273
-0.0014415618192474794 -0.000783126445192625
-0.0004901767639812982 -0.00035057602345216
-0.0010450848972547336 -0.00017318531207195336
-0.00048118444058449343 -1.968436640673513e-05
-0.002141108757302684 -0.00011418653124417862
-0.0031737996214648728 0.0018514032782969354
0.002050802319241667 -0.0017009084657750462
-0.0009022010927887655 -0.0015152621305947252
0.0005180401586176293 -0.0012496978200420153
-0.0010750686540232357 0.0014836119499179769
-0.0022460662356856126 -0.0009697212229550227
-0.0005624644551688906 0.0007195406982416551
-0.0004956646812391436 -0.0015804330520241248
-0.0004262565766415606 0.00248248211310249
0.0006279885998870742 0.0014307196490449692
-0.0016547637808363696 0.0008621242073225677
-0.00010447533175420942 -0.0020276117287612973
0.0006558972644327979 -0.0016927163902524685
0.0013537744545608875 0.0010492981117985654
-0.0010919758952439927 -0.00029344224517220067
0.000845094574135399 0.0015144376786226752
-0.0011122173971302 -0.0028161482324057
-0.0017528198968398666 0.00036115203625481913
-0.0009303594013656965 0.0012682793933442903
-0.00042507988175093033 0.0009524095710751408
0.0014420272972817752 -0.0014625170985995946
-0.0003082133310067929 -0.0009205404122087314
4.036390002541669e-05 0.0009369256668785129
9.425386629230333e-05 0.0011832306974449028
-0.0007318529832842393 0.0008633617047447688
-0.0017741371814383848 -0.0013498895491410455
0.0013642303658375561 5.854196277648268e-05
0.0008795640746166166 0.0008042830777831596
0.00011154147284455734 -0.0008824906489246858
-0.00012990486202789204 -0.002005059293155986
0.0011894254510205452 -0.00011691489043980175
-0.0010307767188067235 -0.0018625334586771
0.0005309606669758906 0.000713468134559107
-7.454853040954774e-05 -0.0029920799961393107
-0.00029164584350201383 0.0014003251235069976
-0.000992519438733752 0.00036021814004440217
-0.0018185215394540563 0.0005541760422658671
5.122166187700145e-05 -0.00036386312027020625
0.0015774884922478555 -0.0005670377730683389
0.0015726045744727053 0.0011223795578187245
0.0007134564756253984 1.870403312143778e-05
0.0017024468781499224 0.0003358178969580768
0.001276277219655199 -0.001001919295386143
0.0021229688430095027 0.0007941319696057543
9.595195811643233e-05 0.0006613683279864411
0.002090043065169 0.0003877418981255589
-0.00038494187300248234 0.0015087626622061314
0.00024732211575837377 6.784475947568384e-05
0.0009560303724084389 -0.0028397171675661856
0.00101396473794644 0.0011378979237309803
-0.0006550538532629195 -7.798713062222802e-06
-0.0008378656923711015 0.00042692302725454075
0.00021107843132279648 -0.001063282421280351
0.0016259829304124368 3.900729598814251e-05
0.003139635340202594 -0.0008514672729917307
0.0007930845742928513 -0.0005643388810572027
-0.00022585451821177858 0.0012839594307950625
-0.000214061236084882 0.0009084078332400176
-0.0017883496436772173 0.0005724629165463753
0.001582563907180287 -0.0002214841348406765
-0.0008368629118159442 -0.0003574681604589292
0.002355639194536043 0.00047107320918317287
-0.000750738878327861 1.4720300690527998e-05
0.0010582053099969355 0.0007107876501263124
0.0013519268911682484 -0.0015318875004293089
0.0007508619705297923 -0.0014226004389567206
-0.0016765575710950664 -0.0016783723521613864
0.0011611744999748016 -0.0014381730281252752
-0.0009098744447211077 -0.0003278528163860386
0.0025426786998476556 -0.001567178871120646
0.0022290651428795044 -0.0008434083105394156
0.0003102490202246968 -0.0005326785035288619
0.0010968914808559696 -0.0008736133892144137
0.000351001736667301 0.0020244197973691186
-0.0028455715334596604 -0.001958707374490542
-0.001482650288562597 0.00255580747899666
-0.00039784976062230194 0.0005726184153484602
0.002098675893138508 -0.0010674312341240049
-0.0010666837247056277 -0.0011599357812581241
-0.0013273974413299514 9.638382747575072e-05
-0.0014909513053379911 0.002104240738250318
0.000496688229646098 0.00041784552661086843
0.0001697430803905653 0.001192672254887661
0.0018084176652120414 0.00043113441283559054
0.0004995357166819908 0.0008365083507211031
-0.0004968656924278894 0.0009540176062305239
-0.0022083631025996116 -0.0019070104676578862
-0.0013614864927747453 -0.0014070127909808327
-0.00021419611734860956 -0.001892559281237753
0.0014558620176508012 -0.0007826878451217529
-0.000890921801855483 -0.0010679321176886175
-0.0018522043512825097 1.6452147001479024e-05
-0.0015864460769769036 -0.0003741584826541255
-0.00026192071262653874 0.0009389533319775377
0.0016926463492435834 0.0010210135850199664
6.445898338797425e-05 0.0014756666366177265
0.00013099791154101755 0.0018228720836529564
0.0007424777103783959 0.0026305636925792893
-0.0005583347739365946 -0.0006970705822623285
-0.0006539576887607436 -0.0013458071168000177
-5.391617693119103e-05 -0.00013676987492167682
-0.0011746335931285326 0.001829419753683867
-0.0012031918648233578 0.001163598799093139
-0.0025096989884112377 -0.0001368470041673779
0.00035554167662932583 0.0021351686630515193
-0.0005185485159827925 0.0016834965141553715
-0.0013103462912743475 0.00127397336308263
-0.0006177169632867171 0.0016444897224707337
0.0023033075497346698 0.0005070672635409764
0.00011377085992376035 -0.0002130197474223315
0.0005915432972789778 -3.861589215994618e-05
0.001066792536877856 6.921520610453019e-05
0.0016607166023726104 0.0006302211683447915
-0.0004221805074457158 0.0003236025409324527
0.00020810809927067388 0.0011591489266302342
-0.0007134297134099724 -0.00012052321867028126
0.003045968755843598 0.0007306273197843804
0.0004321620422606573 0.001159448551225512
0.0005025538248242459 0.0007752483941276765
-0.00021213949477525868 0.0006419169304784709
-0.00260203347460758 -0.0009577778853482599
0.0008629159424608363 0.0008673645164523786
0.0015491111740966236 0.0011524121956671862
-0.0007181614616644799 0.0017469652681946788
-0.0007304511145558234 0.001969217828185328
-0.001059772089495235 -0.0005221168995375876
-0.0011339352706858225 -0.000774435280053369
-0.0014462848024443028 -0.0003895291542785079
-0.00020884610374299404 0.00013333832808981691
-0.0005751273455264641 -1.7674777577703734e-05
-0.0007127382468335772 -0.0016091506704364047
-0.002975713428000561 -0.00044507204375942607
0.0007847732086974936 -0.001977570443959998
0.0015597522277039427 0.0015468403783723314
-0.0009357163154357085 -0.0009307084938420437
-0.00330615140280712 0.00010251085141832852
-0.0004064009320652719 -0.00016832937323939538
-0.00020886088554890079 0.0016347955246676328
-0.0002836687041483307 -6.335736313406081e-05
-0.0026038300437186126 0.0006433493674761725
-0.001458512388816508 -2.2662635882018184e-05
-0.001105718208647513 -0.0019714787185735132
4.561500195314555e-05 -0.002455192226239316
-0.0018679600337234007 -0.0009613370182984216
0.0005194563732340126 0.0016642971288559516
-0.0007776756925118345 -0.0002351890448274962
0.001304570846335276 0.0006499092791343328
0.00038762690421125217 0.001247982400394308
-0.002023251230876254 -0.001572664094253661
0.0016873817951910857 0.0007220749110866879
-0.0015706929921897777 0.00030959470361339466
-0.0007379146114871214 0.0007874191714810363
-0.0013472876623051382 0.0022338916276827365
-0.001509802729850179 -5.609450939611441e-05
-0.0029502128098353613 -0.0004630523645522951
0.0022457399939621236 -0.0013044930105718772
0.0013971692030495526 -0.0020366522991491116
0.0013888712790018996 -0.0008724055398308417
-0.0013355639277269028 -0.0002739027441766441
0.00132178719570082 -0.0009597759851250984
0.0010635085023969352 0.0015838607702412335
-0.002136722746878932 -0.002003669776803015
-0.0010213473310485824 0.0002947731147026846
-0.0006739489566272637 0.000929865366707519
-0.0001974422733479698 0.0008551531632180191
-0.00030663013234579894 -0.00019745252718132657
0.0009083358303818316 0.002364733379520399
0.001513222710753725 0.0007766430042669704
-0.0007484240530285644 -0.0003767919536728982
-0.00042744717464780166 0.0024414592181160417
-0.0015808403152953114 0.0009622740522039524
-0.0006678017152213082 -0.002169627329693065
-0.00282668545913256 0.0041037413659436835
0.0006110697124258384 -1.2302605371743048e-05
0.0004644618578343743 6.89329521535435e-05
0.0012075514410820629 -0.001145278791372224
-0.0011367988730455968 0.0012204656525059145
-0.0009504582623701607 0.0006218670507748785
-0.0005424972407514279 0.002049547294091442
3.8124070784999765e-05 -0.0024311527054237335
0.0014564553451649781 0.0006355612217482578
0.001262367104214595 0.0015318802047888595
0.001232890478390546 0.0026424101870483685
-0.0006912606819666464 -0.0009998577480043146
0.00039652661610967545 0.0001222630136668705
0.0025167019133553532 -0.0005778355483555057
0.0012336926317118495 0.000433075377801493
-0.0015608596104017436 -0.0014748852758347255
0.0013332410611769459 0.00040717303025807945
-0.0007908110153486231 0.0002597249156289254
-0.0005795561752144116 -0.0016828134576562996
0.0016015954045776647 -0.0008086359779720487
-0.0009577767669285576 -0.0014130689310714914
-0.00038724014006148185 -0.002183657762249971
0.0010848533036252935 0.0002695626659515468
0.00038771580418855885 -0.001342877903324081
