0.00018924970365970567 0.0002532328210011184
0.0002924063719188714 0.0001511725695988023
0.003656245905395207 0.0037410696328863085
-0.0011887628964961851 0.0004500344552918975
0.0005464013524365276 -0.0009748356619658993
-0.0004598288818727816 -0.00027389759617219895
0.0008275540244590581 -0.0002887161600149024
0.00046690679357282367 0.00041774234352191174
0.0009072795453866761 0.0010024482174040951
-0.001772403763772376 -0.001442962073872091
-0.001535859023337037 -0.0019339753647548534
-0.0008856654687829642 0.00037442874750265477
0.0006637934868905853 0.00020517008851676888
0.00046782670131585485 -0.001035279578886863
0.002171494897443378 0.0012312463591613826
-0.001780582200109158 0.0009335786341506934
-0.00014644154925022885 -0.0014589084354185002
-0.0002458607469500474 0.0005195220505505198
0.0007535767496062575 0.0005041376917619507
-0.0005798870146211302 0.0001503940735813853
-0.0012875506581685587 -0.001019413548884812
-0.002643804994903662 0.0017866404108241518
0.0017513394127428078 -0.000526661145319456
0.0011720882632841306 -0.002413790184413129
-0.0001153940991697868 0.0005126905618681204
0.00018527872792715669 0.0016283845198903936
0.0015805525505611625 -1.0062191089676371e-05
-0.00043569136010088833 -0.0030340017665256014
-0.0014633381691560347 0.004051795398708647
0.0019563289593417825 0.003107018860295717
0.0026076688404995277 -0.003980751267758232
-0.001097997154441207 -0.0006314661888412065
-0.00047431625795185656 -0.00035302260718222055
-0.0009164060053272862 0.0013319570144266304
-0.0007191693463353063 0.000413670065087829
-0.0008272516986996623 -0.0017745917663820015
0.0007939633875868868 0.0006482591915302842
-0.0009959868252206632 -0.001330011464722427
-0.0001873859389231399 -0.0003047875332857263
0.0003025237785172318 -0.000919271719602016
0.0014224589236019375 0.00010851852990466212
-0.002447779242180288 -1.2906079807374395e-05
0.00163445785238199 0.004033130989205597
-0.0008205713627588462 -2.061247119237135e-05
0.0004538739291051342 0.0015148507010229032
0.0013229393417395002 -0.0008376382680743975
0.0006231933155737601 -0.0023749261707855245
0.00044122576844281156 -0.0017438662615965497
0.0002957257872874551 -0.0021862917417527486
0.0021481932572183344 0.0016470756384045744
0.00040535868514866017 -0.0016323326830920365
0.0005718387105926786 0.0011818395091695688
0.000985951595356806 -0.0006385225001126872
0.0013796456506910038 -0.002840741066097029
0.0023352965315055923 0.0009145419818393424
-0.0005926604928303345 0.00272218083216409
-0.0007665251834094722 0.0005910139872140612
0.0009853249167975978 -0.00038796041871370836
0.0016056651270657638 0.0004181653594714907
-0.0007437676401819345 -0.00040637449182241394
0.0009371272754559661 0.0011616511585231905
-0.0007804644773477265 0.0005115090026405512
0.002460328508991687 -0.003239625646203736
0.00104613643185482 -0.0009876631400571466
0.00051322718766866 -0.0013789086910019743
0.00023350252675110022 -1.3493297425298516e-06
-0.00047867352189290556 0.0010475595994175343
0.0008283203896354771 0.001148004942340557
-0.0009515319733274896 -0.002019181888897552
-0.003564758439041359 0.001228401158384914
0.0022109020247438296 0.002286061979871595
0.0005601047479174262 -5.513719381491699e-05
-0.0021934504202676054 0.00016518458227977084
0.001510148381661728 0.0012203860207894508
-0.002761178150677225 0.0023314315953903812
0.00025269723988465795 0.000709816169524537
0.001024628326117658 -0.0010071952787449301
0.0013337942432072862 0.0011128539831961556
-0.0005324203638732321 0.00018365871183987463
0.00024970462208774374 0.0018540430452871997
-0.0005618672158682475 -0.0011842249821475681
0.000397965439809623 -0.0004554107701943513
-0.002325054485050874 0.0014906789769311278
0.001647043922384596 -0.0018896722059452671
-0.001970521060591169 -0.001660933521319168
-0.0008954196173805078 0.004022317555005372
-0.001501984868115605 0.0014341725765606157
0.000643259176486934 -0.0008791704334788287
0.002278769884023737 -0.0009608653549044218
-0.000805400021019147 0.00020602817845639175
-0.0008565142610027439 0.001917232185321581
-0.0001518314976241078 -0.0006093629798138784
-0.0018258686485180698 0.0006098262632031076
9.844613935397116e-05 -0.0013196502029267907
-0.00010193167610901407 -0.0012043470604409592
0.0005759236055893431 0.0014560707544020311
-0.00048002694197791244 -0.0011499998557880917
-0.00024566098464659427 0.001141045404461416
-0.0005048457095348809 -0.00010841299949111935
0.0002503457125357526 0.001306556290763103
0.00038191783576258507 0.0030430110507481383
0.0025929738037227443 0.0023262260807014844
0.00161676863982435 -0.00042707995399065207
0.0003969949716041205 2.557181535004066e-05
0.0012227418400594014 -0.0015784897184201174
0.0004408901102984257 -0.0013366736432342795
0.0015732436369192261 -0.0010358650000153507
0.0007075292279010579 0.0012742776098932935
-8.272355121851516e-05 0.0005229214359110092
-0.001999866572871761 0.0003783984684467956
0.0005981862604372478 -0.0006029651866190027
-0.0007408170355784454 0.0010213283986832526
0.00136675610533016 0.0022120129357810557
0.0015620248358302236 -0.0002443290536200606
-3.90232510155295e-05 0.0002133264816435975
-0.0014022710412839676 0.0008131932020547396
0.001302829984727323 0.0008907520511813138
0.001075943620253665 -0.0001247077378773643
-0.0005554459475841351 -0.001371405169957143
0.0023025139188308516 -0.0013198723965770444
0.003110302167145381 0.00018543378963251035
0.0014440806830397182 0.001551266287711388
0.0027994443584456333 -0.0014871256764493197
0.0004925972854623484 0.00032104922293555794
0.0007263982092770738 0.0013679137138748246
0.0007636335040687488 0.0014230099144404286
-0.00038557814448343664 0.0005498313778040084
-0.0007605310880464705 0.0016777355800472729
2.1616199624431837e-05 -0.000473577096107517
0.0009943267576424553 -0.00010687891679487323
0.001860926261291049 -0.0020857755750072217
-0.001598553703076245 -0.0006213904566265162
-0.0013571230534049766 0.00078348323760954
-0.0008184682185287514 0.0004642536629858677
3.4162917885229584e-05 -0.00062174449124145
0.0031984203640478496 -0.0012724788864750369
-0.0007675140569538728 -0.0003172528676344907
-0.0005785282598195171 0.0004932058817516339
-0.0007565770779344358 -0.0005366959496450286
0.003049522464074744 0.002312583165738836
0.00040293893685852103 -0.0001634348221933219
0.0020958616969386995 0.0007768416120416718
0.0022636572176234627 0.0001884407513681335
-0.0005292490278328145 0.00037137748811460434
-0.0005523682556739556 0.002563824504583811
0.000981034019433664 -0.00151601832065801
-0.0009383589700224207 -3.0413705820965553e-05
-0.0012600903520130686 -0.00026196404739639833
-0.0006576082225134282 0.00015731375535594098
-4.793434197002367e-05 0.0005002419323054659
6.031173444266961e-05 -0.0008298435662027579
-0.0006251623489806593 -0.0006892664627538985
-7.644092033800063e-05 -0.0005634741642588689
0.0004412080692252078 -0.0019710685883577036
0.0038549108097262713 -0.0002734752800489328
0.0012941688709825494 0.0013875141769880018
-0.0009076013027864217 0.0008724220634369412
-0.0011946206622180382 -0.0006599854919640903
-0.002888082805122071 -0.0010382418792908728
-0.0014206438444489898 0.001842470601011971
0.00022366685532905308 0.001024866203633124
0.000469478879514021 0.0013389574634209264
0.00046810672336558464 -0.00015361597608341175
-0.002190263393785397 0.0014028764361607342
-0.0008161131014217625 -0.00041318166734021297
0.00014122260150991128 0.00017804385734661847
0.0017029055447800397 0.0010168789263068747
0.0008546184928968747 0.001053805648510733
-0.000446744442227282 -0.0009803227191018647
0.00036814461636652536 0.0002904756424921283
0.0013163226522170625 0.0007167804815903923
0.0008968430342759784 0.0008028785092185457
3.5767668235158183e-06 -0.0005158158885942506
0.0020560753155014215 0.000691610068771256
0.0013335218160986605 -0.0006531065929233778
0.0020800676124967258 0.0008329725458523742
-0.0003377481560050289 0.0010394740158475276
-0.0012278158344465899 0.0002979494735148428
-0.0006332125518293132 0.0022789820109289107
0.0007066478384962469 -0.0007996830471671877
0.0007480098727649382 0.0008669412049547366
0.0014296063914483066 0.0014003826690791369
-0.0004941265461503992 -0.0017523914933667301
-0.0001076320874588752 0.00205664582394521
0.001956847435283583 -0.00034090314114130723
0.000964446617037491 -0.0003296104959013679
-0.001170097226973547 0.0015913862479224594
-0.00039535778245654974 0.000138547608345615
7.186372057068611e-05 -0.003070753694526509
5.308662970191047e-05 -0.0013638720373469182
-0.0016898548912101102 0.00023836546922372488
0.0012090414613647874 -0.001099330160480221
-0.0010268992081878471 -0.0016609063876871868
-0.0006613445297166871 0.0012332762707296765
-0.0009695382973913641 -8.84314387944687e-05
0.0022429683480111027 0.0016575386078730749
0.00020407811205656025 0.001450817388085086
-0.0019028511791044018 0.000247530040118322
-0.0004803161953345221 -0.0012412157576709242
-0.0006546654383240908 0.0002180439380071592
0.0009937256807549925 0.0016587313930661565
4.688680033847297e-05 -0.0006245342938462488
0.000846686350915635 -0.001001566254056668
-0.0020750051590783273 -0.0014294867914353834
-0.0015418504823017278 -0.00022611179574071088
-0.0010998002952946192 -0.0009185339148836266
0.002556488285458936 -0.001866102942610229
0.0009545516425096647 -0.0009205883272449801
-0.0004932429781119792 0.00015883065596043522
0.0026871904023435434 -0.002503516336534004
0.003653426090666474 -0.0002617428835100059
0.0018282476236523145 -5.6180003295177296e-05
0.0010871685651328046 -0.0007107378904092301
0.0004045553340332182 -0.0003808048466295748
0.0024808062122587777 6.905359461969364e-05
0.0014047375641734745 1.0598341051863733e-05
0.0005974339854109281 9.642181738384498e-05
0.0010744725291580049 0.0005250375329084011
-0.0005268756507663029 0.0016823801399566871
0.0010953240539182134 0.0027424644018951253
-0.0009690484816352015 -0.0008623467391472224
-8.487800330325639e-05 -2.0224603830040095e-05
-0.0013501785296714988 0.00048043097003375336
-0.0014980623000247714 0.00290040750421141
-0.00017406880599959545 -0.002411399856298771
-0.00020248765056599376 -0.0013645115879778414
-0.00010654308540923108 0.0008136027632731465
-0.0005268176550417965 -0.00047104948433477695
0.0019882909850368964 3.9789296759844015e-05
-0.002019111088151903 0.000351138953546029
0.001350035506315374 -0.000653943360640518
0.00037282681861775 0.0013323990533148794
-0.00017327490561282435 0.0016274191744003357
0.000599895570395874 0.0017167587857955734
-0.00032173736301987664 -0.002461023069649946
0.0008370206070972554 0.002054253542578383
-0.0006713437857643527 -0.0012359932057608419
-0.0020175658474393095 0.0018393351380363208
0.0011762618503414549 -0.0020193961497752154
-0.001555203621120598 0.002010782141624912
0.0020634185504698 0.0019316643400992507
-0.0008258865165954606 0.0018347066547532772
0.0020004288395765284 -1.454094561576072e-05
-0.0031231130790136752 0.002186244416432504
0.0012493066223627598 0.0011663787483409415
0.0002640889627378243 -6.133550082144278e-05
0.0006450796228137237 -0.00015613951258038291
-0.001795121009991282 -0.00017147206547458115
-0.0011534089291567054 0.0007630387888557645
-0.0036615937847288616 0.0005637735239252953
-0.0006719227439009415 -8.889210554960655e-05
0.0002826303251097957 -0.0027792751255800528
-0.0014543257207763995 -0.0005473372859313677
-0.00028298496413244084 -0.0001237357013151777
0.0007870691585585591 0.002003323961133052
-0.0004931473062935205 4.0796930431806315e-05
0.00041155379524026003 -0.0006896805986945703
0.0001732280181747703 -0.0006714771793414478
0.0006227903962215503 0.00032527822811271445
0.00021273836454947448 0.0007755722752495747
-0.0024975768386782254 -4.1552256554426374e-06
-0.0003155981399833951 0.00041832787857383236
0.0001582122497654815 -0.0005586074621890126
0.0009397717429965263 0.0006732946077359943
-0.0014952419048996429 0.001060332573216263
0.0005726991562283217 -0.0010251778673488186
-5.257617725675324e-05 0.0022308368373696636
-0.0013051865030462447 -0.00025057045845265223
-0.00019101297413148054 0.0002761960569524895
-0.0004030183641462057 0.000281288668603091
0.0005753183545915744 -0.0013788399104277572
-0.001487744388758879 -0.001699967143474431
0.0018374812907171524 -0.001086514186257474
7.606775925246776e-05 0.0012083520920214007
0.0011181606847486258 -0.0011474164885178705
0.0004952548023045234 -0.00013220604237819405
0.0009580684898918796 -0.00035320153143885384
0.0013097604859241172 0.0015965279889351178
0.003394523946906291 0.0009555866105045297
0.0011414362973376747 0.002408666862125958
0.0009880783290164776 0.0015218387729395893
0.000584770370613278 -0.00044131196919965055
-0.0016174315813668784 0.002519040535946169
0.0031686045474055703 -0.0007389841997928264
0.0014023302198140847 -0.0011698904781831084
0.0006947224668329788 0.00017074090676973464
-0.002743635250319534 -0.0001934382003004193
0.0023480822534219644 -0.0017956591831432384
-0.0005419609201759851 6.007825565198449e-05
0.0006773271927814793 0.0013997315660578187
0.0003314418316247248 -0.000358897109759301
0.0005731039829076578 0.0005675041709794668
0.002457389400069611 -0.0018575244458484922
-0.0006927134714420835 -0.002761646271811398
-0.0009728374665881186 0.0018791166259113944
-0.0014100417897388194 0.0019124482590079895
0.0003448608953829601 -0.002569459992563751
-9.711764408365365e-05 -0.0029399559835321604
-0.0006370984231455343 0.0008065256366995616
-0.0005554375914161263 -0.0005419881180336825
-0.0005927624754593823 0.0010602614629110479
0.0009883544494941185 3.8656188204628996e-05
0.00014624079905594176 0.0005036924218668608
