0.0002660042183776928 0.0001753866419259549
7.790945086543936e-05 7.663595396870877e-05
0.0041154638645988055 0.0034520006823469435
-0.002308640440124151 0.003579313619191791
-0.00031678516494692784 -0.0006070604856835882
0.0014821234073305646 0.0004068816202666241
0.0014160458165579236 8.753178189702037e-06
-0.0025683073018494857 0.0005085283959025737
-0.0013018968122641434 -0.0003379584257710872
-0.0009834218177013842 -0.00046768928826671375
0.0018065312473922032 0.00015498122485011368
-0.0007267140597259854 0.00010663202906256055
9.380183898223516e-05 0.0012684368871257092
-0.002515913457766535 0.0018773772260591067
-0.00037635155206566155 0.0031405197946874743
0.0013282350432351196 0.002086630375536703
0.0025631685844752887 0.001876268857505959
-0.00019014966120781964 -6.464385297615088e-05
-0.00029504165043138373 -0.0026391981063733187
-0.0018847888489533396 0.00014861436296370592
0.0030192591923464264 -0.002058932597813312
0.002452184521337695 -0.0008635737559612248
0.00014877805898417306 -0.003055963429796476
0.00024246743091969905 -0.00012271916628060233
-0.0003187327830185944 -0.0019658825515736556
6.057759983373677e-05 -0.0003570518372547963
-0.0004852938699373697 -0.0013458352449503802
0.0003087132710449908 0.000715568116460082
-0.0004784014672592809 -0.0006193665952642503
-0.0012068416078314772 -0.0020429368661760102
0.002176316022190846 -2.1937099848769894e-05
-0.000403607665407468 0.0014438633980754067
-0.0014089316264257494 0.00281563143958355
0.00023884614514111318 -0.0008091186158941382
-0.001136612443688447 0.0020431139034341444
-0.0012514208429692101 0.00015264133536306535
0.0002707635004134931 -0.0016133690679804322
0.0007794604944626795 -0.000810295079625492
-0.00021285014377636164 0.0021614299770651812
-0.0010628187501584105 0.0012732634289248674
4.625913367688178e-05 -0.0006881539375550981
-0.0014887966609610091 -0.0005459222388791881
-0.001515924058742995 0.0006405739564394271
-0.000854381149908224 0.000344421641884555
-0.0017106079199119555 0.0006310544888021331
-0.0016690896904766382 0.0018961382364619704
0.0003358604734576469 -0.0021752461212390622
-0.0009489302186020995 -0.002439814299399789
0.002585441258486939 -0.001715058683285439
0.0003249763107852978 -0.0018514511404327644
-0.0008128244335743958 0.00028592581125154557
-0.0031140107871550434 -0.00019016976193846226
0.0003380903085761042 -0.0017707713920572033
0.001029396848876519 -0.00021890222677177102
-0.0007498785509750082 0.0053411665904813665
-0.0014632808448658812 -0.003454188697916165
0.0023649748473019983 -0.0021450243431633616
0.00028444532795530693 -0.0005783485127574537
0.00037906053767838046 0.0006516494854537514
-0.002680580250660385 -0.0003770392372283859
0.0005360490077931915 -4.782315963708571e-06
0.0023916046599571817 -0.0011753375056469263
-0.0013856051237943064 0.0014435469322894546
-0.0010297356344992157 -0.00252402617356105
-0.0007421199085578478 0.0006694603342746471
0.00023818771943028325 0.002344434945052602
0.002257963119303628 0.0020283392254764605
0.0013324690688480583 0.0020462904843916827
-0.0018011943439255524 -0.0011484959508053646
-0.003084318776227433 0.0010848105391598028
-0.0007923515577688963 -0.002629308364849016
0.0006953403932967807 0.0016356248143948404
-0.0015098256864465216 -0.0005721779903693643
0.0004259636453084348 -0.0014012700395028754
-0.002871595258228653 -0.0005359566456785004
-0.00012368405701673822 -0.0001333867219113731
-0.0010478693827698116 0.0017489426808625392
8.147118066799523e-05 -0.004081453644482944
-0.000585319232143134 0.0008911613239589014
0.001981169637510402 -0.0001688941825871182
0.00028927739501707585 -0.002585734708415183
-0.00011836460994113798 -0.00148691738303965
0.0009735519455507982 -0.0012502333122832415
-0.0023782290715350734 -0.0018869538526405812
0.00241080048713353 0.004301276726886225
0.0014695800284152134 0.0008549676250019962
-0.0006253188343504346 -0.00032170141722312066
0.00011388708263907854 0.0018272189358741623
0.0005640657942622662 0.00150712286724744
0.004431565928115677 0.00221881873496173
0.00042324603105919526 -0.0006662751031877867
0.0024726359745859136 6.281980964096734e-05
-0.0011930808868095936 0.0021894581281719683
-0.0005268177872397558 0.0027914120934905266
-0.0005296584381846035 0.0016163637089770804
0.001587223987523223 -0.0034946885984481232
0.0015643841567898407 0.003521954660707038
0.00013015352988076585 -7.301825277352245e-05
-0.002686238282788969 8.903740962104155e-05
0.0030799471850763717 -0.002476644528348078
-0.004090597197339005 -0.001679959770986798
-0.0005162301957023565 -0.0020854979183344362
0.00145538318684233 -0.001525909791953221
-0.0012174395362466574 -0.00021998447651240226
-0.0014197305501085387 0.0005397653129347151
0.0007200361152152197 0.0003226787614284845
-0.002191412236792065 0.0008304449884900154
-0.001061172105867089 0.0005360385567660908
0.0003465386622891701 -0.0010299135996857877
0.0009368801474921346 -0.001058686985349993
0.0009810058169057534 -0.00406633634105631
-0.0013279339365800046 0.0006728216275961893
0.0005925310762893092 -0.0013843589241802974
-0.0001980199767474114 -0.0023971134023125806
0.0007527114803173468 -0.0012163393110170065
0.0016664049891179705 2.42278949841224e-05
0.00045667893971951755 -0.0010424467814513481
-0.002004395194580689 0.002381655134530467
-0.0010295471514465786 -0.000405575731104485
-0.0003071974846922058 -0.0002065767527472458
-0.0022129678914213245 -0.0001795672855202706
0.0017139548418810954 -0.0008289877250013503
-0.000616345983343615 0.0006056881987663481
-0.0008448275503413694 -0.00013634907689448277
0.001670132661755855 0.002995742516096749
0.000653134992078552 -0.0010421789803117306
0.0003318876881050976 -0.0010113768574500522
0.001516893075546762 4.165024417932594e-06
-0.0001540781652261478 0.001433488249281376
7.546254362168753e-05 0.001327677826736064
0.0011527487245432783 0.001592219030380581
-0.00015095854819350453 0.0014420192477508406
-0.0007228755438566132 -0.0004783610270800257
-0.0014276433510706287 -0.0003761981806074975
0.002091867742688351 -0.0006166599157577732
-0.0003329407903246928 -0.0007658984670220227
0.0005496581750578926 0.002856755367213542
-0.0016255702434297956 -0.0007722688991524678
0.001294176623614847 -0.002682770187782207
0.002070025932214825 0.001753322052628019
0.00044196130457449295 0.0022090919207928446
0.00034777014489768734 0.0006458849535815787
0.0014800295711277027 -0.0011313899810657501
-0.0010591399352030948 0.0004791673532560053
0.00015043301726650913 -0.0016799485008286252
0.00025963733801546437 0.00035803548623210155
0.0003857607780269585 0.002094649448317008
0.0035902852995179663 -0.000877366663807351
0.0006618666706254225 -1.0641450243565235e-05
-0.0011397317894760483 -0.001264724599405597
0.0016156130214190988 -0.0015231359931926107
-0.0018981026435209117 0.0001825110557565675
0.00035563459909513376 -0.0003878267938511994
-0.00026279711964361354 0.0009446489110520667
-0.0008173616778634632 3.167848310734979e-05
0.0010876771657984494 -0.00028464563701374463
0.0005485914427789818 -0.0008627948379160523
0.0011092304781115353 -0.002318509848073917
-0.0016049084841568632 -0.0004150613915647532
-0.0012153348533597136 0.00037001186281250363
-0.00011955113579929776 -0.000316489971592834
-0.000528665623306823 -0.0018784767189297842
0.001285981952913994 0.0010176731837655158
0.0011658525140717177 0.001885310310406396
8.31107939944358e-05 0.003384002790826713
0.0004979077037208065 0.0007516138273241832
-0.0008764696123848803 0.001080390840609131
0.002430684785838451 0.0012579882650704346
-0.000679256420850799 0.00019660524292533155
-0.00012904869730329257 -0.00019209706800323972
0.0007954299174054222 -0.0028533743084274404
-0.0012789196594999973 -0.00040217314574488044
-0.0014754103770598154 -0.002444216020919406
-0.0013805704481140736 0.002377084626653076
-0.0011972148753088803 -0.00043062499839715873
-0.0005490166944048481 -0.00022341528760950493
0.0014277460697843503 0.0002805554192170098
0.00018143053183290896 2.8958250533311984e-05
-0.0012631962143281128 0.0006257174238057153
0.0014270345853921633 -0.0010561579002869865
-9.829980329410473e-05 0.00025241632501146467
0.0024164445374184186 -0.0014193860420229237
-2.091226980252769e-05 0.0016394810906892247
-0.0003866866881442891 0.0007921813990326762
0.0011096731422278695 -0.0011278929711029605
0.0007899095379685783 -0.002504378034239825
0.001646081849939257 0.0023451538121389915
0.0009919794287985926 -0.0008673493495075981
-0.00030306498851116737 -2.900389905819268e-05
-0.0002942447243751544 -7.5002155079252075e-06
-0.00035245238307550763 0.001182286927461651
0.0011471682740366044 -0.00032987791889031005
0.0005798659594279465 -0.0017934714494172936
0.0004846776431686501 0.0014719790974703944
0.002838647921917754 0.0007342832706934858
-2.4165193964694234e-05 0.000608728700796179
0.00029678002397693287 0.0008279543990907173
-0.001481007448044642 -0.00017135013926642648
-0.0011825846077242164 -0.0007253628938188822
-4.476698158196758e-05 -0.0003480055808643216
0.0025618759625670147 0.0010716117483705672
0.0005198079966427329 0.0008076114690980387
0.0012721938656313745 0.00029327025606361426
0.00021826753661621112 -0.0015488295681684672
0.00036980551543107034 -0.0029593279430184605
0.00013707807481135086 0.0015665569604035477
-0.0026627839266006362 -0.0008070875586465257
-0.0009265751531598937 -0.0011908596170524023
-0.0013104565397844433 -0.00032447060683087644
0.0003744670741640322 0.001007560395256135
-0.0014091103670157443 0.0008263336266474153
-0.002402783525773508 -0.0003560189803136244
-0.0003744902150350099 -0.0011823922668826822
0.003352346822213505 0.0009281684027185161
0.0015156750330262922 0.00048321595932252544
0.0011508837166171139 0.0007983199518181535
-0.0012667001457403008 0.0008610471917554931
-0.001201447749173501 0.0015938496669039384
-0.0023399695866211678 -0.0011886117176125852
0.002684986128225324 0.0019090769443601873
-6.746016746410395e-05 0.0009930847177777131
0.0023229189395837847 0.0015267135261267334
0.0023039630482137976 -0.0022365443618015666
0.00021299434806694973 -0.0024798070071139146
0.0003409773103727233 0.0007378492136737917
-0.0021382051835877277 0.0017692983861071557
0.0019433089795588704 -0.002288348350041494
0.001531653204178097 -0.0017620063272524333
-0.002385018670004663 0.0031574713421773856
-0.0016087915062522973 -0.0007781987470759537
0.00011827617523343292 -0.0010121174923338097
-0.0011695943008546254 -0.0006374568749047478
-0.0006139371519867043 0.002674114360605026
0.0005612546251126163 -0.0007820225893536867
-0.002551594101238602 -0.0033873468944180967
0.0010285977071803035 0.0005480893132290514
-0.002251371199399385 0.001858810701719732
0.0006045038863782673 -0.000650639471387167
0.0007037621863313503 -0.001742838524541165
-0.0024263120060499595 -0.00019425895632190266
-0.00039766847616360795 0.0013810400544216454
0.0044126546770451676 0.0010060167735546017
0.0002795211549830866 0.0008616903569799936
0.0031268825735042915 -0.0010061129091404179
0.0030227756583277965 -0.0012281941774477355
4.616482325102837e-06 1.7377993901123946e-05
0.0018731606969041783 -0.00015313413506212438
0.0003434404681126661 -0.0006884308245734531
-0.0010034896283656902 0.0017395331240930962
-0.00036046204435003653 0.0012654454730296706
-0.001283576201713498 -0.000846535543308826
2.6721612265166532e-05 0.0006693271786081716
0.0038202616523951845 0.00039791604727903236
0.0006184070367929441 0.0007145606294881407
-0.0013198494144261396 -0.0011217323276450665
0.002042795032821814 0.0030040487044376302
-0.0004728077567515693 0.0007221259405676032
-0.0017420067108506426 0.0016878055401768478
0.0028518184564369086 -0.0010547462115644089
0.0012462180284656885 0.002452003019976652
-0.0006452564459095743 -0.001916709119319296
-0.0006058621355512852 -0.0004220648044865143
0.0024790965421618884 0.0008028924828595714
0.0013078532512193093 -0.00028485117675510136
0.002126981096125871 0.00012629194346735117
-0.0006334942746877502 0.00021189159571360244
-0.002853468613830253 0.00041049080035936793
0.0025149136102923303 -0.002626647483564511
0.002707221775742262 0.0030237932593426514
0.0011390388597654502 0.00012383177899482408
-0.0010273473023202943 -0.0024576823430790635
0.0011936750882704842 -0.000758883206651458
0.0014873221375415863 0.0008056353126727064
-0.002276911202095197 -0.0001533609344845886
-0.00048187690558493414 -0.0011617314242407984
0.0010548551542400458 0.0010605203379455415
-0.00033991310612296806 -0.0005913283471616866
-0.0007118588071361656 0.002252347018107794
-0.004105320337932614 -4.058047988342998e-05
0.0014623741463982032 -0.0004753797932049777
-0.00042351835060050794 0.0009693799101708484
-0.0009929269895605451 0.0001726581359357554
-0.0006226079819450414 -0.00113465929175003
-0.000515643776946068 -0.00200262160383365
-0.0013103927749576424 -0.00045513786528115086
-0.0008106067556533631 0.001959807364471832
0.000522251772912238 -0.0006583403098619165
0.001167279969693467 0.0007664489588320353
-0.0027618860550188053 0.0004130188131208023
-9.599888252953964e-05 0.0031521219214887927
0.0011586623376945036 -0.0014818012749847902
-0.0008333274465085247 -0.0020315787317625824
0.0014087629508199898 -0.0014468100109119454
-3.7708507202046176e-05 -0.0006578688627675121
0.0003635496248412466 -0.0003360892977870677
0.0016335824791443572 -0.0001050638603867894
0.0022270848647770987 0.0015583983134591455
-0.0014679108802752117 -0.0005241286277152895
-0.0013070524021907288 -0.002554796317045127
0.0003520760010924995 -0.0025234841667517768
-0.001150020553405329 -0.0019310486826987778
0.00040858027842006415 -0.0003451617665017894
-0.00013394971523966826 0.0002319084467504922
