0.0001892188231808745 0.00022404346204190728
0.000277893433370896 0.0003063326909026166
0.0063999447074087465 0.0024467655633579406
-5.3405457903929605e-05 0.00043759459587213844
-0.002451874206672662 0.0008289000507240293
0.0012387169062642416 -0.00010631010371467865
-0.0005505133178367501 0.00048157364380257
0.0011440067059261213 -0.0018350002526107783
0.00024315954414696198 -0.001032437471894595
0.0019921028673965985 0.0005842362953737381
0.00012100689883725262 -0.00040584619312360903
-0.00070715206198516 0.002732370285747263
0.0011189425644829035 -0.0003670662924574277
0.001430615044970479 -0.00025765570531186666
-0.0003573652113321951 -0.00037309627023549745
-0.00020183354207679307 0.0013781459480015955
0.0007414735734194781 0.002024101538649033
0.001447343041446295 0.004279176632234321
-0.00024720012564409446 0.0008864684450582963
0.0003418934726791586 3.7812856540476855e-05
0.0006215518558721804 -0.0013903250530265625
-0.000498240499886759 0.0006613693720314814
-0.002453717807584098 -0.00022023854688995846
-0.0017533018336598704 0.001281767390798226
-0.001117013662565527 0.0006329159036766511
-0.00317059396089019 -0.0018726957646343519
0.0019249953608716302 0.0015233871744119794
-0.0022516673274382546 0.0016196886136820078
0.0005964739998569268 -0.0003713721137025223
0.0018730255718995223 -0.000695607455857217
2.0502358969993536e-05 0.0014404068967735807
0.0022492715917149433 0.0015104457259522812
-0.00013959472431994164 0.003860504867410048
0.002825168826492513 -0.0013797050732812972
-0.0006599856956346045 0.0011792777148235247
0.00015448466950191707 0.0004489256439058892
0.0008691691935473934 -0.0008324933879084198
-0.0004116408471817565 -0.0001432117833660355
-0.0008232086008070914 -0.0017584937414735348
-0.0014893177141820063 0.0010119774663635
0.0014655954723274112 0.0016954769037066863
0.0009750492782835429 -0.0011680742133557262
-0.0006219658540011212 -0.0005705588121863817
0.0021770721606123697 0.0004311802695265505
0.0013633694365074972 0.002752884071748912
-0.0034690831758356576 0.000786598600990562
0.0005920137912597639 0.0001253866967178514
0.0014626159542751886 0.0025971772840219787
-1.0488973726696367e-05 0.001415450259084072
0.00037728933456922606 0.0006893872236105801
-0.0007152976374929944 0.0022716390186986565
-0.001197634239097924 0.0014603921372768247
0.0016684641371284264 -0.0001990671008694727
0.004177942119404075 -0.0023842719478765753
0.0007021900338423512 -0.00047412057315594455
0.0004887500837760798 0.003334161097692818
-0.003491708983777484 0.002327434918789506
-0.00029976879423581265 -0.00013054373313092118
-6.917982440218882e-05 0.0025299832455662765
-7.985559451487343e-05 0.0013138512800993179
-0.0010585296135865478 -0.0017176189419554166
-0.0006575238346602547 0.0019660989252753753
0.001578409058446795 -0.002376823088539246
0.0013390074784907801 -1.267695203628174e-05
-0.0014127912616280689 -5.5729359679375017e-05
0.0029696843874367734 -0.0032216472907758745
-0.0003999415119599735 -3.375346424282531e-06
0.0009060143885109145 -0.003060372753065372
-0.00152397453393627 0.0008367595827640319
-0.0022391507390010544 -0.00021051155769246445
0.0004360209393134216 -0.0007166610429836617
0.0006860710898331161 1.2039919962014304e-05
-0.0010381208924125974 0.0008414221535633402
-0.0010837644999481214 0.0017698565196794982
0.0013116865776958465 3.440700425799557e-05
0.0018398832876069433 0.001232124629188899
0.0019771107221804407 0.0002439060273944201
-0.0028392106465701 0.0004791961186718149
0.0014368849472950849 -0.00034117079731547077
0.000585310533764667 0.0009724281290327579
-0.0003517351148621459 -0.0007228301423648616
0.00015034255978322057 0.0015828787923440977
-0.0014265935222808788 -0.0020830057523410868
0.0004995441832137126 0.0013360277276566281
0.0015085152902060606 0.0011487322017245884
-0.0004002487968724779 0.0013210590388795078
0.00022588656705475692 -0.00247831738243465
0.0013549422334419095 -0.0011302370936460057
-0.0010832937103644666 -0.0020787840463117103
0.002756657785953128 -0.00040186830611387155
0.0018207644811335324 0.002993957341437085
-0.0014639351059166344 0.00036687502210378664
0.0007671658224868915 0.0014768680962233697
0.0024792403841502157 -0.0010480017796974457
0.00022132420078624203 0.00015360435612667234
0.0014472458756914488 0.00025416004873256884
0.0003606776681232576 -0.000313182276749829
-0.00018247853011000952 -0.00021154246935547197
-0.00011432666078741494 0.0008483798696574662
0.001908742924153347 -0.0014659557746327693
0.0015783731563215474 -0.0016349309628378233
0.0033157212521050562 -0.0006087801179156164
-0.0003024619892496182 -0.0019045066910639958
-0.0005285206670418933 -0.000536673462244303
-6.152327728418326e-05 0.0013123871448709106
0.0009418293573518455 0.00025816767009541997
-0.00243773388318255 -0.0005021528983394383
-0.001041058187946929 0.0010838073266717571
-0.0024769749311888446 -0.001552297392605266
-0.0017253905065259933 0.001728503421641399
-0.001101436590054105 0.00035235100773945463
-0.002396802149933624 -0.0009775981421929906
-0.0021795861581948976 -8.604887140721262e-05
-0.001229693147813669 -0.000795399544999161
-0.0017436399994767674 0.0012750759806099707
0.0004077143619525647 3.6999526360884054e-05
-0.0002888259369891016 -0.000772810296760738
0.002317691535374457 0.00014037975315811944
6.153832877180301e-05 -0.0004442079862069452
-0.0007673328061927694 -0.0004662677549362141
0.002658860131492804 -0.0011094170320102954
0.0016625223159760759 0.0008550093017853494
0.0007477151042097322 0.0006791341735432696
0.0007576479423148051 -0.0002911574080371873
-0.0015997060862652454 -0.0005203766384245651
-0.00105942769071343 0.000768166141985861
2.3621438738888444e-05 -0.0008962935015740534
0.0005773324274887195 -0.0011396200857601204
0.0006800561179771388 0.0007527916333448443
-0.0010661667298478858 -0.0013579769018703311
-0.0008555617112183214 -0.0013043404725636009
0.0018399109134430145 -0.0004627368039145146
0.0013702302781641031 -0.0003324682611459452
-0.0005389969374774174 -0.000650658403834646
0.0010702439086653364 -0.0003182294172986363
0.0006725989859575332 -0.00010637274740333337
0.0010382569426029171 -0.0012711178060157392
-0.0015108246443323499 -0.0026680474823910717
0.0007537746274089356 -0.0014672619098930863
-0.0014862997462466343 0.0025179081418301016
0.00032342142076398117 -0.0002736378133153497
-0.00044488754448336046 -0.0007129127658290496
8.432339167870175e-05 -0.00034022754680682163
-0.0005926496203801032 -0.0013614389752467427
0.0022737168302855004 0.0001962689915546582
0.00030071645593318934 -0.0002815002757759285
0.002367015142714333 0.0029337637703688805
0.0006016467049021563 -6.005345576594086e-05
-0.0009668052977886034 0.0010509626919439614
-0.001834286287910498 0.0006031086782077676
0.0006601637317197574 -0.0013714329852711905
0.0013676048846761023 -0.0023825862373590737
0.0005176056554794581 -0.00281258119099964
0.0014155233799083475 0.00040355856766666724
-0.0006544876957707459 0.0012170142256808334
0.0004881872015087546 -0.0001288283914767319
-0.0007952301145705509 0.0002617429268378644
0.00018738487768668987 0.00010086105846513311
-0.00020926318112655755 0.00096790580344738
0.0021814437068687006 0.00179830044954924
-0.0018398280889049437 9.350961714914373e-05
-0.001829820993416763 0.0007924998744931397
-0.0009114232868466792 -0.00045338374168675365
8.992289492276607e-05 0.0013937302549236626
7.1279759153559006e-06 -0.0004915033164615282
0.002057291061554793 -0.00010316735383345594
0.00025393069371894587 0.0030571687788849967
-0.0018191430010527038 0.001614464574856261
0.0005223800716647561 -0.0014588987221490085
-0.0019771203563057602 0.000686941791475133
0.001044528889737709 0.0014614135445644263
-0.00017780885228410183 0.0004744085581865239
-0.0018758258741206927 0.0001308286484906064
0.0013141895374074808 -0.001048114898869775
0.0012086873031980682 -0.0014887182477297263
-0.0006747681531121977 -0.002112849254502045
-0.00036146274004266203 -0.0025389714507396415
1.0074187112849282e-05 -0.0005920128544331196
9.9668567226442e-05 0.0005721179833076051
0.0004978611734612209 -4.762632247164598e-05
0.0017203435921304912 -0.0006328595939782312
0.00013136547831063474 0.0014140573171609197
-0.00037758876203571143 0.0015228825270503482
0.0005827640806628288 0.0008504879679088045
0.0014493953358557055 -0.0008604119583586343
-0.000258995656372817 -0.0007076166196771396
4.252707930320614e-05 -0.00014792488032738173
-0.001168509784370509 0.0008306902587317909
0.0015850106434874486 -0.00031186637945249346
0.000745596828095817 -0.0004837623489068232
-0.0005839295206482571 0.0005993108973651123
0.0009623598676177115 -0.0023354930841652647
-0.0013379180274528998 0.0003296146816905642
-3.715359904427253e-05 -0.00019797793709379647
0.0009173080961855361 -0.0005551139750408035
0.0013500375839331114 -0.0006170173326907625
-0.0006145692407622944 0.0011735505216562872
0.003077750757809391 -0.00032311796261001204
0.0005888979183228581 -0.0006775454547662039
8.191030429058507e-05 0.00018802577301075385
-0.0008395261179120526 -0.0013475087903553164
0.0009515614207250888 0.0006559391269750028
-0.00010485624915963897 -0.00032269692424947017
0.001481965034937414 0.0015784485996878535
0.001759017532653687 0.00010580490579973319
0.0002096494699982895 -0.00132042061623192
-0.0007171872550057354 0.0004935887557137382
0.001749609774649392 -0.0007133329956963441
0.000974242138005523 0.0008112354371607866
-0.0008991253945098593 0.00023343698140009854
0.00022229279049011048 -0.0016264215573063268
-0.0014000908084254198 -7.123687909486745e-05
-0.0007443816302895239 -0.0014419642171130938
-0.001541105847961119 0.0021389296042428328
0.0003336663610128988 0.0017258326456710523
0.0012524565900820263 0.0006220275331276887
-0.0010238707482014286 -0.0009046324381529438
0.0004919423401177871 -0.001543773793748253
-0.0019989867819443486 0.004223727711557568
-0.0003866089551912229 -0.0010185620587134122
0.0015092428255014958 0.002385909428555332
-0.0011326300455603696 0.003890586566419168
0.0009650870630663197 0.001569443340653179
0.0013144792355550417 0.0007406505909539042
0.00043195570173148117 0.00043248529097247737
0.0006198681349709749 0.0008236909318120381
0.0016734244572570132 4.1883548233998447e-05
0.0009884571557539131 0.00019352635883999175
0.00044111190653952975 0.0020246394810232936
0.0012460267411587192 0.0006437459642292015
-0.0009077767233744551 -0.0009492344766894563
-0.003111226819343199 -0.000708541898585725
0.0010862540673306983 0.0009069669143953774
0.0008884641698520561 0.00011213597656555157
-0.00020853401281407678 -0.0008261543829696736
0.000641630651857929 9.426049383921175e-06
-0.001381720703836602 0.0016342297099699026
0.001934514434198559 5.4395871210704695e-06
-0.0010559746048452764 -0.0005088015533893072
0.0007479292268426613 0.001858991459967306
0.001695231363179257 -0.0010770886603848587
0.00023328292708698077 0.00022261468933986898
0.00015241968826240737 -0.0009394166708645776
-0.002188752469880404 0.0011981971919408215
-0.0013815634685193851 -0.0014353213373290191
0.0011170900157587342 0.002004581341244464
0.0039072297499508 0.00015472009379028655
-0.0003062950335619675 0.001432525088207765
0.000923025568650986 0.001237024339401662
-0.0026908866878092353 9.198163937105115e-05
-0.0012910943479330023 -7.690261514241346e-05
0.0014576877183422336 0.001911265604697865
0.0008023075259682347 0.0005742181750907689
0.0010468781884329895 0.0011939912561742833
0.0007569845357658047 -0.0037569988225552436
-5.2661363132374494e-05 -0.00010082979163822735
-0.0022923314672078188 -0.0001330070841266562
-9.669514235655803e-05 -2.686969490242732e-05
-0.002203895884699841 -0.001067964367612241
0.00390765079344353 -0.0007032967119866328
-0.0009390756411734553 -5.9924242724003376e-05
-9.222658350067491e-05 -0.0016898317616462252
-0.0006231300375673314 0.0008495464325521698
0.0021705831670276103 -0.0016860651952567004
0.001679000564047154 -0.0016255115896634175
-0.0013548275223518502 -0.001363089079878489
0.0006729234193658339 -0.0006274165151644945
0.00039039112991879547 0.0007911246830860368
1.1102127663598163e-05 0.00019501140665612073
-0.0005468412316454915 0.0007331257474248692
-0.00044236975566293307 0.0010174790870950655
-0.00019144545683346734 0.0006300281763084388
-0.0015265197369330721 -0.0008800646044011838
0.0008348220151288507 -0.0012885077551396372
0.00018637671811181375 -0.0006120416783293737
-0.0002377846668500804 0.002522270578117929
-0.0018887844711782363 -0.0020024835995247387
0.0010432284577425812 -0.000673481764717203
0.0011936627143335125 -0.0025306599347438277
-0.00159389495865705 -0.002125290811151867
0.002078230282191603 -0.0014442393230140948
-0.0006145185204552547 -0.0010929591692999967
0.0013427993110303271 -0.002573296606322272
-0.0015917223221948598 0.0010605500918577212
-0.0010739253216385067 0.0012000290603219215
3.201272594750587e-05 0.0012257090656440726
-0.002314024970559698 0.0016652325072208057
-0.000715594507923848 0.0031232513348744308
-0.0003257245253610389 -0.00037798887955590554
-7.93125250086238e-05 -0.00010630653627845397
-0.0021941390060782047 0.0016635473104049466
7.725013484743437e-05 -0.001596757099179809
-0.0023359978237619526 -0.0025868154570107245
-0.0006801993202583374 0.0011612964649022402
0.0025246306328701794 -0.0020535978368673006
-0.0025776340340443508 0.0010487127413725678
0.0023896421827164526 -0.0008384949296431037
-0.0008208848958892364 0.0006823987591950689
0.0008909832120753203 0.002037557660355022
-0.0005198531049065826 -0.0005829653623612379
0.0002324032416402636 0.0006371226253044719
-0.0011579401433266488 0.0018922561452088043
-0.0012811924106980114 0.0005886747301916781
