0.00017207812330716186 0.00024070458929371412
0.00028237418765277397 0.00026824993374240325
0.0028600406436178906 0.002554798487120878
-0.001124796426402924 0.0011524241935859235
-0.0003458938834747291 0.0009615006142068043
-0.0041932332793020955 0.0009929578747631404
-0.0014804503777609767 9.189697766872884e-05
0.0003696430075016451 -0.0034074154432242156
-0.0016962404801723965 0.0006244042986089007
0.0013403871217582731 -9.736940786622232e-05
-0.0007107937064787715 0.0009069338906072036
0.0011896742467568076 -0.0024778497686064045
-0.00028528407071195833 0.0005539438272194975
0.0008159127394738998 -0.0004155868554917166
0.0007563299037879748 0.00091205439780596
0.00032121766329836225 -0.0029829863213449628
-0.002379323962781232 0.004603879022290723
-0.0027036422881190694 0.0009301654188466963
-0.002103895762357847 0.0006733609643189056
0.0021261472186903346 -0.0013806842844693037
-0.0015153087661893263 0.000741853119390133
0.0032126234806627635 0.0015071474069937678
0.0010899149707178592 0.0010929768007075574
0.0011724205209773457 -0.002624370588070802
-0.0012960485852855832 -0.0005703202637690259
-0.0012072752171240946 0.0005174070803399748
-0.00036787574865062287 -0.0014376839377067021
0.002241918492836514 0.0014368421409288665
0.002023361783007048 0.0025740644643998632
-0.0020127790883691884 -0.0009050318286139934
0.0002497223254905656 -0.001137716401626631
0.0005842349686647967 0.0014053155888872405
0.000267157397751198 -0.0014673303482764047
0.0019897946614994867 0.0010916051291890855
-0.0038759739714936503 0.0014932514603873172
-0.0003715749673915733 -0.0003965031617440716
0.0007011249038456242 0.0009565378798871828
-0.00014136081632256482 -0.0017706062825085154
0.0004898652718757726 0.0009501476588460529
-0.0008397931332012906 -0.0008180588797473896
0.001910187600550504 0.0008570434163008511
0.0006900046010042431 -0.0012022618276952399
-0.0003659481298051591 -0.00027108021407789423
0.001875997426834996 0.0001336531682314913
0.000878084008018381 -0.00039925615737448374
-0.0006946040889505586 7.309356388546434e-05
-0.0019098449841853167 -0.0015260905586664106
0.00023640344035216095 -0.0011923628577360185
0.0009403688192783955 0.0007739123245125477
0.00010609001679598256 -0.0009890263637011743
0.00022882061840150125 -0.0005985684716496248
-0.003518121520907528 -0.0008441023427992009
0.0015560924448008737 0.0026893034598776894
0.002373995246726913 0.0003090304985870018
-0.0013992879168796709 -0.0018794648352323073
0.0011529213407784791 -0.0020167942942413983
-0.0007978197200847842 -0.0029211522468601593
-0.00010976318081070773 -0.0002389261399018118
-0.0020054326819474748 -0.0011750787841585922
-0.0016765194579323446 -0.0032439998768398885
0.0005263352760028299 0.002094909802047574
0.0013997047045049282 0.0008613416216932137
-0.0016483048209954144 0.001351610733261897
-0.004212680782908522 0.002509346116095449
0.0004540121938874714 3.957299097463537e-06
-0.001561013220650819 0.0007370714255440768
-0.0016623810083836266 0.0018661128537711172
-0.002299160669398366 0.002679435025347198
-0.0009824232098522567 0.0012595026033733025
0.00031478822485237363 -0.0023048264959649287
-0.0010217143571896097 -0.0014000574404855583
0.0004712342038384074 0.00032209972529296095
0.0012905550997541887 -0.0008644856262771198
-0.0014491757306633684 0.001053939963717979
-0.000259196304896156 0.002327878591235173
0.0013012711061493553 -0.0007183845032866406
-0.0005748202941120517 -0.0018780650626446396
-0.00013270695425428232 0.0003720264301286865
0.00024329433476378832 -0.0020249076499182944
-0.0024574522096996935 0.0021472018080994685
-0.0024907509396306306 0.0005234866675542962
-0.0017038645694249827 -0.0043461660640391015
-0.0013393452803723324 -0.001267829527055454
0.0003084397380174113 -0.002628274160036873
0.0014456061910703883 -0.000685016907477289
0.004566538195535357 -0.00183340895664113
-0.0015907422380482036 -0.0008763122152994415
-0.0028058124291345824 0.001250987995746949
-0.0005658957427884498 -2.148418149178737e-05
-0.0016483039630871784 0.0033485435091098535
0.0009347626881154588 -0.0009676822672511909
-0.0008187572021373866 -0.0009739379667600198
-0.00013786775288794894 0.001080843626864229
-0.0019287457961132642 9.887844000412746e-05
0.0009290482696178176 -0.002390001170661413
-0.0002672707192109809 -0.0012140802775252855
-0.001968879139149786 0.0011645417906237482
-0.00041594047602447494 0.00456743056470957
-0.0015249280230019227 -0.0021532835911198004
0.0027955114492738365 -0.0008723339561564829
0.0020788353316669246 -0.00038094796256042034
0.0017229163416122184 0.0003325729227223121
0.0005638798220764944 0.003095386474713469
0.0001722621162878163 0.00032647276007269485
-0.001037756414191691 0.0008682610110022541
-0.000987997456616805 0.0009983125738881615
0.0021830975716349782 -0.00205919732863918
-0.0008507923913391202 -0.0013228765042917073
-0.001118611176664228 -0.0004474485317421515
0.0008561447438376919 -0.00202587919051153
-0.00021527605676346757 -0.0011925926833276693
7.253206337107003e-05 0.0004181521493073357
-0.0018732546376907457 0.001922944136815514
-0.0004751232782030059 -0.0019514921722570374
-7.100783445863046e-05 -0.00207684699778741
-0.0002953054255876428 -0.0013158723574008793
-0.0005576038510380035 -0.0016284130387093521
0.0020952991756517086 -0.0011360678130550798
0.0003590877727710321 -0.0014123086962957547
-0.0005413499920255938 0.0015057978495150745
-0.0014715158987668175 -0.0005975704328554797
0.00015166273519819017 -0.0010067184357148706
0.00012417598599164618 -0.0001331521392273605
-0.0015014369272748592 -0.0012048143250707388
-0.002678658639522869 0.000696905549180667
0.0016989356631357023 -0.002310730213877695
0.0005712042204896193 -0.0007371769991079412
0.000192249900367865 -0.0015808470156176235
0.00040202255156999463 -0.00047738842264812074
-0.0018483410908959291 0.0002943041337805457
-0.0014586102723417895 -0.0014512098377310334
-0.0010715246447352525 -0.00043707604271499734
0.001152478149405437 -0.0019713930861017075
0.0009807236124017183 0.0005803846197828889
0.0004206417003021767 0.0008791347607481121
0.0005659365892871881 0.002458791420310899
0.0007795682795962273 -0.0018849306477246052
-0.0002460099109660695 0.0006870337969608889
0.0006032976153803869 -0.0004629377442953423
0.0011041917990967961 0.0014823157655254903
-7.584955636952507e-05 0.0001841827118548244
0.0007885472283226844 -0.00031383676951873666
0.0016292392584475615 -0.0005715338156487034
-0.0004890200103648216 0.0023723268360061403
-0.0008121006646484936 0.00011105179232881614
-0.00023954045828846005 0.0014149393601560897
0.001475932489579323 3.902340560042148e-06
0.0011450409921189666 0.00038112141874382634
0.0006773347471963173 -0.0009466647023064794
0.0009413374218478399 -0.0010738583217402484
-0.0020468550193738864 0.00020538809497651657
-0.0002841999212379389 3.45712738801651e-05
0.00037866063606737033 0.0016108354613084013
-0.00015154748876437972 -0.0007711840838487045
0.0003490395079665324 -0.0004303092957723114
0.0001675362503490548 -1.91894019021071e-05
0.0014646078860167402 0.0036001573511103458
-0.0004442240796553356 -0.0001821178169615373
0.0006792364458625429 -0.0011435351267702826
-0.0001358496878557419 -0.00029827178066715306
-0.0014444218116373751 0.0006854807789371492
0.0022270255709896207 -0.0013995297485069347
4.2477328233919747e-05 -0.0015390925297964584
8.315386949912989e-05 -0.0006759119113950549
0.0012740807994198328 9.085363989478007e-05
-0.0022954600736151145 0.004202739406160809
0.0007183253503680355 0.0002708826372530483
0.0021851642398414105 -0.0008210829696233626
0.0012549213942001567 -0.000929244038808069
0.0008895064072331113 0.002175578289067971
0.001285936781135273 -0.0015507930136205465
-0.0009303283492901335 0.0009384279708311009
-0.00012565129777528138 -0.000903931474912166
-0.0013835818660117032 -0.00046081083643637353
0.00044094036148924453 -0.0037523410847126585
-2.5195605470176317e-05 0.00016380956059936522
-0.0013719376557680641 0.0006799069766662346
0.00014241147795892927 -0.001771588531408715
-0.0006292728273882572 -0.002476116224452721
0.00018804931735309774 8.331931995865253e-06
0.00042341441093805024 0.0009943885949295734
-0.000162843162131678 -0.0018027878736085747
0.0002650033974788168 -0.002891946033199716
-0.000925811914270799 0.0007181841430465353
-0.000672476613926093 0.0001033208771130602
0.002440026825855448 -9.750705079382271e-05
-0.002041082264629788 -0.00022028524287125465
-0.0011638943131287859 -0.0002105064825332403
0.00013384517658801093 0.0009375435580418681
-0.0017514081077985362 0.00038219301339924115
0.0001609390282819623 0.0001942947657869518
-4.085859009119149e-05 0.0013702113570072984
-0.0014708201491200467 0.00040986684793286097
7.248380941709358e-05 0.0008070306769264059
0.0005047117865806931 0.00175648300984707
0.0019113325003083297 -1.5331272161517575e-05
0.0021763622517223993 -0.0010333836401947385
0.000270509289646932 0.00036246736777122515
1.4788921235148744e-05 -0.0011888397178312015
-0.001250086332093747 0.0015179416275153674
0.0005908058285279958 0.0017982524802929167
0.0011195283317980158 0.0012430515158210148
0.0010073613852311278 0.00010574345727803504
0.0017622656150303939 0.0003316597867588705
0.0026230417101604803 0.0013391129540357481
-0.004605659781613008 0.0015824574199942367
0.0006964242476907795 -0.002168099080804539
-0.001956911101887843 -0.0007168086484650214
0.00013864138552095202 -0.002283688273836277
0.00030521146395808 0.0004748434585738072
0.00010321376211561422 -0.001199030285551892
0.00023445740714269554 -0.0013607159877579347
0.0010224304791102029 0.0013564171391353267
0.003117235296393325 0.00020642418021728793
-7.885511489257641e-05 -0.001422215404734381
-0.0019432453154543579 -4.4444301554893845e-05
0.0036994136566696144 0.000991997854245145
-0.0018543432328203865 0.001342787371525183
-0.002344705427457441 -0.00013559192575302552
-0.0003995873240269378 4.2387884777241265e-05
-0.0011906874525465236 -0.0005998837148257807
0.003507221888078132 -0.0003650258283277636
-0.0014708183191319054 0.00033443556887651193
0.001392560743803728 0.0023954035174729577
0.0016918876153468128 0.00011789272733000124
-0.001037493281335926 0.0007007470375400606
-0.001561990367630565 -0.0029625973310552617
4.164539919679386e-05 -0.0014020007394875604
-0.001656487795259669 0.0004213027521774452
-0.0004735317710227321 0.0010046959356319245
-0.0006437619772907883 -0.0028312008264148114
9.857706091280788e-05 -0.0017576773207826578
0.0024234089055687196 0.0004949216777424799
0.0018373159636048276 0.0007753036043370067
0.001571096730202564 0.0033273010496482833
-0.0017708299142923558 -0.001211287799390683
0.0010525934206174641 -0.00024297122623865333
-6.416171723601374e-05 -0.0021983859757837396
0.002811059299444871 -0.0007400157755561939
-0.0013069451066419586 0.002585335241126173
0.0018593505834659653 0.0013523753614540196
-0.0010887791037746907 -0.003384249737080865
-0.0017121836898397666 -0.0009495746085791006
-0.00086007034352039 -0.0014081917845617624
0.001895941891977415 0.003303909332682751
-0.002298863440053062 0.0005176105440676945
-0.0029300933618083107 -0.0008290168549509562
0.0007986896779304133 0.0005030365362726082
-0.0021230482378006 0.0005146389876327922
-0.0019146816780994688 0.0013889686923004559
-0.0007219715790459996 -3.2430465284113204e-06
-0.0005849907845151164 0.001722860841107893
0.003351088982616534 0.0011845825853255413
-0.0008055066750316509 -0.00039832703555853677
0.002084953108684597 -0.00019668826580352788
-0.0023084804673808705 0.00023508295802062606
-0.0019183435320279047 0.0010522584690175018
-0.0023689612049279385 6.246303574612995e-05
-0.001150082841513122 0.001283989851130312
0.0006295368100525395 -0.0013406710855250854
0.0007261231811105572 0.00209784449225957
-0.0001127163902652409 0.0010244691559616794
0.0017948807550871389 -0.0004974877872535555
-0.002085838248060704 0.00360873581779387
-0.0004095822085923719 -0.003544500948854369
0.0016425014101580813 -0.004046007498995001
-0.0002932351512373657 0.0019689828521317603
0.0013303331498128361 0.0010131085019676142
-0.0030347509651298694 0.0014371384649321532
0.00046411166309125304 -0.0005483965302205494
-0.0009884508926413663 0.0001378513833066092
0.0005737551709291643 -0.0001595217158316965
-0.002462681081283367 0.0017771078515566683
0.0018182306731636421 0.0011867685184115653
0.0005602687510297618 0.0013277140749035645
-0.001267743305905297 -2.8780021081116804e-05
0.0016758309406859314 0.000495318528500186
-0.0003725505660006035 -0.0019383091043507343
0.0004685483788277432 -0.002234751720344193
0.0006487825963102809 -0.0018531434112282405
0.0007950590114278866 0.00034691943106384245
0.002835565432187714 0.0003746249315252046
-0.00024592921230293655 -2.480705526293875e-06
0.0037862285979261964 7.955913141484182e-05
-0.0018926033837676367 0.0007959971478721035
-0.0005990973731275489 -0.0014073161378079767
-0.0005393375253373929 0.0016526550828025698
-0.0001597878306003495 0.001309048327424352
-0.0009515462866479782 0.0010571449631323014
-0.002559100964390047 0.001137210307027552
-0.0006606677212448739 -0.00016015121909178148
-0.001261223810221751 2.8994451485511558e-05
0.0013619578725420848 -0.0006666463598708825
-0.00019166492273563047 -0.0013663610538990605
0.0018094624583801654 -0.001267656969446383
0.00015414924690019185 4.008922141958136e-05
6.002020913941391e-05 -0.0010198940261543646
-8.60170924886265e-05 -0.0026614910657578356
0.0006915812036788487 -0.0010288585084017416
0.0007109720011307058 0.0007238074755418682
0.002563786430170002 0.0012488074586486507
-0.0001553029525812139 0.002071928130658572
0.00249574989747634 -0.0006085682341909405
