0.0001307949876498113 0.00017923598823552675
0.00026576606992173845 0.00016450873690513756
0.002602888200188188 0.0030673447337847266
-0.0020790092487582164 -0.000926837875712582
0.0019637873422556876 -0.0005104714551033425
0.0028814031531492596 0.00021381467250683968
-0.0004106822435001894 -0.00029607891619923363
-0.0016881868077804152 -0.0007772028068142251
-0.0014069037227147912 -0.0009399514060346057
0.0007201941364818308 0.0005640198076186263
0.0017076947655720977 0.0012429116149123454
-0.0033236233600262535 -0.0007266799799365797
0.0025574105063531716 -0.0005268067151333651
0.0011479677867957865 -0.0006207736102054686
0.0027807579225723558 0.0010305797996191972
-0.00041974259903327087 0.0016126326350241731
-0.0006609154290567443 0.0001038386841611487
-0.00016826038146421543 0.0013649931126802012
-0.003734164195391042 0.000267962496560554
0.0006414780906143281 0.0005792364197483978
-0.001662371741612808 -0.0016953857112176822
0.0008426271117607527 -0.002802531853344385
0.0015956422351079463 0.0011472671129566575
-0.003031085393747236 0.000728332676987175
-0.0010791152874127339 0.0028606823767205972
-0.0004965819243417627 0.003068624234439281
1.877151710690571e-05 0.00046559641583073896
0.003124527122143772 -0.0018865822932252368
0.0013881202232383697 -0.001979751762204734
-0.003068651178045584 -0.0008854257353923379
-0.0010482877621758892 -0.0012627263272435014
-0.0020248690114433284 0.0003609438953449906
0.0022898623288846037 0.001727167399999092
0.0018393572520675563 0.0001609906279920249
-0.0016934402415149485 0.002525500603346863
-0.0022628988521733906 4.5248758432295866e-05
0.0016984485181393203 -0.0011261651327365053
-0.0011095445922186947 -0.0008239924182729421
0.0012391655942160546 0.0011951532393884477
0.002146833957651028 -0.001761449237845152
-0.0010436463665517075 0.0006328722868173629
0.0014587622130125546 -0.0003427303081080654
-0.001166645457038725 0.0020947601693592733
0.0016000723994640394 -0.0017987514318088943
0.0018697088881028036 0.0005808077998304006
0.0005035980378359155 0.00029750141549572635
0.0016931324681261127 -0.0010185505783367867
0.00048780017126226493 -0.0037771824171949314
-0.0016017071972818052 -0.000777391882941884
-0.0009042004618271363 0.0020250332682897085
-0.0013851126664250184 -0.003358838918316136
0.0001702985975120133 0.001545421732574576
0.0028309984023981005 0.00022808595470846132
-0.00041464736876495404 0.0021118103292647765
0.002242330438358988 -0.0007079994153456054
-0.0003345695492795228 0.0005136256545211917
0.0021998717582823973 -0.0018856183185826617
-0.001516005901560454 -2.7015560374833838e-05
-0.0018530956277124004 -0.0020875402009746997
-0.0010182782942134083 0.00014446243260993953
-0.0019376537146321004 -0.0011524985229440458
-0.002392852894632157 -0.0007654387328881174
-0.004473558834955638 -0.0003969445125068097
0.0016767196579391104 0.0009321827215506188
0.0009531969814477843 0.0005883859204581526
0.001133606359948809 -0.0017166572337843182
0.003041969027724728 0.0014621531398461532
-0.0011404858792685348 0.0005335119389027163
-0.0009997027861049577 -0.0012803981257143273
-0.0003570329434113459 -0.0014120825676218187
-0.0009658789247809346 0.0009113702345499211
0.00407082076648397 -8.585021276047758e-05
-0.0003297887509845013 -0.001979401038152596
0.0009276720909758763 0.0007094099054490131
0.0020317653796429478 -0.00351781942174173
0.0005464834403919055 -0.0012737656067955065
0.002603225963628444 0.0005399866179258453
-0.00015372004483847225 0.001016878404389985
-0.0029812644761473624 0.0010189696131925852
-0.0008212302971922531 -0.0029619133820629365
0.0010641902240503586 -0.0024784956772821824
-0.0016695014983894544 -0.0015668196969508671
0.0029460809399773458 -0.0010329075867243497
-0.0026600345764412926 -0.0015957154659474138
0.0021975729142487866 -0.0002484124428931355
-0.0016333980457350352 0.0017532762026583814
0.0004549408517084166 -0.0010914689507708797
-0.000269034196952746 0.002834160444296655
0.0007899531810273651 -0.0024545180551673674
-0.0002319709539052654 0.0002740042202138658
-0.0017068406520131562 0.0014532025015715272
0.0016250587510425365 0.0025691998280099985
-0.002108247066934186 -0.0007838188712768112
-0.000533908790137797 0.0011041019136924404
0.001183840294322039 -0.0030032901389790193
0.0013013627513592686 0.0015424821249825644
-0.0015862080968706488 -0.002373492894026672
0.0015093012953884403 0.00010868189725315812
1.014467095274239e-05 -0.0005195776885280197
0.0014116385621525402 -0.0006829565826421562
0.002037144014856741 0.0006505788574460965
0.0009017705475344115 0.002003199575873809
-0.002467936226350753 0.0005405644009167728
0.0024291451117742654 -0.0007852727952135136
0.0011419247481354359 -0.002392517935059713
-0.0013653467039024174 0.0005978534842430906
-0.0008706546574924432 0.0011822529525875591
0.001032471649179562 -0.0012682928564325346
-0.00203479421714556 -0.0013655368061513383
-6.37186235025763e-05 -0.0006681914746578723
-0.00043171125247904124 0.0008454035229083158
4.5230410463848924e-05 -0.000823603929115621
6.251035082541098e-05 -0.0006581253183835707
0.0009475572086894134 0.00033443787326178773
0.0008546711574960291 -0.000557936589671856
-0.0003610536048409954 0.001102511874478019
0.00031593008162292 -0.0013189736372986643
-0.0013260702991096567 -0.0009377018257472809
-0.0006599753235478992 0.0010559051729977817
0.0007703153325510002 -0.0009277719368976426
-0.002045082004535994 -0.0014873669552769512
0.0008879661768952513 -0.0003512499947233175
-0.0007804268359135469 -0.0008959497419415858
0.0012769196885272097 -4.587582252910789e-05
0.00032617841145915174 0.0006020513533336075
0.0026203784088198213 -0.0002551183768749794
0.0005905571826352641 0.0016752124617405856
-0.0010289711730067106 -0.003169435731355148
-0.0007660097241388265 0.00033222015246338446
-0.0004937510350961886 0.0001897005261051486
0.00019336130000386528 -0.0006495687069591707
0.0007762734308707708 -0.001326072842283585
-0.002336545085674039 -0.0004558064195637945
0.0004915820299615468 0.0008918823237243771
-0.00021783640885845575 0.0006913468762256554
-0.0001982410113753291 -0.0010301976064561477
-0.0005574718579333774 -0.002070342804604846
-0.00044265887133125646 -0.0004860191018232148
0.00016153153737343643 -0.001515160143181697
0.0006990683138998829 0.0016956905054997104
-0.00023703104200256445 -0.0018337955234957093
-0.0006146060404920845 -0.00021701811883865455
3.012716980359523e-05 -0.00033876066076533726
-0.0019299504610585214 -0.0005527088310025428
0.0007323273467524872 0.0011445549597024942
-0.0010894262702308814 0.000747274086211644
0.00022142303669510791 0.00020421111365803387
-0.0012384114403078473 0.0016364049039686982
0.0007623360433067417 -0.001244710650674388
0.0007277133354308576 -0.0012700287590465778
0.0007183086662088381 -0.0005537465163163872
-0.0003707484062623919 -0.0008720291115497412
-0.0013402496673857508 -0.0011736692690336836
-0.00025910583837947796 0.0018358027730729942
-0.0025504921922376326 0.0003800392948562784
-0.0006499519820883339 0.0002889570344490288
0.0013149662760880614 0.0017234231030257491
0.0014325328072336385 -0.0009970861005086729
0.0003730156940761243 -0.00024268183976952534
-0.00015284968975448734 0.0005078863821273803
-0.00042454768853561237 -0.0005632168099834395
0.0012341034188491054 6.399010943320196e-05
-0.0016478255824486786 -7.532246949810098e-05
-8.75185057428397e-05 -0.0007886863931702226
0.0006560217161203142 0.0010010804241640582
0.00014886402808690784 -0.00024038055662199847
0.00045710671093288855 -3.033152513578695e-05
-9.961434307799417e-05 0.0010930096585506895
0.0008765075681893152 -0.0027775159533175316
-0.0003640836667001757 0.0006350089817683303
0.00035350682357992606 0.0011672511457888517
-0.0008411364794360354 0.0006880735547077522
0.0001962294285285444 0.0005871879348850035
-0.00011550162028236772 0.0014867054780545598
-0.0006500638540510628 0.0007432592059019817
-0.0009270466833112385 0.00014130417402776125
-0.0009633425821101055 -0.0004902092878517051
0.0007714073137803543 0.0007664308961998641
-0.0008630659287794846 -0.0004191141884369278
-0.0002226652076318399 -0.001669877677453602
-0.000425113078987609 -0.00035089889035871285
-0.0015930342344081703 0.0014179411127280446
0.0014591186377161613 -0.0017455326132591585
0.0012790018117193752 0.002810865663038131
-0.0006289014745798642 0.0009153943646004727
0.001440265234596063 -0.00131858078456436
-0.00181979929273512 0.0007391289514745758
0.00021219243904313436 -0.0010959663944531902
-0.0008075224753272873 -0.0017833597487861544
-0.0006818703517415534 0.0015913675391233564
0.0014300618408882243 0.0009250083508170841
-0.001499854889802285 0.001513821471556658
-0.0001462123755797519 -0.0005275637734206732
-0.00043740415825897885 -0.0005619924493687859
0.0012173719496871922 -0.0012477096151851674
-0.0033702354332462523 0.00015079927943293904
0.0006955469250310044 -0.0008186670241535029
-0.0029420651611339068 0.0003843780914283228
-0.00021267178125783983 0.0006407019877247775
-0.0010183483629265812 0.0002117496493900485
-0.00045793684868871364 -0.0005761641772863877
0.0009365308902790307 0.0011398936903842898
0.0007332885581416286 0.0005213524544856762
0.0013590015402681636 -0.0011348064946679003
0.0014291996825223218 0.0035664825996512915
-0.0019149800353985714 0.0005657516793677482
0.0015406496969523212 -0.002761590946480864
-0.0016634261583379586 -0.00012637207344037954
0.000696915208178476 0.0004615883610663557
-0.0007452853436219038 -0.0006259620033793244
0.001193480189619213 -0.0014304332938049039
0.00042549361990048363 0.0002477290635998197
-9.331679589042e-05 -0.0007698514676023832
-0.0013582527876876056 -0.0014788379124565248
-0.0009629325796183078 -0.00042982285821102444
0.00048144585261816796 -0.0019942738696833353
0.00211360969526529 0.00022818167116752072
0.002842996621193302 0.001933497863214484
0.0012436054231900885 0.00197980171948257
-0.002010255932335392 0.0019767612433056036
0.0031129272287215817 0.003010765740266167
-0.00011790108014619068 0.0023860637132698276
-0.0007090880448496267 -0.0024700865508863476
-0.0013249067097307165 -0.0010662170169458353
0.0011675442788689036 -0.00092471997444416
0.002104143956609958 -2.402056856991539e-05
0.0012921021143301795 -0.0009899948723516112
0.0003563903761795009 -0.0005888378153241658
0.0006549214475998986 0.0007532719148218223
0.0007766519617993225 0.0027663793130095213
0.0005799619454247809 -0.0022943146912145864
0.0009608726027338361 -0.003865333975218116
0.001450590100621366 -0.0015018121885179282
-8.012861871101713e-06 0.0007260464984070021
-2.9248448631095224e-05 -0.000593133858476356
-0.00039522150050853454 -0.0018719599054171114
-0.0006052722793681456 0.001020828102185108
-0.00014793217460666876 0.0005787452736572983
-0.0008435938918077806 0.0009400794048822239
-0.0008589631860720932 0.0005486379006290045
0.0016126689882991789 0.0008103704075685227
0.002505937341356531 -0.0028400237504182134
0.0009930630865707666 -0.0006853887169808487
-0.0004732205359884396 -2.2796927733170204e-05
0.000370456497661371 0.0006993530792993543
0.0007597630308100705 0.00024239348269929583
0.001079481183384863 0.0019588296995993112
0.002151274452931274 5.220114571726721e-05
0.00014651468464411808 -0.0010282000585937435
-0.00019432946220616527 -0.0008524120101102788
-0.0006257571037634346 -0.002049853224573209
0.00213277739970429 0.0003025813065114823
0.0020659757738737306 -0.00014037286972156578
0.00041722205276031795 0.0011730414797295997
-0.00027523866308292925 -0.0023544398426472227
0.001110259478479965 0.0016310888100039163
0.0009254521262860907 0.0018512705646820389
0.0007185208845716523 -0.00279569380220817
-0.0002504966557128299 0.000136885767880683
0.000699883600137629 0.0011798813407007341
0.0012693452890712876 7.501477135071499e-05
0.0006810687072228426 0.0016270945307085797
-0.0006770796094882222 1.919391840425297e-05
0.0007635039060460496 4.645059895581033e-05
-0.0011550611940549245 -0.0017729380613660214
-0.00021533760142736282 0.0019508597534848135
0.0008134135684992913 0.0005110435302002089
-0.0012915352053644944 0.0005430882927922276
0.0015648514778172477 0.0007879720191049206
-0.0018559984904457222 0.0007632726526600378
0.0005254588646601143 6.375236903607619e-05
-0.00084105639964487 0.0009053381960516642
0.0032810709608112037 -0.0003882724429855307
0.000391756534025418 0.0009215676127375547
-0.0013168144827326346 0.0014813936989473706
-0.002416201432005494 -0.0022909114501519848
0.00011374775281491344 -0.00349318715352303
0.000995711722044413 0.0027114468764687463
0.0012584882257557816 -0.002375314788371672
-0.0020124891966022745 -0.0003961780474381521
-0.00017714508927672533 -0.0007319347229903059
0.00030319068419682246 -0.0006400394198391592
0.0009563094424111256 -0.0015277568874086627
0.00019951946945114495 -0.0019464043099234143
-0.0014609529971089613 -0.0006638386304110509
0.002190677422495148 -0.0019342155901591722
-0.0034241144543027263 -0.001438272327474134
0.0014092854828471218 0.002030547665843348
0.000316017940448033 -0.00011362756416289162
0.0007563783495720952 -0.0013170649529118097
0.0008979222046032076 0.0002661643430793976
-0.0008469744488132834 2.1329082899372922e-05
0.001321521915798145 0.002242910728367288
-3.945111757598714e-05 0.0016331685241382776
-0.00178838023585962 -0.003984150814188265
0.0014000609906166441 -0.0018385234881702743
-0.001136732609272252 -0.001035398507342745
-0.00019825002033972897 -0.0013659202719980969
0.0013389219005484909 -0.0015034779046925139
0.0019782478142730997 -0.00025212323721898126
0.00016792125712271154 -8.064065514557526e-05
0.0015474332326224083 0.002212740370310419
0.0025315737583663876 0.002819336191263226
