0.00017065576241599552 0.00012599852299725322
0.0002420472270119565 0.00018174457131558177
0.004372556314887443 0.0030036397115015424
-0.00024297455353695216 -0.00199776599917723
0.0024065738166906855 0.0015715213827492591
-3.4740911051907326e-05 -0.00038975001933102334
-0.001012065813897641 0.0013569524818387523
-0.00010516035572305521 0.002218076673123324
-0.0023062726596363636 -0.0031335667809207317
0.00020571873514646125 -0.0012538546675884689
-0.0004918708867521803 -0.00039599850020809505
1.0189378305208088e-05 0.002472515906354136
-0.0007667724594367935 0.0009490023198785888
-0.002381453008444502 0.0011071533614811667
-0.0011381817276345603 0.00026537776698794117
-0.0004129146996190656 -0.0021036592013202403
-0.002999754863648355 -0.00279576377215601
0.00228043323595856 -0.0016257923203810507
0.0008776386135435752 0.00013907803598917084
-0.003317082081670587 0.0006757352866646534
0.00029056887763985933 0.0007542483163488539
0.0015535588958195939 -0.001062416201779152
-0.0001768942071601493 0.003072138109109255
-0.0012523882824057358 0.0018741913313567505
-0.00011339553665948894 -0.00045481264299003396
0.0019322655721423431 -0.000780260232278237
-0.0017741435855893298 0.0003616176236157988
0.0018077751580228142 0.0002826478309937971
0.0015464384382890624 0.0005386193140427114
0.000931516704756297 0.0029678996919937028
0.00046443687623996105 -0.00012383626791978905
-0.0013417736949098322 0.0015396877515633034
0.0015837540309064143 0.0010282433086008474
0.0012049522166169761 -0.0013481781754216028
0.00034043087267828377 -3.807989000691398e-05
6.198113427119108e-05 -0.0005557938363404697
0.003178409925505613 0.0002997283212878415
0.00015718341324456672 -0.0004074413466858708
0.0018987232361697163 0.0028670007135066515
0.0019356756179740116 -0.0016517266560346464
0.0017228415172902735 0.0014708089766736236
-0.0009527100845497005 -0.0006041762129050587
-0.0015084210285211106 -0.00011732656319790549
-0.004199048215247942 0.0001911675325406492
0.0021031639091623534 0.0012287815128674028
0.0013655260551709172 0.0009002833247577121
0.00037701854617506667 0.0011974635880806167
-0.0007180763090045774 0.0031884960892829438
0.00024728367664144263 -0.0005018999052501331
-0.002402715627707753 -0.0009252816968794644
-0.0010882245311737346 -0.00033268326749686565
0.0016383139024948629 -0.0008437560527649953
0.0023296595623332845 -0.002399867008969608
0.0009863423423292813 0.0005021358813450682
-0.0014108035953714064 -0.000468261347060465
-0.00034207239166517665 -0.0010139190641416632
0.00038961784328118 -0.0008082487220027236
-0.003901073658617945 -0.0016395246948184578
-0.0011361403358826213 -0.0010559016481291844
0.0034613307316245893 -0.0017477142156508284
-7.949567965366261e-05 0.0027621817796662034
-0.00029431075726273054 -0.0005089611626003154
-4.6998572674279816e-05 0.00259453109195053
-0.0006222226331899879 -0.0006500253608349211
0.003487663509858903 -0.001479223369983244
2.144183885099294e-05 -0.0011990109154830363
-0.0011221703218848317 4.6421555896889855e-05
0.0012498934866143605 0.001407845064519293
0.0016771302406484525 0.0005160409422851626
-0.0016651844912458095 0.0009462956956445926
0.0021446756788534083 -0.0006993690315700014
0.0017470679392164181 -0.0011451847973220166
-0.001766030818883615 -4.5109932624085955e-05
0.0002751284845882623 0.0010643708139468839
0.000858728951104297 -0.0008141673254062407
-0.0038006248211797256 -0.0015953866950080865
-0.0008048261774276698 -0.0011723465459893463
7.869920233243321e-05 0.00010091805079951597
-0.00022489853069259026 -0.0006530906261030995
-5.3055849082011866e-05 0.0023941951575255143
0.002339123578753583 -0.0006296157305719742
0.0004598891418720753 0.0016460036180064347
0.0009917612226280625 0.0012858594929319664
0.002810283826994471 0.004085771665964744
-0.002066249106811999 -0.0005851833097522483
-0.0003578455415937963 -0.00042328285111199607
-0.00037063274357453286 -0.00012623851419995587
6.877295749042883e-05 -0.00174100672853841
-0.0010702214127475095 -0.0004953832245508872
0.0002164514529893363 0.00331441326317915
0.0019182542991396984 -0.0017890884370040734
0.00033652262928051855 -0.0017305486528845205
-0.0012443270540319564 -0.0006474880913613337
-0.003728288158751784 -0.0026027625762043358
-0.000591876844907835 -0.003036420207131713
0.001843787995232897 0.00205489938993007
0.0008444397808357591 -0.001375864626241689
-0.0009556548187976307 -0.0013269947218817082
-0.0002289293060938541 0.002380780589423126
-0.0022715746826399864 -0.0006249774578367169
0.00028996678826353014 -0.0003922911945843407
0.001356831374602179 0.0010790991931633877
0.0022717136138793994 -0.001499446800366683
0.0005077810708414942 -5.6932771345405805e-05
-0.0010299319947401394 0.0014706496004889254
0.0014209052223530991 -0.0008361467230362645
-0.0007739141202504822 0.0012278838379502907
-0.000744846643636116 -0.0008780747639578749
-0.001998854502291798 -0.0008527819929504065
0.0011685732800119967 0.0015062123567994288
0.001140213436910781 -0.0024334012202476907
-0.0011870910939982592 -0.002241738817918843
0.0011086037886399646 0.0008532291248638034
0.0026124132141217148 0.00016938262453958935
-0.0004337884602686439 -0.0025305606481925784
-0.0016803259282094116 -0.0009735899457141431
-0.00012101216112573209 -0.000322936127431011
-0.000381564783262912 0.0001218368332427295
-0.00011460420370888378 -0.0002285786421633288
0.0018593957490265543 0.00023360718801093027
-0.00028338652173551655 -0.0009158862800719385
0.00027986760925478307 -0.0013542305656583805
0.0007386594061359048 -0.0008813193723396681
0.0002023058151596906 -0.0010549644497278125
0.0007150966339474999 -0.0008005224139865531
0.0023896378863251452 0.0019935124465219494
0.0011969930065096697 0.001234221542703987
-0.0007703077653294898 -0.0008032817933343153
0.0002145295850922424 -0.001742861802320259
-0.0018873439837115492 -0.00055994808899304
-0.001090591232261373 -0.00011538305027930797
-0.0013811905603591389 0.001939967800517955
0.0009226088551629638 0.001089648764091938
-0.0013643271566082054 -0.0003849756494220928
-0.00013348810558401624 -0.00012672141780738908
0.0012716351481653003 -0.0006164497106612477
-0.0008016255920813603 0.0010931564554267743
-0.0005675239748952419 -0.0015698049883695318
-0.00043737390554275673 0.0007598959333443291
0.0007330679540266402 -0.0016257435304356462
-0.001866082311996745 -0.00028997045516545905
0.0002523328730522151 -0.0008694241555607431
-0.0006538000436802148 0.00038812493298298617
0.000503397667954515 0.00025096320723529825
0.0011511590483108847 -0.000690914034548311
0.00036168720579664754 -0.0003255560369887323
-0.0013294849116322058 0.004200749637673673
0.0005512093215679666 0.0001882694524314039
0.0005338158854109844 0.001057195424615492
-0.0018572601379175703 -0.0010713449666242486
0.0015036683814280477 -0.002515157034216603
0.0019004974208735564 0.0010811529632892502
0.00022871360369678258 0.0021426087231915273
-0.0011383162792444165 0.0006153070639978882
-0.0004043685276184586 -9.927688175018227e-06
-0.00017726115485382064 -8.260425046294824e-05
-0.0024479968384662097 -0.0015182370212763459
0.0011323963646783113 0.002682914520271085
0.0009654405387962686 0.0020046874634436327
-0.0016692490117559146 -0.00015332753410550817
-0.0013360096873071161 0.00012190916984975473
0.0013247410227304715 0.001078557903575125
0.0003231957586779083 0.0016546022267130613
-0.0005869164258974037 0.0014495275420230726
0.00032964482304309237 0.0008162957719003054
0.0007386868569898596 0.0018435477925666677
3.0902202435658795e-05 9.897885576296907e-05
-1.4366397743001938e-05 -0.0005281133880777832
-0.000295502420278024 0.0007278394889092896
6.914414886477233e-05 0.0014362891760912432
-0.0005382722978898663 -0.0009903743374103094
-0.0015025471599070133 -0.002133139090523036
0.00012546182479915977 0.00047325838520505216
-0.0004928404820487679 -0.0010820214147531891
0.0007925352768823543 0.0010703550446718218
-0.001244908472568693 0.00016729010632588872
0.0003122860402713304 -0.0015383246249017098
0.0004737261556470815 -0.0013384698970556226
-0.0022530835550907927 0.002083180141714542
-0.0006998118269511357 -5.4096448419518e-05
-0.0015337423047715722 -0.00014686030753942967
0.0012418835988733698 -0.0001347052560067658
0.0009901870451169345 -0.002616560814176549
6.687417298228038e-05 -0.001031350512211699
0.00031182736227676206 0.0012987012174926322
0.001475012885214592 -0.000372590012925265
0.000781188075825097 0.0007525558813876643
0.00108216795317406 -1.4584757377970332e-05
-0.000420958400934476 0.000352007821082359
0.00016619174875643402 0.0014905924399504875
0.0013280236562206818 2.43959812083108e-05
-0.0017637727819109787 -0.0006899206302081059
0.0007532539497628294 -0.000830720833073882
0.00024926368644264584 -0.0020305096628392373
0.0009572960351283852 0.0010618991429035306
0.0002104614132078773 -0.0004950080294519036
-0.0004864581997281168 0.0008141052565223306
0.000253019174335614 -0.0015129374117601709
0.0009223218522913159 0.0006587835664271549
0.0011439474899368224 -0.00025825156304598346
-0.0007018998881131033 0.0010222053684074677
8.905977597719872e-05 0.00043166447275673047
-0.002563705919440389 -0.00053605860986062
0.0018408906674110066 0.0003340409028190028
0.000590726366817335 -0.0014229402960920215
-0.000580422893242885 1.4303239158423337e-05
-0.0008751743456690487 0.0012023685853975337
-0.0007606799073897079 0.0008833013857880997
-0.00160584652231656 -0.00045410325191070847
0.000412832208045026 -1.7851237664725186e-05
3.9808734449082025e-05 -0.0027520745999264373
-0.001985866132987888 0.0005375021560010101
0.0010010044379666196 -0.0006682471902205434
-0.0024068149797523224 -0.0009606761094658826
-0.0003627846278673471 -0.00030447309656934707
-0.0013096226152596938 0.0024632384051542404
-0.0004444657003861135 0.0007800850322068318
0.0005722562090765541 0.0010473794020941045
-0.00076248176368446 0.00260222165348361
0.003445405390968263 -0.0006402647169806659
0.0022329326300045845 -0.0007033905255278756
-0.002112900034039463 0.00011943092064076789
-0.0015402467299020287 -0.0006586591150372233
-0.000919780274959676 0.00033265981159295795
0.0010548435852797016 -0.0015183014249756353
0.0005380687240999481 0.0017565902952209342
-0.0005187839112182346 0.0027185060488737495
-0.0001999963776264888 0.0018327290369480507
-0.0031812703911354443 -0.0010824716729099695
0.0001291431021594163 0.0007382123185191402
0.00068701903036032 -0.00017241991917253078
0.0012154000306030352 0.00033147940046274145
0.000724432891665819 -0.0008851673342284631
-0.0016288421654582854 0.00031697118063041686
-0.0006961254028120469 0.0003640268248785746
0.000881547954503804 -0.0006512485796779997
0.0002690076723383492 -0.003350941753367791
-0.0014874244169341992 0.0009960505890854938
0.0003987582530416753 3.117383447264123e-05
-0.0008715055027002923 -0.0011785476820534541
-0.0006882692542694363 0.003074063213787308
0.00020173076245163154 -0.0030253948873877074
-0.0014719577242983284 -0.002005857194698005
-0.0003877011797986475 -0.000260513243557547
-0.0005104568130730248 -4.386323812441505e-05
-0.0013057517468601872 -0.0004494742314266347
-0.0007059452625567521 0.00030873341533030086
-0.0013402702081273664 0.0017325413449035256
0.0015217540786039681 0.00011580122989735985
-0.003425542514857481 -0.0013750536998322078
0.00048535855025385997 -5.1037663984284106e-05
0.000508538274793439 -0.0017175203352283346
0.001182297874279084 0.002831603783543919
-0.0015580566650747359 0.00116262722676261
0.0007261854525819388 0.0008302404456848584
-0.0006933480658015737 -0.0012565493303184115
0.0007432247977669067 -0.0019886906886948594
0.00030553121761457946 0.0010948663042301518
9.615744614077525e-05 -0.0003423853486626991
0.0029410740970715957 -1.1727919380030607e-05
2.0314401042551208e-05 -0.002419206142403199
0.0003792441947038633 0.0016350870350388613
0.0015772300193392362 -0.001185001391422486
-0.0002718998760368969 0.0019704136370096146
0.0011376987590536955 0.0020419526776707503
0.0035269779003710795 -0.0013883257196832589
-0.0007637728965341923 -0.0018115282900291578
0.000886361781530347 0.0005037952749730071
0.0010331354167699331 -6.20459193078394e-05
0.0002747431234210487 0.00025315636665962127
0.00046432792372776794 0.0011959233611220858
-0.0019831881738401696 0.0026141393317369224
-0.002092178851399411 0.0007998074514794536
-0.00295713670375436 -0.00010957061600654708
0.0003448855136002724 -0.0009249231592406484
-0.0015565391105659707 -0.0003784041994471906
3.305263532233151e-05 -0.0023042371221134515
-0.001586678889346396 0.000994027669228915
-0.0005840132650729307 -8.132547044134568e-05
0.0013214970476772066 0.0028235370852293462
-0.0003500251929921988 0.001217508983001878
0.0017431551226024787 2.9552895231550533e-05
0.00016386591795524008 -0.0005536645386028562
0.0005749062297761152 0.0014670035891952455
0.0012569218489963717 -0.001446834241172774
0.00041840986989471606 -0.00038701586422876206
0.001090892478873689 -0.0025124813834932623
0.0005801214154905008 -0.0013623579790499924
-0.0008411358216927068 0.0003097843699212655
-0.0020351698098803987 0.0016794629529905208
-0.0009170424296512555 -0.0004890570490101746
0.0001196840860621435 -0.0010891627498865308
-0.0018960980016663811 -0.00026913106219444006
-0.0005284723762512739 0.0006266028836037524
-0.002233085604181626 -0.0010388973370087369
0.0007694313853878985 -0.000715294519517612
-0.00028760195209675 0.0015684957982512275
-0.0008978889691004906 -0.00030597226383015364
-0.000972351956886654 -0.0018761655626727694
-5.182662713873008e-06 0.0010163011259343335
-0.000985115595469686 -0.00017387435018190647
-0.0030484858199775907 0.0005961351354101081
0.0005188770921216748 -0.0007072880593098699
