0.00013945596542954027 7.433034918463988e-05
0.00016788141442557368 0.0002249399108797119
0.004764254265708196 0.004512679582226324
0.0016934962880321186 0.0012605858626243678
-0.0012348631941510705 0.0008315856740107592
-0.0006070587335623344 0.0008982371191435394
0.0019939213083636836 0.0006090325795982889
0.0017430778063333972 -0.0018444722559971738
0.0005914992914587755 -0.0016676968297358822
0.0013379589139638933 0.0010291288226661316
0.004515885410724623 0.002887607085744647
-0.0020277651436193247 -0.0016386792901906151
0.0010340764327463584 -0.0003949331375402366
0.0013929837263143118 -0.0009986575244842893
0.0002944648131979443 0.002102430742675368
0.0016131406101300332 0.0005530453742422858
0.001151607604193333 0.0012012602730995577
-0.0009269357317214346 0.0014016007270109237
-2.6670001537846904e-05 0.0007698914275397014
0.0005610733242341828 -0.0018767027788517707
-0.0013189332705398258 -0.0022611281788353236
0.0006139532994781228 -0.0012147712173911954
-6.711219493213703e-05 0.0015672350561398896
0.0009604229361751393 0.0014120944122433463
-0.0025114203078119143 -0.0003322944356321646
0.0019486682427566557 0.0006856276595876976
-0.0004869254301164869 0.0017412807474063876
0.0001337766619412682 0.0018858639681779866
0.00012404243327002084 -0.0014466272595056503
0.00037843139576322914 0.001380231627851711
-0.004297776126234437 0.0005834702805792924
-0.0023488091077012493 -0.0036501190250931683
0.0005352464986677501 0.0014353160412232334
0.0010453641552849505 0.0018339139817036727
-0.00031989288488636064 0.0006319925162484637
0.003395070357858087 0.0024905904664508085
-0.001844003897465482 -0.001755099770282624
0.00038021087981401013 -0.00021078849178649705
0.0009529636864387705 -0.0009218546020975351
-0.0025854886059815427 0.00039934679844511387
0.0009610772101984966 -0.0006355601619141286
-0.0007144699473230587 -0.00216317683252225
-0.0011959072251989903 0.0012731524340793214
0.0017704473771163927 -0.001958639067909973
0.0008001537274273131 -0.00048179819891663487
-0.0022944960805147538 -0.00023661500932774712
0.0005662740416658434 0.0020418371177179243
-0.0015927036057666183 -0.001151415151836891
0.00014586543271449947 -0.0017109324339351407
0.00010027395167399798 0.0010268359079859861
0.00011390824535780816 0.0010027231401103774
-0.0018922690132395325 -0.0008485983142990981
0.00021752648349006627 0.0025211171547764345
-0.0005900552699621733 -0.0016158618698652082
0.0002773526447569657 5.043964731609367e-05
0.0019487545479992111 -0.0011596185919737357
0.0009804334357039284 -0.001359605786398356
-0.0005129513815376459 0.001499558935593076
0.0001649676368892434 -0.0019692497809153846
-0.001158692654949339 0.00029008015141712706
0.0018293668122611976 0.0014515599315629282
0.0005526458692706192 -0.0014728691093039365
0.0004829910362317486 -0.00042436995960823333
0.0011759420574273525 0.0011614948592075644
0.0013024779684623917 0.001639543754161994
-0.0007969718031741399 0.0010939561142060568
-0.0010945407315877684 -0.00044921451624551153
-0.0005849169733925457 0.001729273899217838
0.0001946050411316109 -0.001907824967822813
-0.0003397948488514938 0.0013989255874212589
0.0011830717674607785 -0.0006720699227085806
0.0008240833935948625 0.0003215498116721225
0.00022630354186513603 -0.0004172174210242313
-0.00012785724302562222 -0.002239770870050939
-8.424623823596381e-05 0.001459574843754406
0.0029962100471453606 -0.0002180256883678833
0.0017012666801342906 0.00012209492333509138
4.848361974349429e-05 -0.0004931971471011926
-0.0006355367159519436 0.00044724941815349386
-0.0020392287166070824 0.001103711874892372
0.0031732710029290356 -0.0020483434083789337
0.001145311359408487 -0.0005951976593099426
0.0008087936274215228 0.004035606038263638
1.1845261618163112e-05 -0.0002398280644000671
0.0018496228020341205 0.0016201377572934979
-0.0015121186801988367 0.002266533736102166
0.0008121068272914114 -0.001029983304672141
0.0027118801324274313 -0.0028793523950327773
0.00014776651213068028 -0.0009638893656768552
-0.0008710526085952726 0.002183447406410918
-0.0014427458153926482 -0.001979920937646401
-0.0012705178748288228 -0.0013128029800845238
-0.0012773277669781606 -0.0009578304244729753
-0.0015765066563306399 0.0013765827348533803
0.0011842578786914408 -0.0014712650419141924
0.0006541915687377779 0.0015679788587207317
0.0022580012472266575 0.0008976057561210727
-0.0016433364156337585 0.002807650254999064
-0.0015520795126812603 -4.472507654973578e-05
0.0001182441347096312 0.0010976831832991282
0.0008306153499574311 0.0020229870514738915
0.0009575816168685557 0.00046161075107092507
0.0009096540033949664 -0.0026168747858794955
0.000399630774173163 -0.00027063312371441295
-0.000668722188770564 -0.0001095422394620089
0.0001888401180769372 -0.00039833384386050324
0.0026210813253422544 0.0003846268633959387
0.002400195369746197 0.002324578762930253
0.0001567147324271462 0.000944064980063645
0.0007181561122602191 -5.439303377224253e-05
-0.0009364206420971053 -0.0021451065134580876
-0.0007248444557621108 0.0022435300096122755
-0.001380631286653522 -0.0011057706917380029
-0.00011740668788142609 0.0009771882304795048
7.446120550149916e-05 -0.000858740036785164
0.0003884350891199186 0.0014513723848995747
-0.0014652395244155753 0.001644805174421388
0.0016129794091467326 0.0023994218897645143
0.0028183719609024905 -0.002009852223423512
-4.214506865083959e-05 0.00017702592725966175
-0.0015425033976364548 -6.612463055701817e-05
0.0017366037561258251 0.0007401930816076207
-0.0008191894185896346 0.0022244116578782995
0.0011661268670149338 0.0021004535901370833
0.0010266857615779462 -0.0014363092920185545
0.0008214696032478266 -0.0005718621755439767
0.0008760852442004582 0.0004679618278629383
-0.001198622430559225 0.002024196128071955
3.859720720962081e-05 -0.0012052024403329717
-0.0030467184059514234 -9.97005505630313e-05
0.001008874499239141 0.0011476533204886551
0.001426817869067015 -0.0002543817444069507
-0.0014882438097598746 0.0007499918594960952
0.0005844707156233024 -0.0006958884627978048
0.0004423051047137341 -0.0008663811393958584
-0.001694773579342158 8.90814198655652e-05
-0.0017987922671025855 -0.0027002227609203193
0.00040254547261802607 -0.0005652485146836105
-0.0013057915690629117 7.303234115993628e-05
0.0021374564787520057 0.0009631544813024828
-0.0009485731335743063 -6.142044906853106e-05
0.001135700700563169 0.00044567805098224894
0.00016526396344584572 0.0009308928339207981
0.0003042837920787878 -0.0018854765170283107
0.0011243855217952623 0.0004915917336500748
-0.0003770905028119243 -0.00022988978994067203
-0.0004120097791476309 -0.00013954173771513485
-0.0001472329696186423 -0.000749959048054629
0.0018731756094995037 -0.0006749695192977075
0.0015275474426237376 0.00039785518901430986
-6.08062030908638e-05 0.0008689210078930273
-0.00039666951331100264 2.128720802093433e-05
0.0006087370525400956 0.001646041759584893
0.0010984405465299845 -0.0011235858406223995
-0.001044853355871972 0.0009570524474364937
-0.0013748891948166299 0.00025183837846220005
-0.0006266492985993046 0.00036224901877926187
0.0009059536481575034 -0.00036800137915320136
-0.0012997831025784903 0.0003259486911973221
0.00044163634177273373 0.0011873290158140141
-0.0003475427783770061 0.0007365929479144516
0.0007409303905746095 -0.0006080975751767407
-0.0009990814530931526 -0.003114241231286779
0.0010370564285765624 -0.002483906355818804
0.0005472355415803987 -0.0017156559127701769
0.0019928902666109002 -0.00039873393470705727
0.0006313211663014482 -2.3464163104038682e-05
-0.0005813054735011049 0.0017465970044799892
-0.00012092248395395905 0.0014189534567071818
-0.0003310622384837825 0.0015064996940251621
-0.0014480913948650442 -0.0007606619900293042
0.0007932394779842928 0.0001325279081580059
-0.00030150705858090387 -1.6612979107425797e-06
0.00015735095839016996 -0.00031413369450077993
0.0003058471108960754 -0.0015868385594151224
0.001895615063295154 -0.0005382764410746422
-0.0009917422233285745 7.152708600108579e-06
-1.223071791351126e-06 -0.00014814129356522252
-0.0014104614367422188 0.00107304668636974
0.00204196085980885 0.0010824918246780692
0.0010766676823935114 -0.00023743263430056792
-8.6169289621715e-05 0.0003805373385809072
-0.001693575322951295 0.0003649151996949197
0.0015727580200201648 -0.0013478214307920421
0.00198798668505562 -0.0005772059973896575
3.854596567303161e-06 -0.0007460859277367778
0.00012930569260546278 -0.0008419253590023773
-0.0019942981205838648 -0.0012639081682567549
-7.552273631104819e-06 0.0024378953583827044
-0.0010258205581849008 -0.0007836959669161743
-0.0007477728928959556 0.0010532941328555937
0.0011112542269090557 -0.0010330935253823525
6.821844822447703e-05 -0.0014925722552348933
0.0014462388933930265 -0.0012139067577030876
0.0008893457506840819 -0.0006543102262138689
0.0011684781278861953 0.002659082488661562
-0.000644210501935583 -0.0001839024958331925
-0.00122686973644715 0.0001844362101687692
-0.001966556055767073 0.001050854523618505
-0.0009006160032594974 -0.0006171298279486057
0.0004043030504838723 -0.0010068339253684953
0.0007487824929768759 -0.0003361320731359512
-0.0011859451444276449 0.0019265144836872294
-0.0005542518802849679 0.001893120107333474
0.005411680881529167 -0.0009706046757907404
0.001297130493226872 0.003059772890417221
-0.0010906346071996723 -0.0001797056120956121
0.0018600247585674526 0.0002612184858768013
-0.0018172509699732116 -4.152150933548401e-05
0.001688860504750994 -0.0010290383185808478
0.0001434349110871901 -0.0005542693266365711
0.0001238818879630144 0.0010308122708342562
-0.0005500983401511331 -0.00148231952287204
0.00029725549865080295 0.0006775095405405523
-0.0001628765652436206 0.000593293103196184
0.0006837943112146657 -0.0009431085969691872
-0.0013246538114088002 -0.001305706321097807
0.001164830583764474 0.00030467127248852763
-0.000969296901155319 -0.0017399029956159146
-0.0008721511353341711 -0.0004876254180783899
0.0015346122836423402 -7.19348114023976e-05
0.0018258152928451764 0.0011445875838824197
0.002150821590577957 -0.0006007398383260034
-0.0005060395666303813 -0.0017306258034253347
3.70298502390172e-05 -0.0011666228505108802
0.0019371490287263683 0.0014719530946257081
-0.0007384326516460784 -0.0021645096938796553
-8.710829560718023e-05 0.000651475115161281
-0.0016003508347553633 -0.0015420746928497071
-0.0010980965146840597 0.0016162864706189438
-0.0009020011122090839 -0.0003942609634127601
0.000288468433659377 0.0006854962604926407
0.0029664756937594653 -0.0015625921348533735
-0.0018912500569492302 -0.0007196325695051351
-0.00021848288029077968 0.00017504970209004592
-0.0007501846337287769 0.0007232140472432058
-0.0013581923433982198 -0.00020019213045085004
0.000978540940161651 -0.0001519732433948537
-0.0018235745510912975 -0.00157775155897543
-0.00037007966737692043 0.0008617588149698362
0.00018351450702560688 0.0006434109572575432
-0.0005983983463262933 -0.00026240571325087737
0.0017017298188146215 0.0019565031368773407
0.00022084520965944823 -0.001121581993148095
-0.002372611594794684 0.000672907222811319
-0.001775375624304588 -0.0019822234305586304
0.003414449295903331 0.0008648169019739377
-0.0007735301918754495 -0.00046071293552579464
0.000998888491265282 -0.0004116124360716784
-0.0005780911275904526 -9.666847188802603e-06
8.341818319252958e-05 -0.0007946171768157879
0.001210049911186392 -0.0024806109794130297
-0.0004951889033614976 0.0013872012298852285
0.0012117000208786148 0.0008508296911737965
-0.0012880032795738133 -0.0011648121147586014
0.0004369499248283904 -0.0007359516201420598
0.0011882644226669215 -0.000595468597487958
0.0005115305489215649 -0.0016681895746669853
-0.0013442775761287461 -0.0004349034881422407
0.0010270668806968493 0.0007819378949895323
-0.0025673347229371126 -0.00041702834063229077
0.0006260940592182117 0.00024886714262939067
-0.00137392884542398 0.00023031060428984766
-0.00037294741343705097 0.0008596897187424025
-0.0003436687355736759 -0.001369656699797673
0.0023104830785538157 -0.0023282890850087616
-0.0007411093708769527 -2.596600909331645e-06
0.00036562432963628604 0.0010722562621505274
0.00022826788464930017 -0.001469409419128665
-0.001574311747653078 -0.0013118054343586657
-0.000815269520077296 0.0017703697710073029
0.002158453259050399 0.0002974022711744159
-0.0010209877850478385 0.0004409021155483361
-0.0014258185558273693 2.9016583977414777e-06
0.0016889408013350186 0.0013318888247793933
-0.0020098331589727242 -0.002073607938833888
0.0015762344154033534 -0.0022634099758212017
0.0005824617160259464 -0.001592096112989918
-0.002145894023312665 0.0011329644022317889
-0.0019387645200657506 0.001550617270652443
-0.000580821003216056 0.0014526264736692265
-0.0016244975193693127 0.00015624231831730842
0.0010684298440760223 -0.001966270339349208
-0.0003370632127907601 0.00024841307440099297
0.0004992427700835681 0.001560384507641678
-0.0010577659643103638 -0.0009888911980804398
0.0013473511019848447 -0.0013429392693996818
-0.00018731757038762078 0.0015614028837465013
-0.002739374727424787 0.0004622984661865563
-0.00015296974793342714 0.0014179719063268615
0.0006709663492823463 -0.00023721768840443522
-0.0032720561879741733 0.0009478770129290004
-0.0008721265669019259 -0.0016977887899878447
-0.0007010567404775733 0.0034023722570694845
-0.0003580619371093907 -0.0019469778633785428
-0.0014606888996066012 -0.001104087310809334
-0.0011067504380595805 -7.685131092811116e-06
0.0017002822736856711 0.0006147745344134473
0.002418309392047193 -0.0004888232220721402
-0.0003612173970589905 -0.001332149720974878
0.0012683365894480092 0.0005603459349711646
-0.002344396054139431 -0.0012875188373596997
-0.0011342318697868236 0.0017304405461654887
