0.00018107657120109886 0.00012161120766119054
0.000147459179982616 0.0002650710923831017
0.003762145898480154 0.004582260146656891
-0.0025233331133701965 -0.0015827041612968401
0.00047859502160305843 -0.0010023179439527534
0.000799829247497319 -0.0001607606029766431
0.0012357765537754945 -0.004173398681255722
-0.0001276879258806659 0.0016755838008494135
0.0016974284459132752 -0.004173735133193674
0.00026848800228645927 -0.00214223805627108
0.0018636434416294978 -0.0015046678602690386
-0.0020615907513686815 -0.0006824980091330047
-0.0011771408150065418 0.0007702950854872379
0.001959128796430144 -0.0004447524633063125
0.0024860229074642123 0.00015823171571564167
0.0010426414885427034 0.001378767876836327
-0.0004650119248488923 0.0009358300687752414
-0.0008231093671162193 -0.0004689897487390988
-0.0004476502608407622 0.002034896527196061
-0.00358178677234606 0.0006175919676821914
0.001425625480133734 -0.00035579519608746544
0.0010326870699122242 -0.0015662677358364628
0.0004983442160581259 0.0013737350008195329
-0.0002475627402822861 -0.0030978367933611646
0.0006212143540928789 -0.0013901183320017372
0.002476421099465876 -0.0005216183098859828
-0.0018006942764204037 -0.0005401960677614758
0.00023656911057686207 -0.001961396392509142
-9.242066752615984e-05 0.001881350255401397
0.0008232553387267254 -0.0012104473157176375
-0.0030279654174541603 0.0008630106614909632
-0.003028944631705195 0.00010014188852077656
0.002167342228861393 0.000608996938603058
-0.0002068964427977402 -0.0009722624692830481
-0.0021326317447116034 -0.000855791961621794
-0.00024021754183794683 -0.0007568146149952144
-0.0018287026469062553 4.567577019174606e-05
-0.0010583557822165135 0.0044314891907200685
0.00011573647389895647 -0.0029877841656188587
-0.0007477815222663715 0.0015166599310408985
-0.001920012009060118 -0.000811084881770257
0.0036684084493070128 0.003000548080486386
-0.000995860925120175 0.0023103994280173454
-0.0013330265743759138 -6.867980120218192e-05
0.00045025986664774624 0.0006262577633905323
0.001142237912732575 0.0025693506643433388
0.0008039548784124365 0.0020521392399173426
0.0006479678595974485 0.005683104133882272
0.0009931543133413307 -0.00034460906094001986
7.72096479956675e-05 -0.0012613167989620525
-0.0006316923441402652 -0.000832462059680793
0.0010221385953130748 -0.00035869777542985547
0.0007588877358707612 8.838443841893828e-05
0.0016965916770700362 0.00258148810041553
0.0015433169189833572 0.002089644043876528
0.0016317142291728394 -0.0009315661186123743
0.0006960847684164541 0.00034492141066126805
-0.00041305942982240447 0.0003173562623207025
-0.002241023343056571 0.0010915480704457592
-0.0007828319972358448 -0.0008067793079101315
0.0026910108226458275 0.00295962048657837
0.001265760933275808 0.00035417629908951844
-9.353965206481908e-05 0.0017618399446250725
-0.0014199807015775748 -0.001203976692616178
-1.530990521917349e-05 -0.002119378471553151
-0.0004629531670330568 0.0018118809487495332
-0.0023041293390838034 -0.0013760838631961048
-0.00201729022271195 0.002133367658545118
-0.0003192577552422334 0.001118131115938642
0.0015725084559020136 -0.0021030611770081796
-0.0009996065421990624 0.0008299487716375842
0.0025662899592767533 -0.00014929822911075112
-0.0006887122090004441 -0.0020447105211685683
0.002456296916161871 -0.0025098214976724013
-0.000693234206087217 -0.0006832878741663207
-0.00034224628575388506 -0.0001732447743681664
-0.0036808871642683414 -0.0004712975357311215
0.00021007294471039482 -0.0016959702860674393
-0.0012082198406391821 -0.0011196560722519769
7.961190418365047e-06 -0.0009568769830288375
-0.0019411036154025328 0.0006642857538961604
0.0013029038872445443 0.0022703595498636043
-0.0005183652080045935 -0.0014491910806417544
0.002075984070295191 0.0012551900534131795
-0.0012215371708428299 0.0020130046334747406
0.00041686457572109555 -0.0008862828990704325
-0.0007961983647713949 -0.001773307838079216
-0.00011412082591213355 0.000434446478443649
0.0008886207864574044 0.00036573635219339817
-0.0017685414322879825 0.0002530445826002953
0.00027900226520079447 0.0016365830143497324
-0.00034427724905907744 0.0006005928513119032
-0.00032536985083343707 -0.0020468251244117174
-0.00011054547386511449 -0.001006411433450696
0.0012444959023971617 0.0005379665629632591
-0.0011012763680152923 0.0029829903565375
0.0017953237675901856 0.001145969836943854
9.012037590341579e-05 4.3259378732559895e-05
0.0007313105146580093 -0.0004213146393014046
0.0003267995452007976 0.0001339935512293824
0.0005278378358611696 -0.00021456358146015119
-0.00030998905575806504 0.0017477023649733366
0.00024600428420578377 0.0026821522967373952
-0.002042011406903743 0.0012941987662103845
0.0006115882273367106 0.0004829936707978751
0.0005854440438296339 0.0030287459183109162
0.0003990872009441081 -0.002351662574424435
-0.0018637873848879208 -0.0008263857832046558
0.0008391879940391225 -0.0005795239976943226
0.0003161490643643766 0.0004975493683617837
-0.0010740807838654992 1.711039640008133e-06
-0.0008592774969300807 -0.0005455623961570206
0.00124057487862263 0.0001644274761446017
0.0013011792400340722 -0.0019750606073114744
-0.0020376340152811487 0.0011290126593783622
-0.001384294254794481 8.36394639508566e-05
0.001378175103747148 -0.00039271931332894035
-0.000750821012563929 -0.0020006838840282504
-0.00048684778000047366 0.00027060329928806976
0.0018790470044038265 -0.0019137352434563833
-0.0008359423106307754 -0.0020951802385662647
0.0018593926011558723 0.0010545295873564625
0.000263326668818254 0.0009176744690848865
0.00028173690303874484 -0.0016744152194842095
-0.0010955871694515462 -0.00026285645749457
-0.0005683314768286159 -0.0006705137497863888
-0.00035988760235024816 0.0007256689609225415
-0.0007908119083437536 0.001097538359464711
0.0004497278784996658 0.0013247077940324525
-0.0011960504073276086 0.0009175925043371127
0.0012001399423257684 0.0017796394244860775
-0.00017041469129973013 0.00011635238010211027
-0.0013926157920382393 -0.0003373989131223196
0.0005749546223718353 0.00014703318063310092
-1.9110680092002823e-05 1.4789278322657471e-05
-0.002473280496002131 0.0009531803044525873
0.0014641743802967153 -0.0020975686099061514
0.00047262628628484546 -0.0005801217346295783
-0.0005923819207218478 0.0023883517972150365
0.0013650302995039448 -0.0009413017651212141
-1.649535947994421e-05 0.002149891316174259
-0.00033519283841636314 0.0011039603850192471
0.0001899963212977658 -1.034103576488399e-05
0.00016193033485099553 0.003281812148928109
0.00019092945037578376 0.00017345053654449543
0.0007004378599526767 0.0015145932880871072
0.0005508134932877795 -0.0005786183261679831
-0.0005552186316870664 -0.0012656515675348579
-0.00012726710603985536 0.0005955149244034351
0.0005451307637299736 -6.470707699520736e-05
0.0003294680868709308 -0.0017235117093705246
-0.0003781482484106349 -0.00032758793526194564
0.0009104029004916349 -0.0015088964443368727
0.0010758877972838912 -0.0003622001382009409
-0.0003872017169958046 -0.0008546365405854199
-0.0012375235558476632 0.0008086962013582134
0.0010754789908545175 0.001325990866052679
0.0026095651858144596 -2.846277787203228e-05
-0.0016272858644826315 -0.0004975277623845693
-0.0012735175854955284 9.115412879090795e-05
0.00162978866324539 -0.0006720061443371442
0.0023498444753370967 0.0008675832553046249
-0.0015793794865326795 -0.0006736718813410476
0.0001925325726092855 -0.0017161611259274014
-0.0018832677056054043 0.0005764559496893783
0.003323552505082544 -0.0013939032601020022
0.0020408581023983923 -0.0012550743551046084
-0.00154037551237526 0.0007727007612175616
0.0015556302168610995 -0.0018816781375583021
0.0001400901091638819 0.002227612149479831
0.0016572002451671606 0.00010337118596697395
-0.0004819762910204234 -0.0006456961410397429
-0.0014247069912599309 -0.00043263168318082463
-0.0009215318862459426 0.0003126256476923186
0.0022089088010335337 -0.0005174935122397631
-0.0019036896061447003 -0.0010575475791463624
0.0013950865807415063 0.00011633557423369208
-0.0015739526458930658 0.002505243002965668
0.0002712869823486742 0.0023518937365919045
-0.0009564346901993477 0.0014951228798359346
0.0009528435015246023 0.0008964135052176756
2.680472959521729e-05 0.0017805562250320399
0.0009758264209614076 0.0017785838092676583
-0.0003184729119717169 -0.0006867317936432193
0.001597963072735313 0.0002104448480226851
-0.0013323582286072129 0.001532739839400287
-1.8126448082593083e-05 -0.0009497430367373057
0.0016067660989177836 0.0015086685323214349
0.0001929458856938728 -0.0011340139099388412
-0.0015591493870212563 0.0005584812153602121
-5.1598055108229066e-05 -0.0014400510576505852
0.00024593794541603436 0.0008456749842403738
-3.436298851639361e-05 0.0006135057917936546
0.0005406398719753616 -0.0007538657723456824
0.00022619461353718645 0.0016648824210098864
0.0004488403396667241 0.0016811060320042522
-0.002081065606886036 -0.0031473164750887694
0.0008795231607900136 0.0007763570458615734
-0.00159511454208954 -0.0003680327292677969
0.0010936005146612543 -0.0011634565117082424
-0.002660175105409845 -0.0004206036268246278
-0.0005134081438413867 -0.0012087462962467018
-0.0015336753966543437 -0.0008791051433439195
0.0006066950672728488 -0.00045653521375085116
0.0008482852104658911 -0.00204604115334977
-0.000681250163309286 -0.000886257915076869
-0.0010787984979410596 -0.0005818234336439807
0.0009757582282195976 0.0013127911636733665
-0.001812682460391899 -0.0006731678605269509
0.00289922277096314 0.0008240368456300218
-0.0003512280600213382 -0.00033804504292768954
0.0017681262221267752 -0.0006565434438644631
0.0004711641098550192 -0.002813241358706065
-0.0012508690745162397 -0.0001168420982322427
0.00039124968601669065 -0.0030211486584064253
0.0010142483892570215 -0.0005413083851064982
-0.0010358353380632089 0.002162667482493746
0.003426865498963837 0.001695872265747181
0.0006335893209958249 0.002920420817619062
0.0003645403546815897 -0.001202678437395025
-0.00036331722904940145 0.0021352154724182987
-0.0014950404502571744 -0.0012663218209347353
-0.0018343007482231489 -0.00017484508194226788
-0.002064951351083431 0.0016646543119470654
-0.002261178828821453 0.0006716791528006438
0.0006498745350254771 0.0007993467688497685
0.0003664087957773185 -0.00011707234375424528
-0.0005402913334237436 0.0009448568007603545
-0.00044199677507629823 0.00025311599539861975
0.0010314302234857877 0.00103331129682025
-0.0003077014876698093 7.013852721218309e-05
-2.919665499110938e-06 -0.0015452146381155526
-0.0014312427702118506 -0.0020859150957372443
8.215856457006502e-05 0.0007622595254595219
0.0009928015427631322 0.001752020708305202
9.76769445665849e-05 -0.003179494419978794
6.240229777768023e-05 0.0019258401220138685
-0.0001446766315075319 -0.0005398648754206365
-0.0008465671421063651 0.0007497824909404611
-0.0017153779728068784 -0.002447704929950784
-0.00013470497734910538 0.0012205771380862113
-0.0023547479835926994 -0.0004604076172827996
0.001999265515586076 -0.00040679543699540736
-0.000755970229949543 0.0005884403146093717
0.0024211756405676473 -0.0003496296814478287
0.001239505245385085 0.0005045611516764004
-0.0003947298921012188 -0.001229788629989302
0.0010930029100394384 0.00011560444781672508
0.0013425671717183822 -0.002648132689141458
-0.0001842097629936047 -0.0023009266149949356
0.0011564750249140844 -0.0007493239839338895
-0.002387344022013 0.0006724365937315603
-0.003410846206442548 6.7157379505396e-05
-0.0013519688424727756 -0.0003213626353089171
-4.123127377896861e-05 -0.001399953811114765
-0.0008247261916697959 0.0007882245173152055
0.0006073215829957432 0.0018621495274940816
-0.0016358920044274626 6.833564587666937e-06
0.00012860176401046822 0.0009382600296726616
0.0007701635012028933 -0.00015913973198677817
-0.0007495515627837395 -0.0005897810866130427
0.0011185405632379716 -0.0035032820014094055
0.0034573957931037366 7.266899597580539e-05
-0.0018317132230760177 0.0033019678195731076
0.0017788473143533728 0.0010528708658781559
0.001967316465705636 -0.00033495831162176935
-0.00041954128055334206 0.0017706895226913052
-0.0007006837723557908 -0.0011089490823744785
0.002335704180770979 0.0022062679803000877
0.002131262148176948 -0.001468834424910902
0.00266607335107465 -0.0007766315776245617
0.0022079390767137975 0.0020537933031553684
-0.0008625732950377698 0.0001242544472789137
-0.0004945038837695027 -0.0005170972781282371
-0.00043116703484788005 -0.0029087685551152155
-0.0009064598377337875 -0.0007632550853550981
-0.0013150165097584167 0.0010373174980117176
-0.0016381920419516315 0.0015799863449522747
0.0012316245185134142 -0.0018106441050702983
0.0038836261092827745 -0.0005288898914664786
-0.0010233698786971679 -0.0011410884060716981
0.0013686415288317088 -0.0006061827938319926
-0.0008321754692886608 -0.0025199582890669445
0.00010347852307339288 0.0001370043877812595
-0.000387534046843452 -0.0009829766266489662
-0.0007343076432535898 -0.0004932922682222399
-0.00155506608178374 -0.0007315262945082527
-0.002781957016989655 0.0005531646392769269
0.002164330783969643 0.00012230466888895326
-0.00042764524200576064 0.002269489514587393
0.0005425345083180662 -0.0008801671105404058
-0.0008362555676301346 5.456720157522172e-05
0.0007717230900778631 -0.0010604406747013546
-0.0021785806675714467 0.0017652428227703974
1.0548644033897159e-05 0.0029270263187889524
-0.00016842457949381142 -0.00017177600118999637
0.0008071096936575771 -0.00045727227502220444
0.0013117722844367722 -0.00025598177941016706
-0.0005780559004854463 -0.0012852593707096533
-0.0022397785266290832 0.0008555907744630503
0.0005122151127644317 0.0013691141202896823
0.0005499385251259886 0.00018239926507602076
-0.001952285254731974 0.0007446164759610355
