0.00021431940834509516 9.55572131954494e-05
0.00020319175871119681 0.0002845132499279198
0.00295047986329889 0.0028938321744617994
0.000767046101326851 -0.0003941239786477958
0.0008831703167023093 0.0021220848955392606
-0.0005027866368322969 0.0006522644479341339
0.00013603072870777038 0.0007955494713431374
0.00020578131615814162 0.0008045586287867739
0.0006210835319695295 0.00027335609839277265
-0.00020310426213236213 0.001468708105075924
0.0014767044397688079 -0.002068422526185039
0.0011673466891759683 -0.0006834542702765314
-4.553840293471686e-05 0.0007152969691506283
-0.0021702669398509173 -0.002805114790751322
-0.0016753295687104617 0.0008922635588735651
-7.341924365187274e-05 -0.0008325998588780521
-5.291086332924334e-05 -0.0007070893328982484
0.001327748376549743 -0.0024336839736864083
-0.001344841265227913 -0.0001638589368185721
-0.0007712996767025255 0.001929100775990026
0.0005081210215217739 -0.0002673442642110398
0.002097236941739144 0.00032238586157777946
0.0014924629920314962 0.000854694343764014
-0.00251376663453597 -0.001375425241653211
-0.0002779740120226832 0.0029550822683411084
-0.0004879060084206403 0.002385820448589989
0.0011517672423874308 -0.0003360019084757712
0.0024917143391273277 -0.00029754340465559266
-0.0006052280257809432 -0.00038944041646260004
0.0005946924002627116 8.24361497545135e-05
0.0023044467517098688 -0.0005998087641748876
-0.003985529961661213 -0.0006537606778136037
-0.001848955616030455 0.0017030199792717358
-0.0004886791925923573 0.0010850682069036808
0.0004866250063027969 0.0018569843672944536
-0.0024744500549345916 1.563184194691567e-05
0.0029618728993740235 -0.0014298234426665952
0.0009716184347701013 0.0009644063953298074
-0.00206438970779425 -0.002114223683764779
0.0005363117576509467 -0.00027973305643432
-0.0014201337333970354 0.000954036505441078
3.7814957203463316e-05 -0.0003711329398492723
0.0019532180438114883 0.001366259192112116
-0.0012513918215645871 -0.001204148729873776
0.0001366308701881468 0.0040469217614388315
0.0005874478375807212 -0.0008394782036419232
-0.0014547430859488748 -0.0011177313053448966
-0.0023176149736319363 0.0019944797216881467
0.0003524868027938786 -0.0005789303807308677
-0.0015784168063993093 0.0006399403978127561
0.0014363055397491164 -0.0034362909196063414
-0.00262278681583506 -0.00022111759295045542
0.0008888089947266209 0.0017625265612808097
0.0004049677345781171 0.0007399061254686794
0.0026444277648298006 -0.002155981463928866
-0.0020643762286477844 0.0007697168055317939
-0.00029350158184581886 0.0018651862328297765
0.0001236299850862082 -0.0005547513459535086
0.00040391484368250115 0.002149947399161006
-0.0010652463057813843 -0.0010585855249056848
-0.002488146967960767 -0.0009905188197305236
0.00045306112074084125 -0.00010135530497636914
-0.0001213200551161387 -0.001092715706477867
0.00044565972672293085 0.0005146793962341069
0.0006849312605390896 -5.9666772206014865e-05
0.0005027758990746783 -0.003113003480752951
0.0023806127975150725 0.0006355267598524088
0.0023082190434698694 0.0011345792812434848
0.00032936312947033305 -0.0001952064260075748
-0.0005554079732184419 -0.001908577094946868
0.002082218508762805 -0.0009570194519418024
-0.0007401943487442714 0.0004650807896552326
-0.000763961477118361 -0.0031266480214314244
0.0009606049819475121 0.0009115410511399644
0.0007800870537790246 -0.0011260430980404895
0.004356195916247117 -0.0025008903234312193
-0.0032617966003240435 -0.0005421677341207854
0.00010138756438694181 -0.0007854593591197428
0.0004120847835137628 0.0021190958432125676
0.0005092746600812077 0.0025943868693382877
-0.0006574461455537495 0.0002558360038226888
-0.0033985503631845763 -0.0010214040322473938
-0.0007873769189652139 -0.0005308250507756408
-0.0007620378538591245 -0.0023382793751700287
-0.0032455798454840475 0.0018647732124416228
-0.0023070696056944184 -0.003756862989125011
-0.0021900253476077854 0.0018110011523617057
0.0011085797009090317 0.001225649386106515
-0.0013607786463061392 -0.00011463728492829086
-0.000276387465151112 -0.0010986223845210162
0.0012255674875952956 0.0014664719466674521
0.0008487028371922432 -0.0012768102900440992
0.0014467728340919902 -0.0007010864154055735
0.0009596020795338007 0.001116141898304215
0.00025038180117184885 -0.0015558376867752903
-0.0007338159023372769 0.0011073418639097423
-0.0006948722164014429 -0.001950762347606214
0.0009160626568679795 -0.000604481185698878
-0.0009306962231489118 0.00016712001811160443
0.0015141594617455552 -0.0002599080627272653
-0.0011810778120317509 0.0014004712372331354
0.0031061005233268724 -0.0004261101628562633
-0.000861307815338603 -0.000501372255834062
0.0003386365074293829 -0.00033412650236031537
0.0006884052587064689 -0.00031722936546689496
0.0006433575431304639 0.0013735357228809638
0.0019350508457637683 -0.0015176509428169456
0.0012944508745959809 -0.00045329394519759544
-0.0001197936681622563 0.0004138654067849317
0.0013267956205091117 -0.00011118898398641021
0.0005459741978882779 0.0026133708565093698
-0.0020986943880619557 0.001125945814993532
-0.0008613078034882693 -9.64790558354942e-05
-0.0016331523814515994 0.0023582962047109155
0.001609978399679615 -0.00025649225998162
0.0019343257993180525 -0.0009904615861707725
0.0008161218023686395 0.0008043123130211727
-0.0013597903242978712 -0.0015620674531830888
-0.001270988910086414 -0.0003455764944302924
3.288294954725782e-05 -0.0008565136959451339
0.002578446568036015 -0.0018976718427622136
0.0008999810454908251 0.0007280016493570454
0.0016084854246545843 -0.0007419010007059469
0.0013167030784879757 -0.0003172131077557805
-0.00011533458767291024 0.000781536359728229
-0.0012329765538674645 -0.0014636201965650003
0.0005854404810568567 -0.002145491475585434
0.0006076465897545125 -0.0013927090122307275
-0.0015976729920657623 0.0004195554859083346
0.00037085570731972445 0.0004921762266233207
0.0002147562749487328 0.0009228574077377273
-0.0007263965054650291 0.0009187558494552332
0.00216063942426831 8.224929102113653e-05
0.0005107119167578021 0.0013314050217758063
-0.001163696700153847 -0.0014288162916199273
-0.00038198507029819386 0.00013227309627814024
1.2168589736301838e-05 -0.0005452754862152737
-0.0010852149579744957 -0.0007002411371762217
-0.0002599113885854319 -0.0017273148351381138
3.1772646728831967e-05 -0.001969895452960328
-0.0011637180041982333 0.0008833273622825086
-0.0005700352700589354 -0.0015325392103175484
0.00017705885817946676 0.0006167811677537133
-0.0013967572909798812 0.0005837786609471083
-0.001479703710758187 0.0009455791991192094
-0.00042227555291425686 0.0001247151632510676
0.000922488480224772 -0.0015486171195701482
-0.0021744615385285685 1.2598909599889554e-05
-0.000749020439377032 -0.0005922982026781808
0.002829901320966985 -0.000592811292909109
0.0002626363348565695 0.002554813871236537
0.0007171231542077069 -0.002162168985353521
0.00125174328379577 -0.0013881471668811525
-0.0006871469688778956 0.0002889205214434725
6.982696860718891e-05 -0.000634045739138327
0.0008111593974765395 -0.0012335580560365491
-0.0014994735019131134 0.0007608384952381645
-0.0011110428767171132 -0.0022390504129493755
-0.0007735218185679457 -0.000776962908979766
-0.0003630526650945435 -0.0014337819688825509
0.0006239229958205551 -0.0002492755823366745
-0.0005218240697074345 1.0581957670006338e-05
-0.002471564115951404 -0.0018499682303893348
0.00023361851673215104 0.0006480467321631175
-0.0006631047568994197 0.0004962717600908199
-0.0009330201544767062 -0.0027861382142334596
0.001127974995823327 -0.0006849357226116281
0.0009128117770879163 0.0010384854697233594
0.0012435876089163184 0.0006194776617284051
0.00011492969811625615 -0.0027465601118241297
0.0006913298876307302 -0.0003084617788250743
-0.0019125040310393466 -0.0011032514613608907
0.0013953744435303403 -0.0018732626078855202
0.0015292345721160444 0.0015612534190050779
0.001072392369241443 -0.0015394177705115798
0.0006677948676369754 -0.0011528961760444913
-0.0014425812098758741 0.0012111993882710128
0.0006743896171628632 0.00040574968568732464
-0.0006574238771215458 0.0018982391645435115
0.0012564389881566794 0.00014644917842295753
0.0020434273039077 0.003018529708833058
-9.352043366801484e-05 0.003318775035637655
-0.0016538056892392984 -0.0005239763919708048
0.0009052063727523111 -0.00030930733886258045
0.00019119363886065737 -0.0015555070540784757
-0.00016911571828062043 -0.0012234699173514683
-0.0007854497135352655 2.708840639742203e-05
0.00023828727924831474 0.00038152439743640063
0.0019696291036420408 0.0010406401342568723
-0.0008482631350265541 0.0025842983226238405
0.0031479943141742694 0.0004618927718309981
-0.00027231473570800044 1.882119975607478e-05
-5.696890679244384e-05 0.0024863206194744502
0.0005204867808385802 -0.00017732719817383457
0.001357445473931688 0.0008765252362205035
-0.0008767321220898792 -7.67677126587218e-05
-1.729528159091665e-05 -0.0005832852014866743
-0.0007481663541944716 -0.0007025436728307738
-0.002081721920312055 0.0011603035146486463
-0.0009454794047782874 -8.471017649512594e-05
0.00258538145545512 -0.0014263606555850379
-0.0016624979827581645 -0.0023115928021875025
0.0010169560397330804 0.00048113234022765405
-0.001352129135673736 0.0015023111557818482
0.0004597892158150496 -0.0007582625767164802
-0.0006806020509071285 -0.0020366783158517316
-0.0011188409969837903 0.0009217666208763579
0.000512123228233141 -0.0003210459846296713
-0.00019462271072650522 -0.0016854179505138348
-0.001125486035346871 -0.001777690872930528
0.001724384800717588 0.00202710897922589
0.0034025176908640993 -0.001592258911864247
-0.001677409146730691 -0.0007475512322312204
0.001294727931295681 0.0008044254866787514
0.00042831858552635306 -0.0013096496411821236
0.0014625697000286383 -0.0011265562959164271
-0.0018524791934532371 0.0019373977073036276
0.001317721990861883 -0.0007605076647870899
-0.001218277328551833 0.001249162517654091
-0.001543979662622278 0.004310793649104016
0.002890354549113387 -0.0011843455169376687
-7.273844237030377e-05 -0.00019285669504648335
-6.556060582657554e-05 -0.0011449514370089969
7.990536661352246e-05 -0.0002961721745934345
-0.0004445376534556258 -0.000610049510324664
-0.0006699853714851912 -0.0006594313322458349
-0.001453232027037944 0.0018016901306565592
0.0007753712647061856 -0.0006570218661171306
0.00145135990887287 -0.0002280756271209056
0.0003369085489891348 -0.0012854305032752227
-0.0004297511249710107 0.0017290037642515286
-0.0008648643991833597 -0.0012426532760204901
-0.00022754090353899607 -0.0008631773084487633
0.0006011238884420728 -0.0004933701557799584
0.002067749044773172 0.0003439913173957122
-0.0006601851066225303 0.0007757486868315071
0.0007052026292197928 -0.0024216899420212027
0.00030311811282536565 0.0014373380105946784
-0.002480333874987555 0.0015590787797619865
0.0004125308240863589 9.44421524907754e-05
-0.0016426175855129596 0.001700914419137107
-0.0016902995341485365 0.0006756431258990599
-0.0025524078377219582 0.001555119144028231
-0.0006618738391554368 0.000408960181742503
-0.0026091791639640516 -0.00022932293485640194
0.0013408328728019444 0.003139684366160718
0.0011032882672471118 0.001268911221096703
-0.0008411036670124299 -8.521228223301099e-07
0.0007728530931935986 0.001968954239372224
-0.00015540108179101135 -0.000768738275952241
0.000824911256643432 0.0009800630551232955
0.001194030549402672 0.00256285878828623
0.002860114216700562 -0.000535384942514967
-0.0014774379332501359 0.0007651164102741133
-0.0006435556155667177 0.0030937623509862634
0.000492043760382377 0.0016487758581468003
-0.0005980084046817918 0.002945573379190436
-0.000748018822405098 0.001462192628749331
8.307445742458015e-05 0.00027876058556305943
0.0028315837439502355 0.001185895166062854
0.00019763016317195052 -0.00012704609149551658
8.67622739035109e-05 0.0010108924410458344
-0.002692696753368735 -0.0007227317522794281
-0.0001591140284215251 0.0015821004307202287
-0.0009902907357628669 0.00046332177052240656
3.0769656790723455e-05 0.0008507153574457232
-0.0018688918575537534 -0.0012510486114244517
0.0011813224682383577 0.0002637601232728019
0.0018364102836525619 0.0005376258549426743
-0.0001353693255082893 0.000817288117018801
-0.00010457568179807069 0.0006357312363651
-0.0018008122597859171 0.0005654603728903145
-0.0006011911400858066 -0.0008037265897626066
-0.0026114148212363977 0.0007632809331155739
0.0013426087513891446 -0.001177767354478985
0.002612875656352665 0.000562253495009499
0.0025329759275926713 0.0024541604598822316
7.484156447953551e-05 0.000747701043211123
-2.3365379433582858e-05 -0.0002624211359729161
-0.00038514941226125784 -0.002262338575859137
0.0014339805867351566 0.00030992439414380125
-0.0019286309886088272 -0.0014308450131557547
0.0005125095916750068 0.0009853076849963309
-0.0021355911180904906 1.5706354408932562e-05
0.0006460991357103441 0.00013925618499332143
0.00031312185723002457 0.0005917754446325198
0.0026307601670422704 -0.0005513678916384818
-0.0005089620906147636 -0.0009005394709963588
-0.001396867827766768 -0.00020646059744348802
0.0006725972942131938 0.0004875329932461453
0.001261692523274815 0.001156121639704422
-0.0018095190331001028 -0.0008580481795218265
0.0017565041984225023 0.00018292951942999847
0.0010728448886819307 -0.0013113047273650771
-0.000248486182656835 9.07089606208444e-05
0.003123467901169642 0.0026092374773021123
-0.001729156356030387 -0.001518826392929109
-0.0007714273849221662 -0.0007575078027449258
-0.00015880796279633486 0.00016074683818841494
-0.0025382799513469453 -0.003522070897488781
0.0008201429644693423 0.0001227463805004641
-0.0027859564527143977 -0.0005364604447549935
0.0008840909858186417 -0.00019323906163930162
