0.000116986045438917 0.00014164088584789824
0.00015066275918305502 0.00021292751616162003
0.004903088862652109 0.0032994263216445593
0.0016719381406603653 0.0023365350185116044
-4.5278328777733604e-05 0.0011810851465438588
-0.000597502328396179 -0.0006706460571720034
0.0010933768526402317 0.00025377763427568406
0.0011529149023474458 -0.00010895762688601541
0.0034378450621759737 -0.0011268656342781854
0.00045995982090188625 -0.0019649022929075733
0.0021209007299520517 0.0017061189173696691
0.001876375581875685 -0.0013849849359716577
-2.4163087274231613e-05 0.00014846127260021637
0.0009849903567026271 -0.0007938589183439115
0.000591603475538634 0.0020819075576261436
0.001123681144937503 0.0008766144004670799
0.0004978750395427563 0.002649304324681128
3.118413258243968e-06 -0.0016096881047229722
0.002017184607458701 0.000688454229827001
0.0015657689704266693 0.002064258136381784
-0.003319680768096563 0.0034578395458041825
-3.8652114722866734e-05 -0.0029879795022336947
0.0029199492711621707 -0.00020434385074960242
0.0019856851876060588 -0.0020447221730750015
-0.00041347008327184177 0.00031002345297965973
-0.003236063575278651 -0.0029749979981314517
-0.0020979549207001394 -0.0009880361243138937
-0.00018006874168733663 0.0005441717377236731
-0.0004229368027421908 -0.0014670157006739647
-0.0010616836515638132 -0.002662758221786041
0.003382920317457814 -0.0011801859212242703
-0.0006633949563324559 0.0004534951068509316
0.0009292637595852178 0.0026342628698795556
0.0016298301245834526 -0.0012838104612447761
-0.001392337838579166 0.0028827527976615906
0.0007412205006176221 -0.0013247958827493989
-0.0004950037665183921 -0.0009053939525875324
0.0035426698560002464 -8.029076704399393e-05
0.0013024156760544365 -0.002843831708892214
0.001532864226903248 -0.002042198896591822
-0.0004080808084513637 -0.0024203677116297014
-0.0011435751603541507 -0.0021674222582525925
0.0001449572517522692 -0.0002490382452320502
-0.0003468847551905137 -0.0008921567897113087
-0.0005056296702532012 0.0006471178206098233
-0.001573677153700424 0.00025071931099947373
0.0020071111263766394 0.00033376620599327944
-0.00036900572086438755 0.000336698868360223
0.003057049571906977 -0.0010557996096430982
-0.001704237959884057 0.0013275200574367528
0.0008781903281288754 -0.0005474901500913959
-0.0009481620259655453 -0.0014506776538789395
-0.0003358254622892187 -0.0014401259952821657
-0.0014266099278728473 0.0028510921910366374
0.001464476715848126 0.0029981636631015033
0.002916770454570856 0.0007305577896150845
-0.002421391553349128 0.0011563593258006458
-0.0007383967250081468 0.0007597057832597112
-0.00013290060623662221 3.6968088141859834e-05
-0.001742377488269169 -0.000271103395485304
-0.0008690303619893668 0.0003960668427975402
-0.0012492643988803015 -0.001594180717489862
-0.00022504327740919606 -1.9554690629102842e-05
-0.0017257730562550981 0.0008474308288946533
-0.0010458738638150875 -0.0024501264851811205
0.0014302879891830774 0.0007227177047876355
0.001364135666480838 -0.0015747560085040474
-0.0017269264010546471 -0.0009177996092401756
-0.0013991158700720615 0.0006522016199154186
0.003634902524275889 -0.0014808791012243183
0.0010249911365322758 0.0009649303601313358
6.862146376133622e-05 0.002311678514264701
-0.0007116422424196619 -0.0023100202645475994
0.0017887667065084767 -0.0003629367565532388
-0.0006399584778868401 0.0005528376668023953
-0.0005310188644146311 -0.0019820271748185276
-0.0035448513432397304 -0.0001551654879133606
0.0013100927986754499 0.00011761605459054355
-0.0014673477381974781 -0.001782673800587625
-0.0010755378034109585 0.00031621729705812456
0.0019056814303423308 -0.0009340917708671509
-0.00041675740385135234 0.0015285120618967172
0.002188828275691312 -0.0018709050585321353
-0.0021162049809072005 0.002319111249516311
0.0009236776799925059 -0.002070423220014416
0.0010320690637041518 -0.000824297123701171
0.00046885910387611823 0.00010450379015820509
0.0016117920931716225 0.00016405317220480898
0.00047248601189573536 0.0009081108723029061
0.0016463970956206691 -0.0009476333782894216
0.0005552191322510096 0.0006934180304568928
0.0025096482165743767 -3.66059258213436e-05
0.0020191259889993283 -0.0008830107673791862
0.001927385536391079 0.0018796246177261936
-0.0013502543774415732 -0.0006495824276727572
-0.0018084332184312832 0.0010486341641730895
-0.003336955652912887 0.0006733564833956495
-0.002849542058540888 0.0021078389434920726
-0.0006838073394293088 -0.0006863806739781083
-0.002880827160726851 0.0029175129011009522
-0.00021546613171270494 -0.002213516034745645
0.0017357522265859324 0.004009461296123583
-0.0006319462105653723 -0.0005424267809880607
0.0008115908946865019 -2.507419082855077e-05
0.00047705423459316524 -0.0005070810840146846
0.0005535952045696155 0.0005288776950464994
0.00025578354177977327 0.0004238473894929196
-0.00041482282411446555 0.001523555496968853
-0.001760959452312478 0.00033381541788152723
0.0026249508947630796 -0.002290757995008629
-0.0008686511066819221 -0.002731267998302925
0.0017443123952257083 0.0023070118885338674
-0.00025779196237562017 0.0009083675178467562
0.0023166089123593833 0.0025442182344569664
-0.00044368558407198477 -0.00031443531948360446
0.001802523396211453 0.000175711752211644
0.0008218680220951238 0.0021473946406464976
0.0006605159852252277 -0.00016124794586181687
0.0008533087427480386 0.0005561272587248192
0.00013320270236820466 0.0005243134630966369
0.0003733854485227212 0.0009555632237983094
-0.0010912814306782426 0.0012515311073263184
-0.00045522412451287023 0.0012949580437404838
0.0004574842589327326 -0.0007952916840392818
-0.0006987369606093702 0.00018748881210637632
-5.085055029322846e-05 -0.00037929454643817294
-0.0015756528165478388 -3.1103072797668654e-05
0.0003312703167136124 0.0009639534011240743
9.454952453840053e-05 0.0005116764576894047
-0.001540156873234022 0.00044565845285259254
-0.0006710144959991031 0.002694529496526864
-0.000720982773591993 0.0021314426806826976
0.0002870870728942463 0.000708901741138488
-0.0011285197028264055 0.0009603908167718858
-0.0013982656030082246 0.0006005289263119741
-0.0006555643986817944 -0.0008234357058912455
-0.0011688466153166315 0.00180369041216673
0.0013522574288481457 0.0005588927475745444
0.0012622845751659583 0.0008741669540504507
0.0011821038875448092 -0.0020134298504881436
-0.0007199659293864254 -0.0020612390157992784
0.001523771956607003 -0.0003988746836502663
0.00020194144895637308 0.0021381163369555453
0.0019898662058439836 3.1142200652727575e-05
0.00235597314134401 -0.0008471582575730297
-0.002983326004722501 -0.0010717185875404212
-0.001271052143428926 0.0012659820737222216
-0.0009695484971738351 0.0020474593367570274
-0.0015213995835413501 0.0005567779980293362
0.0019157226920357804 0.0004649064052971556
0.0014324133431622582 0.0008992784841201845
0.0001695765927669692 0.0005528123531244131
-0.001436720338840849 0.0035811056892922372
0.0007385778640223295 -0.00033976555326523924
-0.0005156741602183655 -0.00021833243115393158
0.0016411764908278474 0.001201005253636918
-0.0013107439788412616 -0.0006314587089272256
0.0006917498413333706 0.0003337189440130864
0.0013555872749046345 0.0005237578725754488
0.0007394937624467846 -0.00040074872333957143
0.0018618964406592762 -0.00023018821996831845
-0.0015131146109373442 0.0014945795904598392
0.003806008465468019 -0.001131025496481571
0.0007170588255808815 0.0009847474517140518
-0.0005120326060040652 -0.0008605997525920188
0.001598584009121633 -0.0002927004774073028
0.0024038501089525366 0.0010748019065395375
-0.0006631513243577193 -0.0005433970039181804
0.00018629533675001872 -0.0004023763986178345
-0.0007079840049508109 -4.8563769273379205e-05
0.0011900331520791182 -0.00015640006557386937
0.00048779169516171373 0.0003294615125560763
-0.000599799812970771 -0.0007514313868959407
0.00011280343122929253 0.0001290806754916819
-0.001238507182834463 -0.001668989234539052
-0.0001210899784569295 0.0013270732429157702
-0.00022514550647359782 -0.0006059384928795126
0.0016029476569236823 0.002109584750101573
0.002505873967812936 -0.0008160217113153632
-0.00026057043281028214 0.0017167861025583955
-0.0005061736053508121 0.0006976868583423553
-0.00024325454026361738 0.000483015251254363
3.821849569984659e-05 -4.311121156789385e-05
-0.0016372963484660471 0.0013719708752475822
-0.000984996929407203 0.0003269144682373207
0.0012404144959646311 -0.0017347850526287564
0.00014695367011970228 0.0007132820410654878
-0.00028551800895025564 0.0007713440661304299
0.000703864935717452 0.0011231548703065448
0.0005180847390619247 -0.0009491792895907123
-0.0001659415289937358 -0.0006177277183110078
-0.0004050581300315651 0.0009086539076489727
-0.001441740479037124 0.0012044677501906714
0.00045715149014283603 0.00035166491156500324
0.0015818587821583097 0.0001604451643643529
0.0005935856384011792 0.0006699128340494296
0.0004515844616948398 -0.00032633066752631493
0.001333868883030305 0.000512605133547596
-0.0004971280865504732 -0.001977596990508722
-0.0020137988901767086 -0.0013493800931667723
-0.0012095641299144178 -5.7813289531426195e-05
0.0014375837600670537 -0.0030427757715046576
0.001979102910225679 -0.0007671791380670835
-0.0005927866601972119 0.0012571671667204662
0.002895471193113154 -0.002295232106226662
0.0005340835117586327 -0.0019259667162771802
-0.001677234969021792 0.002249811285045466
0.0007453624607869696 0.00013146074354351397
0.0009281486451997069 -0.002026687215648505
0.002808449273464992 -0.0018041492278446883
0.0007276371119012291 -0.0011181588812187455
-3.0855765599632155e-05 0.00035987291112903996
0.002420535386522294 0.000286243131800342
-0.0013726484309293627 0.0038788973865204208
-0.000926706169967093 -0.0015042532485059598
0.0033712449009510015 0.004238228900553373
0.0016651808553834876 0.0053695798189397894
-0.0002517935497997015 0.0002142684394147279
0.001566696963849621 -0.0006474527791208776
0.0014464235559235267 -0.001121134569676994
0.0017089617379013602 0.0002742327138446949
-0.0011083848584523513 -0.0005569122103320088
-0.0005409263476759481 -0.0005108558216564963
0.0010219694713540705 0.0017709620902053803
-0.0003175187678609407 -0.0011492515643642665
0.0006902565821167063 -0.0011635194753225192
0.001862948427628494 -0.0009026613586416668
0.00018687124185067845 -0.0008541254567416804
-0.003099615297259756 0.0005566489391905277
0.00271133236917824 -0.00033180488353396365
0.0012038089303950692 0.002230714550004608
-0.001260336171384477 0.0023186352525546954
-0.00013584375281693454 0.0003021156973073721
-0.00015007826952687545 -0.0006669478478839474
0.0020166396906107914 -0.0021808805428641807
-0.0018402055148958568 0.0001323298569974671
-0.0006955966380669393 -0.00038851487345909456
0.0008290712748624401 -7.003502744496872e-05
-0.0009795356035097536 -0.0013373268921313848
0.003004954459287581 0.004076691858910923
0.001324941507452664 0.0005066785339841674
-0.0019312469028060783 0.0010128276176933446
-0.0003019609754646752 0.00090048709509979
-0.0017953866603322138 -0.0018844258437031832
-0.0020809537423033143 0.001116032869473299
-0.0009703228133443965 0.0018753189480925129
0.0018952224662958 0.0007764819247082428
0.0027675953074166285 -0.0015037996014995003
0.0006991471099097146 1.496281514555088e-05
-0.0009230731089304979 2.943425426237593e-05
-0.0016109050160443008 0.002148977608558475
-0.001577556961561664 -0.0010126670092892643
6.291946367536962e-05 0.001281404455970649
-0.0002829995743219404 -0.0006639814116425113
-0.0006217891121136995 0.00026148340813546316
0.0004317366160378069 0.0013334546352568313
0.0007777342363301189 -0.0007859824746743344
-0.0014035752479294112 0.0005233045838709471
-0.001174209127196787 0.0009905124712035226
-3.625638941060037e-05 -4.114265448301568e-05
0.0007736972152786768 0.0009907953606085804
0.001277686474752498 -0.0001382767954136526
0.0034144226087936646 -0.0009986988198228451
-0.00019727368727706664 0.002437502347099935
0.00066574058808221 -0.0015967380507415378
0.0011341507836528635 -0.001734501537294018
-0.002185188363197637 0.001165377580391357
-0.0006603391109716525 -0.0012659911511298855
-2.354438113873311e-05 0.0015505251239024134
-0.0025729713065773996 -0.00018088097334716346
-0.00016252037468604194 -0.0006291448034696322
-0.0007074555739827034 0.00044679998439096637
-0.0007361216611431983 0.0004283494950597644
-0.0015662483079465197 0.00010965704216034275
0.0014338463848896385 -0.0031928309111487274
-0.0029203561888795975 0.002717872879131636
-0.0004600731336715872 0.00022875363375808892
5.753533256602703e-05 -0.0009729601490215901
8.63208451128903e-05 0.0009770765409613305
0.001777206242489249 -0.0010723496074163158
-0.0004782530431312921 0.0005091152484725316
-0.0018489130915873926 -0.0007875577996232344
0.00027038080504610966 -0.0001698999776934963
0.0005452301924369821 -0.0010277009026631598
0.0011320280777686548 -0.00010422947678575405
-0.0002588368806502664 0.0005127248753445545
-0.0007837757007968262 0.00035816779068465794
-9.439300740700069e-05 -0.0010534122120564992
-0.0009603878370392659 -0.00023146611272102942
0.00021322679785056384 -0.0002410847097757684
0.0007630249267445858 0.0011376620629337671
0.0018786262878759433 -0.0013015994504044224
-0.0008627245107490459 0.0009592242698605948
0.0006012427844107836 0.0008910069600865206
-0.0008497487637205536 0.0003368280861065872
0.00031280972451297847 -0.0024891548877833437
-0.0016115723141295504 -0.0013503867976919234
-0.0005016005795932031 -0.0008780892910657106
-0.0005921257268396156 -0.00035417751596544643
-0.0009026710859217387 0.0021208569633948166
-0.0005478244622737006 2.7272640442984218e-05
-0.0002832210728657227 -0.002997473950533219
0.0002681517312791965 0.00029906026790799177
