0.00010946629550732214 0.00016141632786256137
0.00018305135560658126 0.000279094983404315
0.003347781952961114 0.0018948224020455158
-0.001679703655849182 -0.0008136968995731892
-0.0025441444116708336 -0.0009626451880936908
-0.0014999726003153161 -0.0020042394419060704
-0.0012157358928718226 -1.2398827944124022e-05
-0.0033169710528060978 0.002002626088572012
0.00020010767908734274 -0.0009246246598759946
0.004872044944995129 0.00014491843494886022
0.0003463443295240507 0.0014221178411614975
-0.0009876217848190012 -0.0017396945942576478
0.0023882206608361075 -0.0008978281477043216
0.00020208308033243787 0.00014206047543856553
0.0011428496004396791 -0.001595303429187012
-0.0004303554913778587 0.0015765826604176342
0.00010217714014818205 -0.0013501142420555684
0.0007280045878403965 -0.0003207293278706842
-0.0021052414221357204 3.052765234046425e-05
-0.001833700706635588 -0.002318048171100364
-0.003738914767073936 0.001535535913807113
-0.0019150056367091975 0.000582012680916108
-0.0003459179293843577 -0.0012620312888300715
-0.0007436489479228115 -0.0016033857277428809
-0.0006875001132179536 0.0014505547653563167
-0.00290248763225373 0.0023564117187999632
-0.00011205385685293801 -3.28672240125792e-05
0.0010430037265064707 0.002771173805780907
-0.00022192866618600014 -0.0003452687719985564
-7.951065154230076e-05 0.00044863465742029474
0.0018705693143081284 0.0017016189517526153
-0.002539837093304354 0.002430531618341811
-0.0018419071363898675 -1.526150915780998e-05
-0.0034073734103952365 0.0009366149959574567
-0.0011431169251955788 -0.002173578436240549
0.0007458024538346991 -3.195995424596516e-05
0.0009130725297899925 0.0006245838090513
-0.0027789409737041335 0.0001914791690273775
-0.000735651387201462 0.0016568358121605913
-0.0022623479196209047 0.0032675235323655952
0.0029037281643394764 -0.00022792561536634972
-0.00047417551926327357 0.0016872132436768954
0.0015721106731418073 -0.00342763093105264
-0.0019673567258771223 -0.0006705880681687118
-0.0020810474324893763 -0.0017785050577053207
0.0003293639254647207 0.0006119211946264249
-0.00048496976662829993 0.0003205485845616307
-1.6982912491083356e-05 0.0015494720805906837
0.0002943254649569008 -0.00224506520141714
-0.0008053127580266581 0.002058719841853695
-0.0015469257481678606 0.002535993847475314
-0.002277949719519671 -0.0007648963554686411
3.1623131993673666e-05 0.0007944041559412631
0.0009766887727738066 -0.0013610268076551756
-0.0011959686211738213 0.0014763016883385478
0.0005825873699114746 -0.0018635322885011845
-0.0006226079583274427 -0.0013352891133423862
-0.0002987007866120858 -1.5340053195773333e-05
0.0017382631134177935 0.00036078601394164405
-3.59527211362854e-05 -0.0009012422730859149
-0.002558034422267549 -0.0007997077515469692
0.0014373944951440916 -0.0013081644144506323
-0.0005938725462108468 -0.00029472805496105005
-6.280470749356496e-05 -0.0011391373727189747
0.0006286629009468385 -0.0008439653560289782
0.0009846052087757959 0.0006437247008709522
0.0008989786386908302 0.001409510193022204
0.0007319962770889864 -0.00029542083590523274
0.002355480568286793 0.0009235455667614328
-0.0005957460697012511 0.00018754286003165726
0.00038425013888420274 0.003380591363171993
0.0024947619625038287 0.0010377839286155347
0.002180803189133987 0.0035766939470216553
0.00034011112700729664 -0.0014303394341580367
-0.0003650496455105272 -0.0005625952734415518
0.0016910862020378804 0.0031384919345765617
-0.0010455751991212006 -0.0013640594191803327
-0.0006028999089695224 0.0013492495200152614
-0.00031776118878141634 0.0014822531595695126
0.0018870536535924721 -0.0004652508279924735
0.0024091483825880865 0.0014681717369759803
0.0009521415335299506 0.001587760160898843
0.0011001912920966985 0.001577032030899604
-0.0031859127256306215 -7.951654970438069e-05
0.00042660412625490987 -0.0022624191393063498
0.004174149252642596 0.000945826238229092
0.000568530417423851 0.0005456218387744759
-0.0015528405653191673 0.0018933905955326304
-0.0012641606779723905 -0.0013414526881565803
-0.000984156420934458 0.0009056849575053548
-0.0031793551260800488 -0.00274221034830123
-0.0012991371259637213 0.0003764969355672304
-0.0014723790692058591 -0.0016432496102998246
0.003193024859253828 -0.001723136383498916
-0.001562604057684608 -0.001021873101789226
0.00015222511297525453 0.002664054281774792
0.001231426891729492 0.000698930322017361
0.0005098735333159459 0.0016634234099778859
-0.0001817752232281367 -0.0002690393739362315
-0.0009835936323527453 0.0028739236501122397
7.398857333519616e-05 -0.001264668639651806
0.0032975919970080676 0.0018866214419419232
-0.0006255088054981134 -0.0012075771169365774
-0.002508311304178606 0.0010284589896500734
-7.179309740935682e-05 0.0004612957353691976
-0.0005469613570118509 -0.00024385395896781275
0.0001997218309227288 0.0022575300864735625
0.00029272025335648803 -0.0004827715170725696
-0.00030334292456390895 -0.0005894000966504206
0.002413787029205443 -0.000946666536654655
-0.0010756141722644379 0.0007097436936991748
-0.0005433116449798545 -0.0008795127784012432
-0.000316500874789065 -0.0005974873597487762
0.0005518048767193714 0.0012792049407222919
-0.00017612073883733245 0.0011555823323551476
0.0010426395512977997 -0.0006198914447284853
0.0010474733619579002 0.0015900518264181484
-0.0006419380688969211 -0.00198122277865857
-0.00019939137088570728 0.0024553632255600506
-0.0014625169913545593 0.0008587177845906961
0.001257234867818656 -0.0019629151008872547
-0.0012365375222811827 -0.00019284006377204226
0.0008199565652567768 0.0011010252768141905
0.00169928064839738 -4.364942705301049e-05
4.3162370852389695e-05 -0.0006205434622482654
-0.00017990882641132576 0.0008852197674289024
-0.00033892188539073973 -0.0007966880149429252
-0.0009882313042439699 -0.0015640756961065334
-4.86181721097034e-06 -0.0003952922846336578
0.003283367415414786 0.0009376519117368477
-0.00018110039945160483 -0.0015720620449556236
-0.00037722733718439444 0.0018485119081786813
0.0003059407418518976 0.0008107363334018319
-0.0013081355956086412 0.001362735672227352
-0.0012967980658702436 -0.0020020798160902326
0.001991966686477488 -0.001208935958375742
-0.0010939744719425687 -0.00033964567852517086
-0.0024512985460416335 -0.0026863290127938336
0.000614692172270205 -0.0021880446295497614
-0.001417825388136301 0.0022999456643101883
0.0007137757089763114 0.0006229927815893609
0.00023820088713255054 -0.0026962687450759865
0.0007295058818141 -0.0009088319132684163
0.0009391174654074644 0.0016830866173817402
0.0019305409064039139 -0.0004141288069577297
0.0003148403999977017 0.00042067185961125843
0.00015518603578519108 -0.0024469870524743025
4.3836123730317745e-05 0.00040624539872522825
0.0006687563359602786 -6.636205688617147e-05
-0.0004443610578866076 0.001101716871622378
-0.00043230354743468725 -0.0002979651550704458
-0.002135919584549927 -0.0003274718627628942
-0.0003282300427136721 -0.0003651840791118537
0.00047194796858807304 0.002799918873443504
-0.0009997885583677823 -0.0003110791360803063
-0.0011772682381704857 -8.162706305174479e-06
-0.0009833079279243902 0.0020855343223578422
-0.0017134711718951425 0.0005367358214555529
-0.001954258363871905 -0.00020421199605976558
0.0004632250109327578 0.0015682121409690006
-2.8479638914060726e-05 -0.0004124788453479508
0.0007212613713138186 -0.0003409589114430251
0.0036434190359137296 -0.00041466363415698404
0.0006457968262499384 0.0011688231704563845
-0.0006580251690251536 0.00100590258674288
0.0008136618170946016 0.00047284695020943795
0.000739397939465665 0.001346578178990793
-0.0018320316468099934 5.012607397087473e-06
0.001472561893938609 0.00046338149863128927
-0.0026259834397064164 0.0013254163360275062
0.00022282255864810603 -0.00036033592549383075
0.00023516881996324193 -0.0012313660413497084
-7.176091371998415e-05 0.0013179811680578287
0.0017388700371812605 0.0016326453549326046
0.0029482004619559954 6.109262012715265e-05
-0.0013820991239942007 0.0006771980766152109
0.0018311316435167574 0.0017643698821770196
-0.0013480690314039596 0.0003119515024748042
-0.0022295511485490582 -0.0004489392488040605
-0.0005833355089616993 4.281099653131252e-05
0.000671673476487996 0.0011318818269855408
-0.000484325068206464 -0.000687589750123765
-0.00017522491062547008 1.9762333109999675e-05
-0.00025607707393321 -0.0016598338724289436
0.00047045445624495255 -0.001893120192523434
0.0003598571898049665 8.15995519203754e-05
-0.0019553424476706016 -0.00087164024817359
-0.00013484789441430307 3.2561998997367626e-05
-0.003343375990868825 0.00028529399501144525
0.0010587987126837825 3.7391389623593387e-05
0.0022576070934348658 0.0003889808821028101
-0.0008936306777502142 -0.0004800466545118554
-0.002972867327268865 0.00018922237760440644
-0.002558679716381394 -0.002020464959791157
0.0007827304339774586 0.0018376713424848514
0.0009962382324883708 -5.335486597253974e-05
0.002519926801840963 0.0009400791121098644
-0.00017578723884023413 6.263817377431554e-07
0.0012753018309876627 0.0004517135501446781
0.0003547357006766667 -0.0024584875540664803
0.0018696209045776407 -0.0025357018783099565
0.0007114328305752321 0.00044527955419598465
-0.001491287031836897 0.0007718097481860705
-0.0008963349965173563 -0.0013148545847671178
0.002636334107511341 0.00048459941948602784
-0.00035427425644019993 0.0004022885376175058
0.00020150715575302131 -0.0010491946389335368
0.0018176446921517242 -0.0012469350030588024
-0.0010145150334567455 -0.0014367930760926782
-0.0004959525256217983 -0.0003701609710437565
0.00011049014565331459 -0.002575748727462682
-0.001970962025045265 8.981870107867542e-05
0.0008390581246417137 5.350770943396552e-05
-0.0010969051315588994 0.001620758055110399
0.0007323226109020683 -0.0002585318466893591
0.0009677507146920237 0.0002910680789464695
0.0017286502980144562 -0.0006231971920257807
0.0003949568721181316 0.0012368222563466358
-0.0024354240947754495 -0.0012024857648175672
-0.0016910939409186258 0.0006579613380105987
-0.0014532514476909265 0.0008162046679696228
-8.661746029794296e-05 -0.001120160639518062
0.0009848325437118827 -0.001249531734965499
4.055995364321086e-05 -6.789196179418209e-05
-0.0008421783797990814 -0.00021226267889607223
0.003437358479779188 0.003062112338407961
0.002031691454506044 -0.0005552903806623633
-0.0010624635136095495 3.627087600844429e-06
-0.0017123899104443665 -0.0003862745459494076
0.002329800025338477 -0.002793062591480565
0.0004910744889176433 -0.0014406183783752646
-5.1176300828224106e-05 0.0010110105802989835
-0.002041956564469556 -0.0017246798168437803
-0.00030661202236074335 -0.00011758317910747484
-0.0027205136972449384 -0.0021016826612037295
0.0019954395534228834 0.0006289015053920617
0.0002882527705065234 7.742974200256104e-05
0.0015921033902069413 -0.0002736212457836659
-0.000523436133430612 -0.0009810931306411977
-0.0018505847809068422 -0.0013996474269988549
0.00028488201951273716 -0.00031458758802942774
-0.0005989021421763321 -0.0010307692124113524
0.0006021509984897022 -0.001130407453179492
0.0029728029934556173 -0.000310708374423014
-0.00113525093232178 -0.003177484092950742
-0.00015879515959764626 0.0003544649499530008
0.00026369155227542893 -0.001560120515878923
-0.0006051985540450308 0.00013268297637105618
3.214049150080489e-05 -0.0005841979655784627
1.4552067839147678e-06 0.0013207962926030797
0.001412517280287579 -0.0016862507121076615
0.004200088355816648 -0.0013392862359223215
-0.00021556834555327875 -0.0008916211368691796
-0.0015795382949025378 -0.0009474806956771913
-0.0008317091769650247 0.0002790532492959545
-0.0007853313695089294 0.00012586953489803862
-0.000701752029442141 -0.0007527253831061246
0.0014679969557268523 0.0007385095382360502
-0.0016891434816878727 0.0004896620991828612
-0.0015541611221370026 -1.950998863251823e-05
0.0026173354026326604 5.249100184836454e-05
-0.0008447964746741961 0.0014870908635926593
-0.001470653404336885 -0.0009194107024666373
-0.0007465537033792916 0.0009216501143024977
-0.0017918142954867933 -0.0003434696100833377
0.0007943068561025915 -0.0014505520005080401
-0.0005941550068626977 -0.0005303114947310285
-0.001590756503535552 -0.0009236219296728478
0.0003795538158375738 0.0001585929588680118
-7.491993219191279e-05 9.399127763293935e-05
-0.0005223462445561334 -0.001342296188755204
0.0014621660806557728 -0.0007596001115276347
-0.0006457656806213536 0.0004181565678704571
0.0003123329065897588 0.0016161744277700858
-0.001646573698383881 0.0033206367203621953
0.0006428314987868296 -0.0013806651016483227
-0.00155121348829591 -0.0012040857459297823
-0.001466219333742113 0.0006602614939647964
-0.0006995739374893724 0.0011456256908376672
0.002471990022460688 -0.0019388742337891874
-0.0006616547197897329 0.00010575582750815563
0.0008929235667730736 -0.00018076862465635002
0.0008965088087607644 -0.0007153268708351596
0.0009560941311008939 0.000962837211475872
-0.0006829625257822207 0.0003736858300445269
0.002700347885986255 0.0007110925249338944
-0.0009565024175653544 0.00022258754903988336
-0.0019089217145667702 0.001135092718843587
-3.835571088962479e-05 -0.00027486244719409687
-0.000533113028346608 0.0007925867380833215
0.0023588079386542018 -0.0014857432343588944
-0.00036255388495504224 0.0013787730914649758
0.00113732242357292 0.003134494690991104
-0.00030825190945232904 0.003348648669991056
0.0005734833189137413 -0.0022286799773752796
-0.0007876821118757674 0.001204274852178635
-0.0018760367761038587 -0.0029355818860289794
0.000173711204030804 0.00011536530924298935
-0.002500658854855594 -0.0003531360302918467
0.0031068218602279393 -0.0019200618695043954
-0.0006681906367532628 0.0014667953089288327
0.002243495537388783 0.0010171209595961773
-0.002062680717668726 0.0006490061940342488
