0.00021995839698220538 0.00011568954990877189
2.7116600239285063e-05 0.00011786618296217334
0.0051963851935046025 0.005201580528351834
0.0004587799264468341 -0.0017584147834193882
0.001996971419709507 0.0009604469562419428
0.001041698776608796 -6.849095236595574e-05
0.001230479801298182 -0.0024654728951992557
0.0011006643239795495 0.0010888964872456223
0.0005019102188837134 0.0030954579303679205
0.0001119101674894401 0.0039254560925082735
0.001411026371796914 -0.0005746729197192244
-0.0007745849794932127 0.0003334013637025034
0.0010911761944510188 0.0006771902784344021
0.0012474342488879644 -0.00035088076339882053
0.0005211156282867216 -0.0012808404311769116
-0.00044820624444431867 -0.0008560096178856943
0.00019499842034692127 -0.0017182428770149687
-0.0006162245475034965 0.0020848410189534643
-0.0010320586309319586 -0.002012514268452163
0.0007332549759164963 -0.001936517697995434
-0.00048237142232991447 -0.002213167210416067
-0.00028009147504438 -0.0011946571084299215
0.0015188134410971177 -0.0008604136564096024
-0.0015755689171101756 -0.002157255555759499
0.0013810966287073174 0.0002534079662812139
0.00019300024904374692 -0.001143979217619642
-0.0011485543562858868 0.0029117205238145282
-0.0009861786331521937 -0.0011413301623478147
0.00025486972029978874 0.00044457843489916404
-0.00029717104213037454 -0.0011957936912045213
0.0014822000255184592 -0.001737214574449023
0.001378680369228236 0.00133777573929029
0.0016184608392262225 0.00030336774882266216
0.0013058222490042212 0.0002162764194859941
-0.0023026019246952414 0.0014453069071689636
-0.002472138506772055 -5.321979266764474e-05
-0.0025508411011237703 -0.00018981368815873848
0.0004958459674137614 0.0021075721440670585
0.0007127763314652868 0.0014017120673343042
-0.0009073807801489295 0.002289972460323335
-0.003894474231443994 -6.080707099578127e-05
-0.002273144327619987 0.00018491930945927767
0.0013596892647335741 0.0007893786599551558
-0.0006612076130674959 0.00012062276911025747
0.000679799064593109 0.0030672970279396403
0.00224569807792773 -0.0008566100821759914
1.4843826016169909e-06 -0.00011223965594858568
-0.0029928082895859607 4.4051002791669804e-05
-0.0010844162962209934 0.0042788250247438086
0.0008713800064248152 -0.0010290167512660097
-0.0011783469170481033 0.001509973039628219
-0.00046446482663912867 -0.0008801068685007615
0.000400010595486388 -0.0007743445002313473
-0.00018129317385779262 -0.0003099440835806815
0.001345732736914427 -0.0019889958112402624
-0.0015070033198679108 -0.0010500486941898448
0.002688449024720416 -0.0011207772954110714
0.00032496807375319883 -0.0010968417004236456
0.0020178715767556646 0.001386487893041859
-0.0005386580332671797 0.0014886734597832425
-0.0002745054935789094 -7.800840503000188e-05
-0.0031615492496724416 -0.00018751021872613586
0.0003713615011787923 0.0011608031692968445
0.0018613251174834564 0.0001704417802465034
-0.001763451034824703 0.0027960680075538487
0.0019851000789148578 0.0006244784279267243
0.0021026404438246873 0.001672387026625842
-0.0016162563085786786 0.0009134696849199968
-0.0021307689945215926 0.0019162405170232608
-0.0006433049590265035 0.0045758067408457545
0.0007034247738617747 -0.00014169206390016184
0.00165638262639239 -0.0010437666755689296
-0.001885814838442906 -0.0011555889309626814
0.00017357032501980302 -0.0027580023695273686
-0.001205042763893766 0.00030639592117473317
0.0013027283016882505 0.0006866922409928418
0.0012638513464015145 -0.0003319574081210184
0.0008105520850086827 0.001540523630841128
-0.0016379627924789722 9.949269677634054e-06
0.00364374188791042 0.0012306124427186858
0.00040034192051662215 -0.0009007175850353587
-0.0026151813960339004 0.0015432974802589352
-0.0018522801563336296 0.002008702183377607
-0.00017325523064636738 0.000568689626510554
0.0015570682914152342 -0.004267790446009763
0.00056469273079213 0.0019414605172567655
-0.0020353995618101477 0.000863112047032097
-0.0033737929524898336 0.00036130214278464883
-0.0007523694970552612 -0.0028216379275511007
0.0016157455585952126 -0.003059328006540198
0.0006614041559444856 2.9337469856415426e-05
-0.0017683625272972604 -0.003398515676180723
-0.0013251133750964185 0.00010261889315936226
-0.00263085154078583 0.0018374240313943145
0.00023673615334432734 -0.0019458788670441295
-0.0006942909504663752 -0.0007574231412747439
0.00039355991903842737 0.00019533558500956725
0.0013646936192833815 0.0007651803967660503
0.0013532682440255846 0.002625787183611232
-0.0007102145043555991 -0.002130082212041495
-0.0008487463280596197 0.0012714196459499936
0.0005844234437430134 -0.0010109904326721629
-0.00033023103150852404 -0.0018644631835563477
-0.000999988167326974 0.0013868698245053164
-0.0009627759039691201 0.0011597182073257051
-0.0011826709829438648 0.0002543279533183646
0.00016173705167949254 0.0012163317447575132
0.00027331812177713627 0.0017258271290414827
0.000980918080921155 0.000462593662766335
0.002099166828259038 0.00016026541918746782
-3.4951686196038974e-06 -0.0012990125219356154
0.0017220160052089871 -0.00024028965855457736
0.0005345063867972377 -0.0007541562624484924
-0.0006134487138271977 0.0018069676371291988
-0.0006664560948955514 0.0008772333336657899
-0.0006802476698985107 -3.59801528526057e-05
0.0007735669624562437 -0.000539168994632849
0.0015182558324238731 0.0018996950975107149
0.0015489470383373552 0.0002455456777977532
0.0007390148084265218 -0.0005711867117695073
-0.0005152267531341111 0.0006470553735716169
-0.0004320167154058712 0.0009653075928197659
-0.00039707927294200276 0.0015922473672829267
-0.00043137057970622767 0.00021861352575544118
-0.002097525224681962 0.0019953863580941446
-0.0012001046918274577 -0.0004841072899490732
0.00018307706452396074 0.0004547051492754325
0.00035877863393026774 0.0010067564324760551
0.001495311243653384 0.00023098637499170885
0.0028191018083119765 0.0014438335143874376
-0.0002794793852097238 -0.00026457010958779543
-0.0003727088498477006 -0.0008178049882159725
0.0011247073029135816 0.0013412218046800707
-0.0001399176448798677 0.0005800312434650226
-0.0012764941695303192 0.001169346538816236
-0.002055764303282613 0.0010238926833795394
-0.0015686260695853239 0.0011739134514826978
-0.00015158328687626816 0.001977362208187704
3.391315955796562e-05 0.0018785787210773312
-0.00042387851349031904 -0.00045558358634026987
0.0021445389075123553 -0.0015177268700397276
0.0006341422508674825 0.0007532628852193424
-0.0008534796672350308 0.0008583043247653992
-0.0003712566865958669 0.0014744895269284658
0.0007315804587428005 -0.0003415375032666613
0.001524886625820107 0.001492639938209345
0.0014786151308912032 -0.0007963614991789862
-0.00328139577861958 0.0013138409439721677
-0.0014498823118577536 9.205084929324341e-05
-0.0014582785074473282 -0.00024739642112631474
-0.0002299882967768001 -0.0019060872107940535
-0.0007280667128502974 0.0006995977132802371
0.0010856688568211008 -0.0005068710851490278
0.0003965081317155546 0.0005069870888383779
0.002211835064936037 0.0017516646971439153
-0.002063741279750815 0.0004922535939744865
-0.001089067918822177 0.0001668030850622034
-0.00011070423360610012 -0.0013560425427971193
0.0008436775731493206 0.0003100455695841422
0.0023082808260163064 0.0006507195951834464
0.002031876292894612 -0.00011287220570213554
-0.0004938212110792705 0.00034105319131956334
-0.001788428775419968 -0.0025678947815513426
0.0010451958376866452 -0.001683393520943257
-0.0004582485954861441 -0.001766294734300519
-7.122007605682165e-05 -4.069389380139997e-05
0.001582811337681993 0.0009206117399273833
0.0005176160075910247 -0.00010891802197569934
-0.001021091764090041 0.00012330180236059144
0.0008682898938043011 0.0009787533618586506
0.0008688014907283603 0.0003197700029632073
-0.00034281464069224436 0.000889283338757202
0.0016422018191089552 -0.0002688130140051012
5.11373087725088e-05 0.0005568369515470429
-0.0006150120674157707 -0.0004376209847340063
-0.000274167219784685 -0.000462363101445033
0.0014727969039469084 -0.0022412856821542233
-0.0006299874547340138 0.0012301927801064247
-0.0007956605055586031 -0.001201879236439299
0.0012109927431174334 0.0013928445672845863
-0.00034785515172312934 -0.001472675675442869
-0.000861270699245684 0.0013600296991038649
-0.00035251870704112976 -0.00020188788957918838
-0.0008326045925948643 0.0014512219907996968
-0.003268231757278863 -0.00157710147603125
0.0007495515314657791 0.0008279632086254413
0.0013376771304870905 -0.001613305440667832
-0.0003392329914038042 -0.0019065285348833757
-0.00020666100695294957 -0.00014225141407059447
-0.0008156984058530737 0.0004176089316719737
-0.000894522138632442 -0.0005502388397125705
-0.0009540795686732392 -0.001821531678882754
-0.0021048693625633774 0.0020347036375487596
0.000486300930942246 -0.000644512709463505
0.0024173220242766345 4.1667983755118944e-05
-0.0002212624941845267 0.0009165641011052763
0.0023573947189936303 -2.891178478048223e-07
-0.0015125685961684331 -0.00028066797206475596
-0.0005536986001620684 0.0017986447098051778
0.0003114655041669111 0.0003831750542906323
-0.0006928858172602266 0.00224079819152956
0.0018455724031109467 0.0010134340565887332
0.00032672543110904174 -0.00042505454291597554
-0.0004639923263256525 0.00029042329512372184
-0.0035519736163935217 0.0005744051552295184
0.0017552077878443067 -0.0008798529959792214
-0.00012224310561894264 0.0012905095317875996
-0.0021768593416345836 -0.0025533386970410152
-0.00015355511933821137 -0.0011611983079839122
0.001800724622117471 0.0006000105313382036
-8.145443141874305e-05 0.001989113240990614
0.0010427483448363297 -0.00043886188914577385
-4.034839253707651e-05 -0.0004080769877718654
-5.4969210065579753e-05 0.0012477270454533881
0.0006163573323332473 -0.0008244889820967295
-0.0014286490274430582 -0.001615515296665891
-0.00014612249407287739 0.0006005625339559379
0.0022066994847129524 0.00019844764900439594
0.001162458226875979 0.001218353368893122
-0.00016943454895287889 0.0010300378374290418
6.943550547923552e-05 0.0013583000815469012
-0.0002297685502476744 -0.0002835686205464897
-0.0020590194567153604 -0.0014971967088843062
-0.0012663021499952323 0.0024919822973462433
-0.0003918598313960283 -0.0010919118331777047
-0.0002298700417576871 -0.0004455946236037663
0.0004185218530494873 9.962896586100207e-05
0.0003603487777123472 0.0016590929198402687
-0.0009814482210019594 -0.000737640721432278
-0.003004671930099293 0.00031312188606377045
0.0012218106597765787 -0.0017430139189047694
0.00017039359176786712 -0.002084484111253714
-0.001830278877667137 -0.0019559520721185554
-0.0016576837438412532 0.0011332730710132118
0.002006835538254763 0.001953221173629991
0.00025960977708339134 0.0007399942659151387
1.0795914217811188e-05 -0.0008848833647360932
-0.0009529250738430711 -0.0026960957778058496
-0.0009680095583715951 0.000836551733507692
0.001066453802233249 0.0008557628695607868
0.0004892805406147001 0.0008083063399360329
-0.0012795166729057685 0.00016356726825018583
-0.0005004779877793277 0.0017402231170299634
0.00046734852158061304 -0.0002727751935056361
0.0006157262348536739 -0.0011116048621769813
-0.000662861489257813 0.00039017607100189365
-0.0014803800076299632 0.0005623027357998746
-8.266377146092317e-06 -0.0013363296466607423
-2.2632644905927115e-05 0.0012299358290371782
0.0007143325363270014 0.0001122671027809173
0.003852484356368447 -0.00031794024027147574
0.0011565954217964084 -0.002063675271517256
-0.00010791404850215911 0.00019322467406295658
0.0008489894322224494 7.921778172837996e-05
-0.0016331762491449495 -0.00016541850757283746
-0.000793185520666839 -0.0008883587188325651
0.00010668489189384301 -0.0004690715462639442
-0.0015523583393021964 -2.8666267020579482e-05
-0.0018677392052641661 0.0020629492281822245
0.0007589696649130876 -0.00024859570926068317
-0.00017719542771382416 0.0002552321191976249
-0.0018369301579053445 0.0003017059571096263
-0.0012147691471265474 0.0010342518732192865
0.0023006123676669677 -0.0002655446737917275
0.0019109380017622224 0.0008612998965220127
-0.0010410516835500355 -0.002652627833344299
7.044310105946623e-05 0.00035562679313150606
9.28073532188062e-05 -0.0003202060697447328
9.18744472751506e-05 0.0019941213508610873
-0.0010617351027626784 0.0005426135116601957
0.001407341379437625 0.002132447921210003
0.00030889308262131276 -0.0008731369105160065
0.0001889449914069438 5.1709728932846506e-05
0.001189250766945959 -0.002593353590383939
0.0004853531245911213 -0.0020524701722536972
0.0009181761912735514 0.000929672591838277
-0.00017609372970980896 0.000969438329317702
-0.0002454155193286219 -0.0012822689381308148
0.0017304110943695587 0.0011778835842211623
0.0006230541501654924 -0.001545251136531806
0.00014866658390513818 0.0015420931243986657
-0.0023908282232263088 0.002464147574543529
0.0006281100778394355 9.488246866657804e-05
-0.003255423806972493 -0.0002965352521049085
-0.0017564732593345195 -0.0026439816525506803
-0.00022847813789833167 -0.0021571590138103635
-0.00257786757703845 -0.0017592964641169459
0.00200765294455882 0.0003219434154166366
-0.003407280733075705 0.000221568346442823
-0.0012441308386841258 0.0006141276484477333
-0.0031667104558992525 -0.001343578239262977
0.0014558733373384162 -0.0007592842016314058
-0.00042386476429116186 0.0005195426708671946
-0.0004557113145154121 0.0012969952834951796
-0.0010903613168129357 0.00032657970455632573
-0.001335989648064014 0.002419238619201809
-0.0012373738980246695 -0.00010162507439585862
0.0009885759898803088 0.0018059286252202105
-0.0005883393383911657 -0.00026830826063850414
1.9067775396805247e-06 -0.0037460055606290668
0.00010865555462800373 0.0006542840710184735
-0.0024851591446869783 -0.0011705526377250607
-0.00040708488781072337 -0.0012827195178028374
