0.0001706663674790476 0.00014998269157236207
0.00014117846752247302 0.00019036276967748054
0.003004603541558663 0.006925299422285036
-0.002976822225961196 0.0015550422492464782
0.0019730335546133113 0.00037922564568619387
0.0005790975015283325 0.00321773470090669
0.000927556512692044 -0.0017737991201832591
0.000382133078630941 0.0033617351243364333
-0.003723357411100199 0.0019311535953787148
-8.1790442275194e-06 -0.004625304059101118
0.002484993860397002 0.0032355181006335433
-0.0013334230331063113 -0.0013535917559000877
-4.3279389001623804e-05 0.0004981564954718704
0.00018640975878312575 -0.0011318025429711688
-0.0003908006625335384 0.00011400685942573244
0.0010165480966158014 -0.0023310369272215134
0.0008319214332171691 0.0018457543013851436
0.0003168871011032254 0.0027000853604041927
0.0015998298417821525 0.0003614527012013378
-0.0009528888368941575 -0.00012588673340881403
0.002272440141249763 -0.002492360172712932
3.5222632607676256e-07 -0.001605822911487396
0.0004294600395401599 -0.002019441492786057
-0.0008146458406276655 -0.001314751664974192
-0.0001941064810046822 -0.0024651819631455966
-0.003963913804869212 0.001157757941317198
-0.0021865740130796916 0.0005994411438465875
-0.0016902866047466922 0.0013389045327395854
0.001179161670251194 3.0027296918093898e-05
-0.0009652434646621597 -0.003893925064193127
0.0015374040182015826 -0.0004912747774986028
0.0004433332015070084 -0.0010300872558522678
6.975191047408085e-06 -0.0007111408257439656
-0.0009512816827287278 -0.00021772665801105567
-0.002034439135631012 -0.0003992956958081454
-0.0007193488636631649 -0.0003329424729158777
0.0030205512042879995 0.0015393135672553272
-0.00044112944350629344 0.0013097536790560498
0.000379522500533348 0.00023734154986820283
0.0023945773014835835 0.0018767862852206497
0.0017491505577790236 -0.0005638630068915886
8.971225810586415e-05 -0.00010368563947016205
3.313982362700849e-05 0.000860775211053382
-3.954641736904801e-05 -0.0011589959311246061
-0.0015329753958536617 0.001467677650554028
0.000598787375589678 -0.0014880822070991065
-0.0002603203060283189 0.00018367759538316558
0.0006523855678619622 0.0003886200618049141
0.00032497832968953746 -0.0009555144790737771
-0.00011081578175977958 -0.002775637603270123
0.0006325801727278116 0.00208734752343037
0.0009495468112067477 -0.0007439535862960556
-0.001305852387206917 -0.0005352026278544757
-0.00031303535428950244 0.0016043920601319505
0.0004171855595543734 -0.00045589319026243305
0.00026648243770348323 -0.0006210337720472217
-0.001352308853950818 0.000821713240083429
-0.00046760545033321273 -0.0015773018477529372
0.0008875535590633011 -0.0010291643462034068
0.00017052395567647094 -0.0012817515791867001
-0.0009295037993824885 0.0026027726284474444
-0.00022099042196194418 -0.0003450410963408882
0.0021104989849706417 -0.00031370843185507183
0.001409254225074569 -0.001249800068328072
-0.0020118582700400906 0.004030561620658606
0.003921447225782956 -0.0023154786851939013
0.00026809010575692304 -0.0015020005580044973
-0.0038081825364143 -0.0038503445308779197
0.0035625135241354883 0.00029573388787645916
0.0008751381281421064 -0.0021895654004055586
-0.0019010585250261735 -0.0012104127453357366
-0.002091614453343422 3.277467734793943e-05
0.0006296078053858554 0.00011824973336448051
-0.0010008001148489115 -0.000556406840930962
0.0005718965156123548 -0.00016297414718836718
0.0023009059476046013 0.0015227372773588647
0.0022099054145720094 -0.0013418542512654073
-0.0007651856934641722 -0.0006112550173018055
0.0018610963707699612 0.0007325220202925975
-9.476417030127211e-05 -0.0001986927936229311
-0.00010985783294906634 -6.77970869478455e-05
0.00022706568691343844 -0.0005150889545899533
-0.00141349625249566 0.0018754385488812533
0.0010570810184085213 -0.0009187828682344905
-0.00031980464006540706 -0.0013535563228167988
-0.0008985984172778553 -0.0024523696543448203
0.00037947943812476043 -0.0007880353099830259
0.0007160455703337621 6.575501134043817e-05
0.0010978388325053998 -0.0030885383916599302
0.0002009376909655338 -0.00018695756385188892
0.0015411343278017074 0.0007733366428961209
0.0003442667389548489 -0.0018622477742820816
-0.00025877134776074607 0.0002912107967434859
0.0007372922741642426 -0.00015289724803207528
0.0008147223947524283 0.0024315691842872376
-0.0010869020386689201 -0.001582147606661908
0.001298954019516835 0.0010264907729558765
-0.0010428533648660695 -0.0027575601281157507
0.0007243844434627033 -0.002989354166036719
-0.0014774567054095078 -0.0004877431149021227
0.0023043274640718175 0.0018495492522020763
-4.1986194131967847e-05 0.0014151832675797131
-6.757077574149446e-05 -0.0009165576247876266
0.0015710787933567367 -0.0019392084310452377
-0.0017713399744396792 -0.00013646732009818684
0.0010981962144024375 2.5210011645456845e-06
0.002060348187152802 -0.00022143756039528755
-0.0017718129123155536 -0.001948319121700166
0.0017728357800108805 -0.0007258157936933362
-0.0002756395581648004 0.0006331057673430705
0.0004131297070750123 0.0014537347226715788
-0.001749188562663277 0.002143586746589263
-0.0010893397864079849 0.002079169222865016
-0.0005661902032736517 -0.0013853559106270905
-0.0021885774569856908 0.0007321866020575646
-6.032643761564705e-05 -0.00014657821390258699
4.717199495367187e-05 -0.0017466858011044586
-6.324872863156293e-06 -0.002855925093928325
-0.0008360548417830635 -0.0006702023235333039
0.0003384456248869402 0.0009764024446975617
-0.0023382773074897807 -0.0013783686739001553
0.0023085180486707123 0.0009818156602149064
-0.0002576467340038502 -0.00021067224696530622
0.002209943784278663 -0.0003577478080749718
0.0015275351260195032 -0.00130604661539165
0.00039614864100731974 -0.00023127889711396904
0.002550436305990549 -0.0006421090348827827
0.0007594800371851412 -3.586530547061807e-05
0.0004762931043007009 -0.001355400442845906
1.0741586452228404e-05 -0.0001348770410999437
0.0024946035921814026 -0.002716241844169577
0.00043537293029903703 -0.0011899931824951987
-0.0006439797977408847 -0.0007410298666152424
0.00026299598062547457 8.979915992785499e-05
-0.0003534858933629952 0.0013310713409857753
0.0007725097552906302 -0.000295701595076847
-0.0009840868900692502 -0.0003817684655366929
-0.000684604896746177 4.9124954465372616e-05
-0.0011679907298092606 0.0003342422854841634
0.0032301054780633203 -0.00043001718823150036
0.001095692370632158 -0.000290244063353698
-0.00034977735200951806 -0.0005664166657865649
-0.001107774416186598 -0.0018021664403760661
0.0005468053991794958 0.0025207221549243867
0.00214538032663735 -0.0003030439950543817
0.00029100555773653154 0.00048931538070756
0.0017493197406295447 -0.0011430298888467371
-0.0009298565293993962 -0.0014730388785062398
0.0012106114052038413 0.0005485044351040068
-0.0007826777775602382 -0.0016933686310439669
0.0011016651503782554 0.0010645077442420368
0.0009094576108938809 -0.0004161052095161326
-0.000497228343854856 -0.000350327021930275
-0.0005474015950789053 -0.0035482705506261645
-0.0014187314171326853 0.0010408379594879784
0.0010963235828692361 0.001202257233035269
0.00010793396294938548 0.0010359998110982315
0.001012728399743019 -0.00012356167087182034
-0.0011487684107311816 0.0024503044418482723
-9.137719956200476e-07 -0.0016956591840356456
0.002142172933716008 -0.0005453921569363612
-0.00266284151423433 -0.0003135317708537834
9.310070077022471e-05 0.0013506055264772086
-0.0008551067164428722 -0.0005438033280354953
0.0002457672164148933 0.00279510880386008
0.0006286017452190112 0.0019490676771880056
-0.0009930451067517432 0.001685221205669936
-0.0010208321145214875 -0.0008169197462734173
0.0011162193281600613 -0.0007223623319862005
0.00015394240291602597 -0.0007926134172194934
0.0008156850486010779 -0.00013968008786095418
-0.0003146507019895304 0.0011556088739535415
-0.0016985337972190524 -0.0007737658386642581
-0.0009542741199278127 -0.0008845213039611267
-3.836424231939056e-05 0.001198356483034559
0.0004648795834081191 -4.949042671181061e-05
-0.0020632727272683897 -0.000848701896134975
-0.0008665723409329222 0.002959482819215969
-0.000757121470453006 -0.00021406897197449065
2.851636367983896e-05 -3.264816950074271e-06
0.0041112504481564385 0.00253216910018718
0.00021491620735507414 -0.000245437624334626
0.0011393154409307953 0.0012456247590468348
0.0008555275277893263 0.0011844709558001653
-3.8764785095933675e-05 -0.002072735010009982
-0.001660260989356592 -0.0006312749290868649
0.000823187270899664 -0.00010435502645017241
0.0007099431748601644 -0.0020029241670618367
0.003507230867639151 1.4665730233362538e-05
-8.154215785105995e-05 0.0006450473068737171
-0.0008396254939983506 -0.0022381596437032014
-0.0003324043255693493 0.0016430655670371384
0.0020251467305584777 0.0010600206502531647
-9.044653758344646e-05 -0.0019497092471203175
-0.0001613170929664566 -0.0027297378668811037
0.0004890852807832659 0.000527034775846151
0.0014926234480476903 0.0009973099255884434
0.0006051797516691565 -0.0005573148425564497
0.00041003914069371363 0.0024825264330834546
0.0019551547573304815 0.00022087951279450312
0.0007462758899949106 -0.0013923920454428766
0.000773116451894108 0.0017869356541834087
0.0003242494235425579 -0.0007044426513326057
-0.0030363308988975253 0.0006101949485449037
-0.0031551815339338762 0.00011332025663497912
0.003664107189504733 -0.0017633785824394807
-0.0018522170035054286 0.00011433829077417129
-0.0007971879052692851 0.0036196573128554795
0.0005798333860388477 -5.490675865695336e-05
-0.0005819069202100312 0.00317008758391636
-0.001179488866885794 -0.0008966157466222933
-0.0011473510925063108 0.0005513028021132708
0.0026150997847184444 -0.0010921746587530747
0.0007915360565109824 -0.0011924284152888568
0.001104002837072804 0.00037576828663111127
0.0011028469261395348 -0.0020205429055878098
-9.430354304907829e-05 -0.0017763887831738726
-0.0015461823973105132 -0.0023314835513891675
-0.0005240689169980152 0.0007861657279764653
-0.0009137630851307673 0.00010388440856736806
0.0012490142792930677 -0.001252781507102201
-0.00014517457839656058 -0.000801506540259988
0.00019145601945538742 -0.0002848337870358115
0.0003153982339259411 0.0022089243686829923
-0.0003982702407989266 -0.0018918421313649473
0.0010530775911026906 -0.0005319133751339075
0.0013451419609613216 0.000978799635837832
0.0024440414915163017 -0.000977677505609025
-0.0006888604580626742 0.0007828287795156118
0.0006661921546518761 0.001548038126001183
-0.0016340364506984022 0.002964357644183023
0.0018423491860765937 0.0006334549226282214
-0.002349288563310398 0.0009460852874878163
0.0003300240602545834 -0.0007669781149885958
-0.0002205312618841864 0.00019985795955414684
0.0002555109308833307 -0.0005350966918553705
-0.001927926342303486 0.0026640394052082797
0.001057365209768332 0.0011114046260386429
-1.4218214572094323e-05 -0.003980421918299918
0.0006314158233937443 -0.0015014996723087747
-7.01686262639277e-05 0.002129815842445069
-0.0008394695062305291 0.0020714539544392095
-0.0003222473658779267 0.000814030003319473
-0.001482770010634944 -0.0015665018022736267
0.0004136236651674647 -0.0015850568210766128
-0.00021042743096222748 0.00023786077714567266
0.0003983578976987736 -0.0006301246749455982
-0.0002565588172440813 -0.00018022898960602188
-6.905770253511054e-05 -0.00018316860971722928
-0.001381083218241696 -0.0013094452418810963
-0.0019393394000146002 -0.0013691269854127228
0.001433384734832779 0.00030623862041324006
-0.0016336624928827103 -0.001922623148317512
-9.594609900890411e-05 -0.0005707399669308723
-0.0026504218026598644 -0.0015529956286948672
-0.00238745266444702 0.0002523015678676665
-0.0008881662119375776 0.0022217453011392128
0.0022861460396311232 -0.002788489781490885
-0.0001945435452897877 -0.0009290798833207578
0.0019201614008423644 0.0013871346405837381
-0.000596749311158146 0.0019706643246542544
-0.0013800921426634699 -0.0027535660732796617
-0.0014962936256787457 -0.0009692135483106485
0.0014049091862167711 0.0006772241543198731
-0.0005337757193256847 -1.7123615200657068e-05
-1.3865524759385378e-05 -0.00011009982710409592
0.00012538910096171192 0.0019691545973649503
-0.0010956819717280867 0.002100691127950605
0.0012965020963623165 -0.0008377325419215216
-0.0003156547183409077 -0.00026053727658705835
-0.00046685131497727875 0.0005729308770731089
0.0007476848127399576 -0.0012958697038266565
0.0002491816958062228 0.0013859293115050775
0.000366640796555849 0.0004877544910819983
0.00014294769322351991 -0.0013578006569063556
0.0005403612671620194 -0.0006399334147534886
0.0018146236967009036 0.000492271050282411
-0.0009036341015545391 -0.00021590531862511318
-0.0018172025183840579 -0.0016191908553720435
-0.0016343992811890967 -0.0001909602018955408
-1.4979200442960351e-05 -0.000599176625172187
-0.0020674601719246166 0.0008353614423886223
-0.0013811867786482311 0.0005072106368243862
-0.0007928339312769514 0.0006522092874512875
-0.0007480334394790277 0.0016309587430088414
0.00036347185326236525 -0.0027615707109317844
0.0006693314047856487 -0.0009333765782334198
0.00020691451074814237 0.0031127852009189875
0.0001223958032036034 -0.001303715604041014
0.0011243826000373624 -0.00015731039296419102
9.884009419905739e-05 -0.0005197319839873942
0.00533834318973912 0.0006833172696152761
0.00015896853020342294 0.0003585639835207199
0.0015941683855512335 0.00030247307378018784
0.00015971646117350099 -0.0010183878592193438
-0.0017032501077769535 -0.0007097342751007859
0.000460563327717358 0.0008502044292868509
-5.682966485732151e-05 -0.0008939356403339913
0.001226639058118617 0.00022591112547867424
0.001753807780467259 -1.178600248570913e-05
0.0013670427224421948 0.00012722176793120122
-0.0015898315420131873 1.4430810185673645e-05
0.0009378973890482405 -9.145601629398724e-05
