7.679466960184374e-05 0.00018926578096914657
0.00019010929290621346 0.00021017939615544716
0.0036711628300467314 0.0019196876749150616
0.0030517532446921714 -0.0014048098939681939
-0.0017142638032537744 -0.001399220131627854
0.0008585008522748763 0.0009799837441503945
0.0037545543458561985 0.0011482406026725534
0.0005380196801952129 0.0027571118751429837
0.0006278826314382623 0.00015657785812361934
-0.0004899084998275188 0.0006795274311270776
0.0025127456094292304 -0.0007578666393596617
-0.0006577757275276652 0.0021289955664934956
-1.794580048479207e-05 0.0016057350294058498
-0.000651485591065325 3.1559687065571206e-05
-0.0006777336198568716 0.0013683628572861554
-0.001600543362040244 -0.0021435351053389756
0.00022068570360400596 -0.0004618697123178133
0.0005697810526355717 0.0003019934771478597
0.0012874710993887603 -0.0011324726905408544
-0.0024121339386951875 -8.129618737494863e-05
0.0031535912966963683 0.0003240153645160914
-0.0002297445116404124 9.95177794576105e-05
-0.00048008080492872754 -0.0015360612206525314
0.0009340759403039547 0.0008244573537676514
-0.0012543938248289368 -0.000869472802139796
-0.0011290093924462689 -0.0018609192308696881
-3.850650233915314e-05 -0.0019675060175921894
-0.0016623652685095755 -0.0015533300366124719
-0.0005277548774903497 0.0011105930621946429
0.0001142929966885951 -0.0004666622070106885
-0.0002582586893122605 -0.0005094535635689508
0.0015823875057625863 -0.0013469477686603264
0.0015832236814446467 0.00010432344952188815
-0.0022388353214309836 -0.00031365220083121677
0.003679681497589041 0.00017484427086921164
0.00021641912528847274 0.0005045120083902862
0.002537658834674002 -9.998630047631656e-06
0.0019563674211167626 0.0021874408370562556
-0.0021781516335230545 0.0024938222340217015
0.0012811922268192966 0.002270817850679048
0.0008032593720328564 -0.0008860206698684437
-0.0025330883538381937 -0.002820089484002029
-0.0008288137756693967 -0.0007663665626698846
0.000816529939618965 0.0010002275791923102
-0.003029089751532254 0.0019551668602799466
0.0009193440607962928 0.0028012668297527545
0.0009332002650221334 -0.0007158066205837083
-0.0006281481124916434 -0.0001049252358974818
-0.00021998324370304894 7.512035241198304e-05
-0.0014542907262437973 0.0001877138434312653
-0.0006945006822697965 -0.0014860030420597227
-0.0007563721596560413 -0.0019193479557579355
-0.0006218977701001298 -0.002596567709520908
-0.000939256057154124 -0.0015745581034822685
-0.0012957227314254575 4.6374906389555066e-05
-0.0018455760553182236 0.0005980955072730122
0.0019301390179863288 -0.0006373943185985072
0.001007259085112558 0.0037858373054404076
0.0018673748771470123 -0.0014224651644094634
-0.001187553856203473 -0.00312271405431219
0.00013829469503643462 0.002785286772811068
-0.003023573745843775 0.0007675537101151324
-0.0022230001393080383 0.0018127176530640915
0.0005720648843183058 -0.000548303633036723
-0.0012202419503296938 -0.00027571431729061407
0.0032246217621508715 0.0018455782439262658
0.0006113231898450118 0.0003225437192204964
0.0004630289855175477 0.0023193135347810245
-0.0035181663805241756 0.0025635565278141785
-0.0012836181733408031 0.00020404144713668114
0.0006658260609237689 0.0013958161757173613
0.002266176256563689 -0.0015583687415099542
0.0013255973527138568 -0.0012507409880200234
-0.004275221339918675 0.0006402548373704192
0.0011061844203931503 -0.003605041382008311
0.001361714464387564 0.0005956361409598386
0.00010150307890082157 0.0010513220349810978
0.0004311299998968191 -0.0025321262773672962
0.000883626654060979 -0.0003559649783422218
-0.0012646453649074153 0.003522293018033833
-0.00046065954591683326 -0.0010367790023605157
-0.0013458322909942178 0.0023255716384826867
0.0007883741056844521 -0.00029123494667377845
0.0006377156064744984 -0.0018397660645513955
-0.0012995883389642572 0.001588348843862291
0.0026088510160125213 0.0010471683768558011
0.000616551181804746 0.00027257434682352355
0.0003568734521488549 0.0008909625366757489
0.0030176083812532596 -0.0009519056987271406
-0.0019886421663312705 1.4356032743275252e-05
-0.0007951877836443074 -0.00020670992376293988
0.0006738867905068628 -0.0011818834308073513
0.0005794120500176899 5.361246025225472e-05
0.0021168452424778924 -0.0007139867336003226
0.001535169781048828 -0.001185396678816175
-0.0011491814214873634 0.0008751648512529062
0.0009539223027589694 0.002043691710357835
0.0013024875406034994 -0.0035211830335255215
0.00044439231950152923 -0.003368242748872856
-0.00021223617113537923 0.001261541424082726
-0.0020744357338026336 0.0014328871697688868
-0.0019345854505582107 0.0017462508362741595
-0.0007566172644944345 -0.000992211818855174
0.001926431079444877 -4.505076381924955e-05
0.002802861861915345 -0.0022423059143236836
0.0006873993637328869 -0.0026782546072999735
0.0015998494185776044 0.0017672127895866474
-0.0008325603851425089 0.0008569591702731709
5.675629187671265e-06 0.0004337359871671365
0.00019632694042663596 -0.0007135832576931886
0.00120379151565977 -0.0008490260432638709
-0.0010140357231670334 -0.0007548712254918342
-0.0007960133823718724 -0.0007044464688494204
-0.0030386028052168633 0.00029256673878334924
0.0009093249386190816 -0.0007251844683471216
0.0008119738316172112 -0.0011727988028544007
-0.0009645996175273423 -0.00029422088532734945
-0.0005152730947280182 0.0009836028520541812
0.0003124450534496209 -0.0012064642471861723
0.001036402083630746 -0.0017113881690189508
7.164639569071495e-05 -6.21752224252161e-05
-0.0006855155937832203 -0.001714042401543745
-0.0014091100696086844 0.00110917154384159
0.0007319745433918347 0.0003918731716216196
-0.002169292377988509 -9.279090692333812e-05
-0.0005583429784452751 0.00033222228080875187
-7.163794964120272e-05 -0.001182917308341408
0.0007851134694594609 0.0008477198995405151
0.0020997091412626448 -0.0007452645303428165
0.0010193439024702526 0.00019854729969184063
0.0003676305417004875 0.001508367281234542
0.0007983054710107969 0.0004578638680464469
-0.0016315708566182275 -0.0014884769976614945
-0.0004903509202324965 9.808167596573725e-05
0.0012717806183304803 0.0019426173323488845
0.0004125892320546539 0.00022767893263781502
0.00037345321853093384 -0.0016154582592408878
-0.0016487706187460055 -0.0012811243468542957
-0.0013442129307862467 -0.0008140970921395657
-0.0024272579237170563 0.003085968649633872
0.0014117699740155644 -0.0013009709040911945
0.0007340687204645647 -0.0004924441875639636
0.00025364740396478997 0.0012230893032494565
-0.0004875712541117827 -0.0013074803987195597
0.0011935829154664699 -0.002297656007848405
-0.001987964633823989 -0.001982009707736214
-0.0009951129623066582 0.00023686974230640432
0.0004595509307875609 0.000137599668119331
-0.0011941625248618052 -0.0012906056881959434
0.0006200831707265427 -0.003579604938657183
-0.00020530409019496365 0.00040523210969144093
0.0005038736818727434 -0.0013223722646093859
0.00034811603848860096 0.0015595545573838287
0.0002796513103268935 -0.00035122198109674316
-0.0003822914320385307 -0.0022712159493083464
-0.0003547650254315177 -0.00042119526445303507
-0.00036854188591111124 9.074315021241021e-05
-0.0008540559899664188 0.002312490919324295
-0.0017840064684713822 0.0004683871769411924
-9.217987258013649e-06 -0.0007821275825732725
-0.0010989385525527434 0.00017159746726107066
-0.001511028784329438 0.0002906451630855957
-0.0016628537536794463 0.0018667376874744737
0.0004585627362007378 -0.0004900835963399283
-0.0003624290594428404 0.001394965381582324
0.0014688603948493338 -0.001337302943974162
0.0005912082105404869 0.0005671111962032438
0.002089332738460227 -0.0004911118543988115
-0.002092997582021374 0.0002391502253504173
-0.0013262989426186117 0.0007285535847381319
-0.0015974329255585135 0.0010380658487645386
0.0008283528606371895 -0.0004049637194174515
0.0010642102743588584 0.0013829691233009796
-0.0011175855091990088 -1.9138219617531425e-05
0.001325664762733899 -0.0024263950756421614
-0.002311247654591287 -0.0013025340211945487
0.000579052942762159 0.0015116258035348282
-0.00117126175453998 -0.0002981114909973704
-0.0010857629691613001 0.0011490224633469537
0.0008384887533856519 -0.0003173179025495622
-0.001366654429041779 -0.0013161467550273204
0.001990372932822437 -0.00015221747128711609
0.0026238121280417657 5.299909156877838e-05
4.339708319993758e-05 -0.001492421410012014
0.0002006043706134075 0.0008450534017514871
-0.0016275659333382113 -0.0017238080544903832
9.705638225648759e-06 -0.0001861478096439359
-0.002516912039330395 -0.001125175998475189
0.002802963600611113 -0.0001914568396763939
-0.0019447362162951507 -0.0005587193006923633
-0.0010761648085580026 -0.0011693882108915004
0.0003862376528039691 -0.0027703199369941253
0.0009060246950457321 0.001406811849086755
6.916524458429042e-05 0.0032042425959281436
0.0025809393205797203 -8.548244570174399e-05
-0.0008182157333832881 0.000937735227650605
0.000466180159733478 0.0001396187051188346
0.000993246121270004 6.117465679971925e-05
-0.0006381067724403966 -0.00037775583762625884
-0.0011153493331591095 0.0010678956540729966
0.0015031506506132974 0.0008515604610514257
0.002707075207743509 0.00032800210426100004
-0.00021237745714962084 0.0017815968514176444
0.0005275153636719904 0.00018254142648486873
0.003022226131376685 0.0024036641524392125
0.0019006412105419548 -0.0003980625024701828
-0.0003799374129979232 -0.001725083444446693
0.0005688052449369748 0.0007689490065867168
-0.000999403762937244 -0.002393075034467562
2.6182389071517087e-05 0.0006158146106512264
0.0004678861750905631 0.0010000144164108251
0.00024749685427494553 0.0004544049783701051
-0.0030324738850619655 -0.0014861437996317403
0.0006948425271746953 -0.0025874698549498334
0.0006701322832837689 0.001176959730063123
0.002257924143856979 0.0007458446338435073
0.0007535712415586581 -0.001165028212998859
0.0015350800408605544 -0.002868250524944579
-0.0010755832052058386 -5.6304571465233534e-05
0.0009800082000278078 0.0012046775454548683
0.002663772572474479 -0.0002981952322706202
-0.00018194349678547574 -0.0002066653750256732
0.0011728617162725292 3.47693365486982e-05
-0.00010517181453644444 0.003021820303452079
-0.0008435863502296623 -0.002163380277147481
-0.00018883171346143038 0.0007187618823941747
-0.0009273527979516366 -0.00012083724511055816
-0.0008714396558781648 0.0014416282256921428
0.000752526693035444 0.0011597781901661053
-0.0029398706010662465 7.1661678663153e-05
-0.0015182770679200894 -0.0017875648695674503
-0.0016881932521820445 4.9073450039805345e-05
0.0008478698031441547 -0.0020975455731751798
-0.00036240738825300405 -0.0033948611894233883
-0.0011972693537367054 0.003679229266280961
-0.0024861954713685267 -0.00023308390822106588
0.0006900919531088628 -0.0009542206756157274
0.00024913536957308583 0.001580765695317444
0.0019173450646575577 -0.0010231478591127704
-0.001668183684053664 0.0012799723969663726
-0.0008266133860717496 -0.002721063017580447
0.0029159432042663957 -0.0015796549284941405
-0.0008510574574850913 -0.0003160936005339303
9.076857278440543e-05 -0.0009291974474648245
0.0009208527487586334 -0.0003855345233877543
0.0016523233437891584 -0.0005515706338663737
-0.00023436673584468912 0.00023656438243508542
0.0006485001723541311 0.000337759957859501
0.0004096957186435425 0.0008796848539766104
-0.0006263509673426218 -0.00040630299552166655
0.002448582004609342 9.856558228988436e-05
-0.0009990508473873654 0.0010576669869943325
-0.000520245726324078 0.001055288296968135
-0.001099997675090572 0.0011068130173231042
-0.001259450997317116 3.2566887548716765e-05
0.0008108574753167536 0.0016437399547052799
0.0006112546219515791 -0.001915959153651168
-2.3081507654648968e-05 0.0005874056807142181
0.0010048761724188301 -0.0006055005446216821
0.002026651832549968 0.0002835650992293909
-0.002338477934641474 -0.0006576449486032941
-0.0009974104191784554 -0.0002710830566197862
0.0014574949270075742 0.0002891598965884136
-0.0005891993766219327 0.00042294915541616967
-0.0022212478022212655 0.0021474276107381926
-0.00017017137058348466 -0.0009022103781284322
0.0004069841655952818 -0.001137510396760113
-0.003538000670241756 0.00048202192583201426
-0.0007105704325166442 -0.0005992712343889906
0.0006485842867094536 -0.0016276274976325161
0.00024230248984025688 -0.0012550684138022343
0.00038302572064012933 0.00028360195798760577
3.492240942398373e-05 -0.0014442605671681063
0.0004132823705687786 -0.001572196669476721
-0.0003101848701008322 0.0008314979611040167
0.0023366114908283477 -0.001310000113367632
-0.0004941921131413881 -0.0004712444928669923
0.0006163659168174709 0.0005754265096455933
0.0011903565177117097 0.00215785448375153
0.0017764743123433685 -0.00015843191903359166
-0.0016886470599389697 -0.0005719500865434177
-0.0016261801573523248 0.0008838242295389967
0.0010327134552710062 0.0028617786951150785
-0.001149667615791363 -0.0010814579386109137
-0.0003732269813223879 -0.0010217735488307642
9.384541283716771e-05 0.00359831109661494
-0.0005120821407835074 -0.0008157363058796309
-0.0009652299977758246 0.0001547686292424924
0.002070503408083959 0.0002943463570899743
0.002683635942286731 0.0014386129216369195
0.001606648282107943 0.0004182492286833124
0.0004473368914775388 0.0005019227979160098
-0.0004985805320282638 -0.0011854999131940198
-0.0011942680875632154 0.001337267912292812
-0.001691918462894408 1.3758878856289472e-05
-0.0002845379584453764 -0.00019625908740187107
-0.001671011896006208 -0.002461664761405109
0.0008038630737049465 -0.0005959904599538852
0.0016053455973101488 6.558335534705984e-05
-0.0009114300373692416 0.0016487925960469532
0.0016840531989073411 -0.0008428073886543393
0.001871362031191562 0.0016551817429928228
0.0007170447201005273 -0.0028438812496388056
