0.00019977127603386214 0.00018500355971006583
0.00013008763955360387 0.00024167239673375204
0.004227374475079961 0.002827455381390221
0.0006682405544523309 -0.002005211921756972
0.0012327895121511422 0.0012368074173167356
0.0007330890770458492 0.001065406501580203
0.0028098020280751075 0.0009081310586422911
-0.0014040984653929556 0.0010652981848427504
-0.0020821367540468563 0.004464515065427966
-0.0013495898870141108 0.0018809483438012658
0.0015767211890034764 -0.0027623539729335865
-0.0020322441972751744 -0.0024914513941060997
0.0018392803455178823 -0.0019719724711322498
0.0002589563981716504 0.001391192805137858
0.0009190212004852742 0.0014100872843860928
0.0007606117374974293 0.0031956962632361187
-0.0014997725030583037 -0.0003783181577984451
0.0007797321776512471 -0.0018934385511395677
0.002730718428010965 -0.00022769343584272576
-0.00046074503812311586 0.0028957679739876037
-0.0009396754978296534 0.0001722648331816002
-0.0019447004046540955 0.0031322156091901088
0.0001954643981583938 0.0016460538168889818
0.0004692851933283236 0.0011556032604218898
-0.0006395400418941698 0.0001746739879740588
0.00207326267890196 -0.0006764243297180966
-0.0017449413415791936 -0.0028284639933924913
-0.0010369396530536458 0.000320589516506591
-0.00011333078232022926 -0.0005902203796314619
-7.531986570642365e-05 -0.0006723168712761231
0.0015426493436897018 -0.00035554923130532074
-0.0004967975423083142 0.0027829027554399405
0.0006384208314647964 0.0019431401309539457
-0.0016176634370936248 -0.0001631704471008911
0.001894039470573454 -0.0010020169996413624
0.004139696528422818 0.002475298459754302
0.000647062865258598 0.0013385220873966203
-0.000714893538540631 -0.001403522885138109
-3.3787082346399577e-05 -0.0011487078473495726
-0.00019917752690148922 -0.0015571244422911217
0.0011176048435484064 -0.0020150256233506404
0.0008541676447119837 0.00020144263377231748
0.0014245900534702218 0.0032336470730724653
-0.002020778381700436 -0.0009576976567759492
-0.000290349814019105 -0.0026825614083658914
0.0003076502517236815 -0.0017051391503817373
-0.0018594228303576152 0.0018215049582999097
0.00127041503335584 0.00134540247585503
0.0016286434331015624 0.0010972471019524725
0.0016663983480279861 -0.00036591343910113305
0.0007597244494033922 0.00047156922045940125
-0.004503854882672789 -0.00244342628265842
0.0010014810443357907 0.0007437160209529472
0.003246658369694105 -0.0010452963877971824
-0.0015707628632499117 0.0011257101308441556
-0.0037139516964908117 0.0009290531607887575
-0.0017018302667739529 0.0010884089517524068
-0.0024248993186570915 -0.000475536843632176
-0.0005398145700959425 0.00047644764833630306
0.0013118417623645881 0.0012341286522951876
0.0012645390197904723 0.0016542176829663596
0.0005799487251502922 -0.003405985025316133
-0.0022353462085533213 -0.0006216101272677101
-0.0017227163300019546 0.0007870974394726333
0.00040076679741940556 -0.00046445827111155395
0.0014350713753775554 -0.001982121276323829
-0.0018801728052580849 0.0019047972740206189
0.0004477428619254919 -4.7305218471252864e-05
0.0013866069344406753 0.0002783953368522713
0.0014341308751411614 8.340673224066697e-05
0.0025488439092044317 0.0019292127988669926
0.0003192198468770306 -0.001451167127778019
0.002817969441387171 0.0010347894672868671
0.0005923039419185984 -0.0014886623858178499
9.195047499233632e-05 0.000249820619162513
0.0016036044830064777 -0.00196597021496788
0.0028022852478498356 0.0020642630409544323
-0.0014261676712311515 -0.0012499992983155063
0.002260937837368487 0.0008967047749994929
0.00020804857041838078 0.0006616046595464328
-3.871540906868774e-05 -0.0003886113237104535
-0.0023132116659822146 -0.000720032185164444
0.000894333850019106 -0.002348332113892034
0.00034023244270087644 -0.0006765840516313694
-0.0010812331265641821 -0.0017837436949211293
-0.0008664926217902341 -0.0009118678177621435
0.0012181045976147609 0.0005165285126977111
-0.0006810740303253327 0.0008830887716837697
0.0010669953115458911 -0.0010891725420964706
-0.0006007697748500112 -0.003950800066552278
-0.0013176025805693235 0.00153605676451447
-0.0002402201859084106 0.0006555252306455938
-0.0009838036668066738 -0.0010349151073596257
0.0031124158979704184 0.00040301891897544896
0.0007586261814318376 -1.3120872945060072e-05
0.001971398256297917 0.0006870455349519124
0.001529876162694251 -0.00016663339006187949
0.0027160592672658508 -0.002439577067514085
0.00141629245608647 -0.002358761802423485
-0.001143287036307744 0.0010497137407270893
0.00045276802830688867 -0.0005610353760287424
0.0029185084159855826 0.0003232435124277803
0.0010847456542057022 -0.00025504030365229157
-0.0001975341943559277 -0.0008805122908349052
-0.0009586968658862663 -0.0008910835409163795
-0.00046291042882024236 0.0015182710995585633
-0.002288191363151447 -0.0017406322629539943
-0.0016029969874396637 0.001549163342085277
-0.001011218645389863 0.0007833886801581299
-0.003391421103014082 -0.0007660231605921266
0.00046745963772114123 -2.3512848489515584e-05
0.000282978670631123 0.0007866733148160127
-0.00038846079038663936 -0.001931425579864522
0.000770180065322161 -0.0010098604904674167
-0.0006151059651493805 0.0003991150721990393
-0.0006295344073799083 0.0030704284075307076
-0.000420348017753372 0.0013634148636711711
0.0021008554111509752 -0.0002837645380233634
0.0006292680065554375 -0.0011897721761649452
-0.0002819091012276074 0.00046418152452614884
-0.0004274473814088743 0.0012889415781925204
-0.0015840028014068549 -0.002586275860553765
0.00033335448124752095 0.00021904277029064783
-0.00251460549925878 0.0019721019210692924
-0.0004231008283341147 -0.00047894075882702446
-0.0015823685684297588 1.8608430745675194e-05
0.00023858179320403712 0.000930764010952011
-3.7374774920052136e-05 0.0002637272817697363
0.0011172530451249035 0.0013024093327715694
0.0010547784228167258 -8.534435789543321e-05
-0.0013487635341872053 -0.0009076203080337438
-0.00020337257284965308 -0.0011142416633764607
0.0004166215623264348 0.0014948588852541208
0.0017922742785832578 -0.0013792211281660233
0.0012926795270930054 -0.0005400208759405581
0.0031541733973075893 0.001621783352506997
4.032839246304952e-05 0.000540602042848163
0.0003358787968829494 0.0013365362677267292
-0.0018125755854874002 0.0007000471109965281
-0.0013575860948471703 0.0012078862934699558
0.0016238537576958858 -0.00029032597184460996
-0.0030761156507412395 0.0004817815824528434
0.000737019158806099 0.0007634381132892613
0.0010552667302519002 0.0005289229228282745
0.0004845969508715706 -0.0014402521586372125
-0.0025572088690495104 -0.0003845466640748525
-0.00024224264821322026 -0.0002950127176816254
-0.0015198266069771343 -2.0096273370794882e-05
-0.0009021099728431437 -0.0009824607024618126
-0.0033074006136576033 0.002040022124470646
-0.0007572010316037321 0.001634312727549595
0.00012732037019330843 0.00041373380947146485
0.0012126369608814935 0.001997857082306602
-0.0013449323470209234 -0.0016976826078997052
0.0010698744318593382 0.0005424352752776189
-0.002196764404985005 -0.0005457701185208935
-0.0015515933459223856 0.00026383056884662
0.00023003901088712684 -0.0004700721490563036
0.000278666585513524 0.0006599978930384993
3.1399689256446354e-05 -0.000434158640103765
0.0001136212112922349 0.0009188611085334446
0.00025508058053883183 -3.8650591917564447e-05
0.0005084886207300341 -0.0005342071054238682
0.0011348300995485932 0.00020048856826121778
0.000278949868923362 0.0014948335811096921
0.00012608686904611643 0.0018432796767328219
0.00012082249063369628 0.000591691181254106
0.00107323959205378 0.0016944279146312087
-0.00021096363643847573 -0.0014249823393344572
0.0020859189838152445 0.00024617133315203775
-0.0021399966522412106 0.0008640532170836701
0.0006022506602069592 3.71824837087634e-05
0.0006443908832222767 0.000980351047218799
0.0008848779489453226 0.0004649296056821624
0.0018311248060992051 0.0009906230278374823
-0.0008669376269903517 -0.0005911514908246721
0.002158255163236884 0.002872896339196597
-0.0012572092142575247 0.0015866248925022408
-0.00014124904254222148 -0.0014148677107849216
-1.1913162638445501e-05 -0.0002989943576750734
0.0013760946282238803 0.0007964932104369912
-5.0375040569368734e-06 0.0009506523906406643
-0.0015971589692486284 -0.0001358304211815035
0.0012130011636110115 0.0009479393915957652
0.0006169549230027105 0.0007440145673121172
0.000383919471251813 -0.003004623235815467
-0.0006432411085651683 0.00037131278211051036
-0.00021574127635465333 0.0011046573733995205
-0.0006738851912848545 0.0001316666447605124
0.0005245319647984115 0.002638728125664627
0.0005586947222061387 0.0007313988635211233
0.0006255913339693747 -0.0013559985975670238
9.676826154461216e-05 -0.0025530393998973657
-0.0011040568808487424 -0.001311685372640224
0.000604368115447313 4.449266079883464e-05
0.0010432034213654644 0.0007502700201907807
0.0005620055931864343 -0.0008372758602004368
-0.0014782417440912332 -0.0017438759843963732
-0.0007072015921021799 -0.002476143870440371
0.0007372039463947834 0.0011392993370105675
-0.0020540007915703525 0.0032382655439017072
0.0016832041810088366 -0.0010231096557540866
0.0003074243907858609 0.0014501609756950539
-0.0004455163939101435 0.0016074147747305687
-0.001189536392893496 -0.0026563015167082025
-0.0017395222615851122 -0.0007419934952033793
-0.0006932860515572677 -0.0010600231045184009
-0.0004942427254868529 -0.00011405934679781467
-0.0013850914906116862 0.0014939766397416715
0.001203084223970048 -0.0009307610149503532
-0.003722442880647419 0.0010178977875399092
0.0011130683092512768 0.00022587747659691575
0.0013291092309316128 0.0012695732719879428
0.0002880781416672429 -0.00025471395289071094
0.0019294780596492468 0.0014587471055359524
-0.0013071752047935927 0.00042963355502975237
-0.0014020714526092688 0.0006098222540562935
-0.0023474538305919067 0.002132614179983022
0.00031318259379963035 0.0010963122034536306
0.0018492577027386132 -0.0017931242115163711
-0.0023635781804110865 -0.0012466481322316962
0.002184254905312749 0.00028263058917065846
-0.0010586995428422171 -2.8325356337562756e-05
-0.0013157594155755957 0.002048953503970631
-0.00012690706285988884 0.0020391538069783333
0.0028366548590834945 -0.002348429555473992
0.0009214635011987231 -0.0013720482687210691
-0.0033272594229067833 -7.248740329597678e-06
-0.001305282236326508 -7.18671031341362e-05
-0.0008079475359218596 -0.0011277677505526274
0.00042017383095324 8.328518083785021e-05
-0.0003298629124898502 0.0018039895056783716
0.0010670032074668757 -0.0002793107220895534
0.0003254864616206588 0.0008611677626567654
0.00018062927774109628 0.00030135336179361425
-0.0010913419928587423 -0.002518430166629176
0.0015976779598382519 -0.0006916805666955758
0.0013985865278418135 0.0018280659713514405
0.00010351199162698288 0.0014232314493631184
-0.0016145346238593647 0.0006335497379043587
-0.0010913886088267642 -0.0006106396615743103
-0.0020248410732454105 7.522440623715054e-05
0.0008414587355557091 0.00025715122742083456
-1.1643304154917505e-05 0.0006194422457563007
-0.002806463416173733 -0.001848239665837675
0.0004880297368168172 -0.000656206729174494
-7.85637820314595e-05 0.0019728591081318455
0.0007987205322053649 0.0018947881939568511
3.157816004136689e-05 -0.00012343566034995012
0.0014640894985603083 0.0027707236333556094
0.0021776928423378927 7.424654133744513e-05
0.0020336737973164374 -0.000596415838699986
0.0010304859865656216 -0.0015615758296677483
0.001190372828800547 -0.0012874249174318069
-0.0005397361956696767 0.001889216266906097
-0.0006235361813362846 -0.00040390306780190726
0.0010294321486684944 0.001306659921169159
0.0008846867331300247 0.0016124222961779702
-0.000990217889704984 -0.00056942859946642
0.0005715243723467866 -0.0001246471957331835
0.00055579587992282 0.0015556881919393936
-0.0010877460408365933 -0.001415821948381342
0.0012453819990239517 -0.002080900708827947
-0.001160749188613817 -0.0005292349678904656
-0.00039309061865555557 -0.00034872028811655607
0.0019951463963895077 0.0012906587234947295
0.00041392362197235195 0.0002652254168245174
-0.0005559368391288838 -0.0015373228849919166
-0.0015987504576335276 -0.0005154119906705894
0.00037467894750087933 -0.00029216999259367403
0.00042161394387287763 -0.0011288764590584143
0.0007282691700468289 -0.00021213448386960793
-0.00043056996020206603 -0.0016551433385530322
-0.0009820963387630723 0.0019561458110909256
0.001289183610395974 -0.0015158292121309111
0.001491991403259269 0.0006528576893516608
-0.002442084969654726 -0.0001908131642831759
0.000793058043885827 0.0008997405879818241
0.0023520106397071205 0.001069265564839519
0.0010342670749476882 0.0001334050544993626
0.0019438736888899876 -0.0012992930787600655
-0.0007708362217445607 0.0019355888383214333
0.0005339655760580932 -0.0005306485851670722
-0.0007010934089703635 0.00012378371414147935
-0.0005338828159803218 0.0008404054014700857
0.0022801715222747986 0.0015061354897086755
-0.000900902848875935 -0.0007365687091405339
-0.0009170815480951601 -0.000571058078637351
0.0007579932592169755 0.0005394635450539218
0.0015134073343566713 0.00024231155273780536
0.0009698486387506342 -0.002390799456008853
-0.00011424803656333673 -0.0022846932940989
-0.0003929931062576391 -0.001529353670784469
0.001683625249439586 0.0016069809513885158
0.0005142403492649892 0.0018927399846005066
-0.00023102672902559953 0.00045693519218250716
-0.0006387764345848003 0.0007339049553138987
-0.0008024912570646862 0.0026044124471426857
-0.0004976079860857649 -0.001373354103915992
-0.000664253550983149 -0.00034035382132304375
-0.0012035155828375981 0.0006159485047059416
0.00027699386806769776 -0.002366083574403437
-0.0001632540968958265 0.0009700129766274161
