6.160629343424577e-05 9.19236367172797e-05
0.00017128140541929567 0.00028178076344420415
0.0037308176276338503 0.007478684770296559
0.0012216198573423561 0.0018567947115724443
0.0020988676886513516 0.0003074556424009006
-0.000843169171905286 5.209899784034536e-05
-0.0003855669765622683 0.002867072432697047
0.001390102616651691 0.000888110272519737
-0.0018133288964071203 -0.002554217448226225
0.0012637781320554763 0.00015146760225286977
0.002740637981151932 8.413793536211755e-05
0.0005652292248396461 -0.00013670947508233558
-0.0008553079239647384 0.0016628875444834738
0.00018409683737880943 -0.00025961222378443856
0.0008695515873035366 -0.0017755224985119321
-0.0013036131409221781 -0.0014566211514906828
0.00013847525320999425 -0.0004929625588679697
-0.0017949511443239913 0.0006732113973899239
-8.986993622621198e-05 0.0005887582028990117
0.0017487487082361486 -0.00045012607799790205
-0.0004938636615120564 -0.0015612815618440013
0.0005101413419026525 0.0005769944243002698
-0.0002942673393137079 -0.0019117024842450429
0.0009661739086626477 0.0010749384249039559
-0.0016692595171219926 0.0024759593149593496
0.0006175700597794921 0.00042585849576168603
0.0030521560099468024 0.002620884035223406
-0.0012185963035840992 -0.0032283424408144946
-0.0021751200625922743 0.0010332704998204498
0.001393905956256367 -0.0009949869646327647
-0.002149069884553075 -0.001017286068907691
0.0016094736317246207 -0.002078963286873813
-0.00033901795561078505 0.00099451683233608
-0.0026077804487521484 0.002113867283563518
0.0019536028272867808 -0.0002953027525649125
-0.0008279534244470748 -0.0007932207051842586
-0.00016229577618938408 0.0007006320148766692
-0.0016547037831347886 0.0003240026399437425
0.00031622940298938325 0.0013900281612747535
0.0007757689112195867 -0.0035449365095198636
-0.0010474189072606159 -0.0001641431739966032
-1.4292248874386314e-05 -0.0013071368915074388
1.9534820549160726e-05 -0.002384727459490848
-0.0006745728962993926 0.0016276511421669541
0.002145747858198697 0.0008058649097612596
0.0024769651924671002 0.0003059105282493564
0.0012012070335894922 -0.0003978670704243562
0.003791902191382414 -9.055355237107644e-05
-0.0014110213482766577 0.0002768039894526422
0.0015375139246811538 -0.002179238014068447
0.0019727317617786134 -0.0002350184019054765
0.00029822284415516906 0.0026544990065485337
-0.000239180275859217 0.00045464018470622695
0.0014215917080484398 0.0011981098782429278
-7.434364050572293e-05 -0.0019419380068633361
0.00039326216562083716 7.25452982674137e-05
0.0002965477554760153 -0.0009556024822407396
0.002044185598022162 0.0008343269470220911
-0.0015823843127187437 3.147810884518835e-05
0.00050706537516008 0.0006700211996307088
-0.002172084860954386 -0.000849570555090657
0.0017404455546331811 -0.0008485862149655713
0.0020158931578896267 -0.0002517475693941794
9.988385450586618e-05 -0.0005487787141271956
0.0006296516664961967 0.0009454480487731483
-0.0007128088233034644 0.004198471526954942
0.002495501910479263 0.0005275243216953977
-0.0007547673436142755 0.0006157519309330045
0.0017580932197505687 -0.0017899511529029335
-0.0014144078014474853 -0.0004866349185249085
-0.002032687523193036 0.0009926431381101872
-0.0009495660576947013 -0.0009456742720907284
-0.001295054201480416 0.001090141815067853
0.0034995645640930276 0.0022011525407043893
-0.0006415150588976647 0.0007374536862082663
0.0006332268827518032 0.0017828983638214198
-0.0002073618857517765 -0.001198706145001114
0.000155768662316403 0.0011288871082444276
0.0014559268830907383 -0.001443932939525475
0.002468191771978129 0.0016966576733422945
-0.002252268451893273 -0.000669339924184697
0.0002448403781021749 0.0022831313563893563
-0.0032773798751984454 0.0008845598449077967
-0.000589749471846441 0.0022507416310795607
-0.0005095794624196037 -0.0008410793827611827
0.0012955342038586811 -0.0014146272223361936
-0.00021902635793930543 8.80462627817518e-05
0.0006303835484544659 0.0017103177758632392
-0.0029519827488155037 -0.001095084780472185
0.002409366825003254 0.000203980430738713
-0.0004045519605334166 -0.0010028843210216562
0.00020048598274569353 0.0017627579214207637
-0.0008687447020281974 0.0027831383494320234
-0.0007555506914509717 0.0001381674129273793
0.0015142156367260056 1.9679685319412712e-05
-0.002155910258803685 -0.0005235292726673912
-0.00023194510272066837 0.003386501525654099
-0.000728757219067822 -0.002904107650606236
0.000644563414408579 0.0025693853876777918
-0.002309816383717976 9.764513217800859e-05
-0.0015730441355937409 -0.00036192964577909414
0.0004095085394121205 -0.00031693942700016
0.0019186909047248183 -0.0003306650644228179
-0.000987126001467008 -0.0011897001037327807
0.0019204299343269068 -4.300778110585219e-05
-0.00019026080881561841 -0.001292896518308274
-0.0010671691633832201 0.0008677375405665612
0.0022805764972197388 -0.00044260962003579604
0.0006586033599752903 -0.0003533158335800927
-0.004153894974589167 0.0010378362949906594
-0.0007511906900475 -0.00023508875750863115
-0.0010154899741651633 -0.0001914661767717782
0.0009416695231539498 -0.0013683679570973071
-0.0026506070429157145 -0.0021410064979563576
0.00023734090787594676 0.0017742039784389575
0.0011018290658541265 0.0008083002592279742
0.0002708614845607449 0.0012366476766089956
0.0018862602593503635 0.0004837294224801766
-0.00024422216702562575 -0.0006051720916507937
0.0013583070199712944 0.00033868582039417726
-0.0005373191276477603 -0.000478915177101687
-0.0018097285948526411 0.0007719731458513463
-0.0011352345568686562 -0.00027061366573764487
-0.0009009474351770574 0.0009132967131603291
-0.0005544997337198752 7.26517340642983e-05
0.0009593095197596538 0.001999182780480245
-0.0012402377203476198 0.0005681444689019155
-0.000837175387543503 0.0025602393569847223
0.0026980671121694714 -0.0005261647064662705
0.0001100391405525868 0.00014403607574989377
0.0007800669508080877 0.0009401931258856925
-0.0016973323176339807 0.0013420390498888497
0.002702711774152056 0.0008636464467990931
0.0007924176090488657 -0.0013607335547374476
0.00102418151816581 0.000754757945061385
-0.0007920102022845113 -0.0001340416544742029
6.187435333581836e-05 -4.018804421704763e-05
-0.0010555193869446588 0.00104062320455667
0.0015558501366355504 0.0008742861281459594
0.0006164718724045557 -0.0024262325808068605
0.0006508736326766406 -0.0009410201880527856
0.0011780754799013335 -0.00011611694435802023
0.0005686281642982075 -0.0004918869237726265
-0.0008700627031023464 0.002841109019388457
-0.0027774873928325047 -0.0007454164112536067
0.0008342629438824268 8.265681264738117e-06
0.0016669186559649493 -0.0006428101867056183
0.0026000544024286885 -0.003937463059503851
1.1527100140937999e-05 0.0012162450112642711
0.0024884488343767403 -6.838830384484022e-05
-0.0006906201898659722 -0.0009044670715873519
0.001090403738793402 0.0007807734819077842
-4.320003578121305e-05 -9.087559070418134e-06
0.00239288916997735 0.0005701884842235517
0.000655123245398712 -0.0013582281299330814
0.00020304582136689898 0.0013413612005860871
-0.0005024452055802412 -0.0006882641474760757
-0.0012095388436369964 0.0012157755277633247
-0.0005874705936015493 0.0009736738982252081
0.0001451392671541342 0.0011493265984545886
-0.00024585645611324523 0.0009056975484196278
-0.0007469711407988011 0.0011263888103604173
0.0018180795710027397 0.0011433090901744145
-0.000488325223122417 -0.0006493343453680706
-0.0003722527706057679 0.001712261951355148
0.001886837123829878 -0.0006414290480000191
0.0015565191238275536 -0.0008950486570009216
-0.0006230942544489554 0.0006730810322259521
0.00023032063211500626 0.00028843486587960235
-0.000254228445595679 0.0015861844278941021
-0.0016296479733315218 0.0017537315898079214
-0.00047824854424986714 0.0014655955641233063
0.001995082056790352 0.0016643602645671294
0.0010924142159269214 0.00023963816524797288
-0.0016893920152234038 -0.0005519475833647316
-0.00032418145512768857 -0.0005369493992725081
-0.0008510473439838953 -0.00034368445929339224
-0.0007500347025644789 0.0012856346212236248
0.0015814255217235537 0.0019505150945803194
-0.001311408720715912 -0.0003027020323724112
-0.0007896373927235105 -0.0013287502319301832
-0.0019871380268340275 0.0021133532208896153
0.0002034203762086312 -0.002460896398112194
-0.0008395873651906976 0.00021575830046531387
-0.0021336264744411717 0.0008588360874577522
-0.00042961405122300293 0.0006248580560928324
-0.00016783302661574524 0.0012749437233467496
0.0032163038778275244 0.0020816403497124062
0.001025020727972451 -0.00034228839978398147
4.33177124263274e-05 -0.00010641442082225907
-0.0016060028959953582 0.0012984764325927327
-0.0007143990689319941 0.001317888191313431
0.0007402591012094459 0.0023047600154769104
0.0005455037400676576 0.0007213285422400091
0.002737016294501602 -0.0017268094956230634
0.001351625659193141 -0.0008093208251736451
-9.747527089867915e-05 -0.0005453233565900022
0.0014349070347753038 -0.000983338547051446
-0.0017421035090702543 0.0008148200030812467
0.0009954133795301533 -0.0005862887228862766
0.0023671907968029087 -0.0008908271034231806
5.956514704195914e-06 0.00017581103165318282
0.0001944282838249741 0.0001340364317666379
-0.0016196655160223763 0.0002950553871870779
0.0009672987131167133 -0.00038869967269634963
-0.0012027258053785937 0.00038915745602013404
0.002584217592885495 -3.498180511398491e-05
0.00366038823885376 -0.002574250969335288
0.0008223157351906189 -0.0010227728336784621
0.0002528354674648486 -0.00033760338434894727
-0.0019455548225723155 0.0022873173760527216
-0.0016498437114664379 -0.002630579422510082
0.001334439922827595 0.001079815843299035
-0.0011092103517793299 -0.001224283094645537
0.0010293243623183213 0.00018666691920479593
0.0006232455700108688 0.00034798445402449223
0.0005705140626730205 0.0015902373939826833
0.0031277837099749984 0.0003341595750853566
0.0007619906259424673 0.00040320806757005784
-0.0011123273033060966 -5.373452348424995e-05
-7.446584190003905e-05 0.0026201838555523094
0.0014355958932022496 0.0014523292841931118
0.0010970265109374268 -0.00031146836906574944
0.0005561458139589416 -0.0008799456111047539
0.0013560032508775294 -0.0014766300421408694
-0.001016429583302751 2.0132195456792834e-05
0.0002658772285754062 0.0004940248585376168
0.0002305932307334643 -0.0002537355978532892
-0.0004104618065895098 0.0016432018402691784
-0.0021345420184288567 0.0030283238639855514
-0.002722234920383634 0.0021231917619866985
-0.0018762385947513542 0.001446564861523965
-0.0005305776622601336 -0.00040263355977860894
0.003861965259739443 -0.0006336446995574655
-0.000930286882135892 -0.0013224635179572694
0.002611847215544551 -0.0007924009899969354
0.0016770631605212195 0.00014841390850644598
-0.0004190647852151277 0.0031116779060207335
-0.00014185452934915627 -0.0006761452880910962
-0.0018815480246992097 -0.0010979329744647901
-0.00127125116972187 -0.0007673439278991258
0.0008575597314976352 0.0014458497123365681
-0.0005023682697473382 0.0022754527663134323
-0.0009106490272757523 0.0024557053150697796
0.0012474595396851213 3.823145773113753e-06
0.0007542550884258035 -0.0018145251967872384
0.0022655205400479604 0.0010790065932364263
0.001170978022916277 -0.00020429275256327584
-0.0003793354785249551 0.00040051625887003545
0.0023423603450569903 -0.003504921050316924
0.0016071517254433376 0.001231848345684786
-0.001802732786271428 2.8722510201115033e-05
0.0005186735022855316 -0.0011326388986466999
0.0008903170451269024 0.0027923770376898508
-0.0016157227515271207 0.0006230817793758821
0.0007637179813776903 -0.0005406365644417187
-0.0021756977534559095 -0.0010420034206900426
-0.001618945201314108 -0.0008648550249300559
0.0006672204903743418 0.001278979699452112
-0.0016975120979321914 0.0012064659772835766
0.0018196081550595853 -0.00030486068012435376
0.0007039893978435726 -0.0007900003992650094
0.0006560679170391443 -0.0009517014995842476
0.0004049273313299001 0.0037371380143906723
0.0018252140599646768 0.0003941723660202682
-0.00042180703377784284 0.0003552789816072204
0.0008316729574493907 -0.000676308975587928
-0.0018747964980735457 0.0008573875318023741
-0.0016562548604678509 -0.0010201523785747864
-0.0018412944036639012 0.0006996395272151089
0.0002799476949072096 0.000969831649005713
0.0038451281374724186 -0.0004086141764406352
-0.0011096175436034262 0.0007977605035032685
0.00043603863855541024 0.0007868124794748131
0.0012682795899775902 0.0013747288165721603
-0.0007549500568719028 -0.0010290720818574438
0.0020317338833185502 0.0016914973893753739
-0.0018725903259077029 -0.00306207044197475
-0.00023667663701813736 0.0005338532803998971
-0.00015399175136625564 -0.0007371847223980899
-0.0013410568476941356 -0.0018780829948134793
0.0019036079744302237 -0.0001264290366863302
-0.0010820534188368796 0.00035481388144826913
-0.0012636174669596498 0.0012206119435322566
-0.0004606482153380423 7.932970993556521e-05
0.0016782950583599384 -0.0020245855728194297
0.00034993866872139905 0.00011838437000749412
-0.0009825201147399553 0.000570054916147908
-0.0008670498820432653 0.0002467976012672211
0.0014266828147411511 -0.0008651458584951112
-0.0016165218268809395 -0.0005981120957319474
0.001450006510838651 -0.0007792394445288258
-0.000783399047409938 0.0006094220623477295
0.00319716221854343 5.203179967207519e-05
-0.0006154819651750606 -0.0029431941282564767
-0.0026437349644892706 0.0002829245953997665
-0.001252561276919741 0.0010340217001184474
-0.00020991512781259146 0.00027111224547094837
-0.0004290225405699084 0.0005571644967012134
0.0019289561331780694 -0.0015498398879675206
-0.001206413967823443 0.0024392162866403292
-0.0007221602395818747 -0.0011714274343615529
0.004648175929741189 -2.8293212925907973e-05
