0.00015171873246820673 0.00018986351672855333
0.0002444150016352611 0.0002271589898663902
0.005979135586244339 0.005423861809693876
-0.0026790540622286026 0.0001619769397545269
-0.0003929433624050038 -0.00025792784378114806
-0.0021912922721555946 0.0008369825198084607
0.0022715973457862314 0.0018693397643208124
-0.0026401460651388157 0.002290579425231413
0.00042532598606239986 0.0009398295485717692
0.0031722855689336094 0.0013797287622467952
-2.5113902217915295e-05 0.0001566783338090131
0.001112797855047127 0.0028545479393429617
0.0026552977501139658 -0.002270560287391469
-0.003215084972888882 0.0009789422142417235
0.0006783309953664505 -0.0008236456135805048
-0.0011654900674695362 -0.00015771422868061507
0.0007456812450186941 -0.0003104194789412805
-0.00031912743614682265 0.0004596896580910798
-0.0013744655717400928 -0.0019485439948883712
0.0017358463941211841 0.0009364218278100622
0.0011643364728090853 -0.002573030936546581
0.0007537553869170272 0.0011196175477796338
-0.0001718559854250656 -0.0005194734214452576
0.000574445714018558 0.0018951196847582822
-0.001938808401678694 0.001491497862508814
-0.0007418253126797165 -0.00026870230691153243
0.00017462718578287268 -0.003320702971020677
0.0007983683821083286 -0.000602222553290451
-0.0022438698514280963 -0.0019919489476862484
-0.00185471964289966 7.895163086013685e-05
-0.00032702640130775846 -0.0008432394808377004
0.00211067176604496 -0.0012255675043746455
-0.0005209292601714718 0.0029846596590843493
-0.001295038837134391 0.002189480168150058
-0.002150251610483795 -0.00033072992107105144
0.00039894255921491 -0.002715338005634272
-0.0011780266875460888 0.0022793610158867938
-0.0004380668860579408 0.0017131889635990402
0.0006681863225419931 0.0003484973819776196
-0.0021129752830471985 -0.00013269707328093444
-0.0008732259899835491 0.0021069548009359494
-7.721264441362015e-05 0.0009862001508514479
-0.0010503011738409776 0.00015970795956961488
0.0013220274341427475 0.0011258736508319015
-0.0013119262597577886 5.9726505186391916e-05
0.0019757535481027023 0.00040723139084241294
0.0014669865857771215 -0.0020068705784985854
0.0019857363894903693 -0.0006904802193576114
0.0014943918092917327 -0.0019547265472866808
-0.0025343512386886116 0.003950118004612511
-8.034427578305862e-05 0.00028565390428864963
-0.00045797804763612155 -0.0014993189147646986
-0.000977162362839672 0.0011882279070551394
-2.700084055461309e-07 0.000477632735248547
0.0016705920999925442 -0.00027557733079702757
0.0005858017376022729 -0.0015278038962541717
-0.0011551571545531068 -0.0006920807564775696
-0.0010280284320111387 0.0005913109802710322
-0.001797056882768506 0.0019896823803148165
-0.0005104323606732619 0.0014787670400665273
0.0025886189342170978 0.0008883985019161223
3.398789208108808e-05 0.0031183422821737077
-0.002929336842056612 -0.0013264793156693808
0.0019165583035720699 0.0010190821174553427
-0.0006787470732051509 -0.0001319877108125702
0.00258695578299224 0.0008090379484568454
-0.0004922713689745375 -0.0003976092938820039
0.0034817674272351164 -0.0006472123674392219
0.00041857871401713634 -0.0012206673237747353
0.0023158457735372086 0.0006384567913783107
0.0009745949246666315 -0.002501911318941948
-0.0018044171994218603 0.0008258632664152964
0.00013275942881545779 0.000704386323916428
-0.0009625617744122043 -0.0015970884763295105
-0.0012969560245339534 0.00035937626680902324
-0.002694680097413556 0.0004898796752258461
0.0016350657608905316 -0.00047108880622031044
-0.001735037291620081 -0.0011033048711479752
-0.003177186786320785 0.0026838743702915654
0.0020044762746075865 -0.0031171244931141886
0.0012974975354517718 0.0004711746883899758
0.003294449613050002 -0.0004029368793679971
0.0006760899436539507 0.0004461062221031802
-0.0007415600402595661 -0.0009699973400165236
-0.0016590581423098739 -2.3183897887486545e-05
-0.001511610394781465 -8.03483769079381e-05
0.0017362236557721437 -3.058077445744104e-05
-0.0002874812827307474 0.000276259918196396
0.00082094391184194 -0.0012136841514356212
0.0014566080165065106 -0.0032897768169109377
-0.0006682700938611803 -0.001842401171827046
-0.00015070020616977497 -0.0024879491179566242
0.0021366139562557927 -0.00028705281962352664
0.0009396383368158135 -9.579836252921298e-06
-0.001116800763146222 -0.0005770784923024901
-0.0009580605021812956 -0.0011111323631243875
0.00027522491026337473 0.0020138816894452833
0.001857989482643971 -0.0026119377616874552
0.000738770830272373 0.001355489709532803
0.003042247129232212 0.001655418502038349
0.002489136636732042 0.00029986701725708703
-0.000916500032595835 -0.0010615952887820632
-0.0009669514898932765 -0.004042315690081803
0.0015144511857676604 -0.0007172543693843897
-0.0020812014925762337 0.001543632938068818
-0.0004094600206165352 0.0008557575236023836
-0.00079101974718592 0.0015155447411139887
-0.002666981654305704 0.0011096829673034356
0.0005882524494319572 -0.0009876831566158744
-0.001227201944174358 0.002181757853774311
-0.0023461073421829903 0.0008687103306681008
-0.0014296082300981206 0.0008442808857687507
-0.0006588667816083467 -0.00011493227730634427
0.0016706599469995514 0.0003576548012195306
-0.0007727566629457589 -0.0003377766701652964
-0.0012171473015861124 0.0005949591805348402
-0.001214642641500054 0.0028640406419681175
-0.002661359419661107 0.0002789871760448603
0.0007789448994516609 -0.0011255232390704505
-2.170986296332675e-05 0.0023073193865815016
0.0018900582128621186 0.0010428544775311834
-0.0011752892574269198 -0.0021340685966837994
0.0021987929874234496 0.0011287512238420498
0.0006730233772084826 0.00011119932553980711
0.0004309466280761896 -0.0004813338700354602
0.002176043280659982 0.0013642207043647206
-0.00024081761554082076 0.0009703586830583519
-0.00021969210540013383 -0.0008554434778635181
0.0008479710787709008 -0.0001516329680036615
0.0011551081029812186 0.0005650607655565334
-0.0015312504815165012 -0.0004469246933018529
0.0011866301740837276 -0.0009149989887523769
-0.000275058849012111 0.0004951273235353478
-0.0020337643534191333 0.0015685021324535423
-9.19852813861336e-05 -0.0020167186278211386
0.0014925880576267723 0.0009572589111590975
0.00022409155453158002 -0.002574037471541265
0.0009530412675927486 -0.0009436544428635315
0.0007809906385899513 0.0007894744553814288
-0.00046906031063016085 0.0014153201691685592
-0.0011652048751649778 -7.567593761627987e-05
-0.0006085143295647253 0.0006502243299476163
-0.0012721253252926555 -0.0013781882222350427
-0.002026509366980684 0.00043392900374434175
-0.0014580957104114577 -0.0034816665426993386
-0.0021611869031636817 -0.00046108236646429617
0.0013764898256972326 -9.91223664964464e-05
0.00204260508068192 -3.0310458044309865e-05
0.00027511343236868855 0.0010864486376825392
0.0032227450843403563 0.0005736598607711087
-0.0011748644381045098 0.0006695525523585224
0.00011535372268551997 0.001031921605539883
0.0006872304655209025 9.101096526411355e-06
-0.0011907635126058495 -0.0003971659911419451
0.00028848178736572323 0.0006195459184027256
-0.0016215566055771424 0.0007300925592397759
-0.003042393854911259 -0.0006984275435592602
-0.0019472954483707912 -0.00023008525571065278
-4.930499070161277e-05 -0.0014338945070062642
-0.0021949092942394103 -0.0007901479917428139
-0.00038761362405775163 0.0011996890868815207
-5.655087454200913e-05 4.9857756014073204e-05
-0.00016022401384651352 0.0012505473181210031
2.535300394016967e-05 0.0005391802170938507
-0.00014142577565931934 -0.000885817861816123
-0.0013607797400462765 0.0008921657907544516
0.0001418645311772943 -0.0026150590749565105
0.0013926972915811876 0.0008162480265743956
0.00043810848326799874 -0.001072137029594993
-0.002095620138387938 -7.221801738595084e-05
-0.0021146312618298383 0.0008509259187139007
0.0006434211994188591 0.0005721578361982454
-0.0013204718584945445 0.0014164266761368598
-0.00017050371755222471 -0.0005335327720014497
-0.0023106726471611425 0.0014387337320199724
-0.00027468444446575703 -0.0004072104680089555
-0.00029974793157664444 0.0006463333644037925
0.0010723775897557896 0.0008208776335897012
-0.00020307353790070308 0.0011528768610725366
-0.001850326996969221 -0.0008542394911452031
0.0011806333660910175 -0.0016119056915655599
0.0004757475716333328 0.0009975177595506987
0.0005524116161824007 0.0012954962915053341
0.002106110819726052 -0.00042072121284768087
-0.0017048952677970214 -0.000659413699800184
0.0013612489744925687 -0.00012058145002393105
0.00023122073343902018 -0.0019299068026207766
0.0002993912943868409 0.0006953443225750958
-0.0005550093380631027 -0.002280583247009862
-0.00017865714055305033 -0.0005308326609087882
-0.0008358053736774979 -0.0017864773125684458
0.0008619884086772811 0.00010007468066753535
0.0018193529621941846 -0.0015561370578840144
-0.000354091783524383 0.002625345330743571
-0.0015554990813522838 -0.0010275386347427986
-0.0008043588769062634 -7.780630895004334e-05
-0.0005203793221847562 0.0023360624760009416
0.0010222703096876996 -0.0012291157054660513
-0.0012761420145682711 0.001316612863974785
0.0010082273144468013 -0.0026117965747395632
0.00245047978384481 0.001027509253404311
0.0017332069325113365 0.00024069265249626238
0.0011643380389841102 0.001513953751509899
0.0013565471340593943 -0.000669966880823008
-0.0008065962002230145 -0.00011798173844611664
-0.0011232576797182358 -0.0026373835480179397
0.0014373218956341164 0.00011307484368332147
-0.0021863987717721835 0.00033297730012507977
0.00168055776829579 -0.002142378220914469
-0.00040632860278427233 -0.0005027321970718647
-0.0008604735431047353 -0.0037586241311158264
0.0020664255878701725 0.0012744708057298925
0.0004975404130901206 -0.0014765180018810533
-0.0020897287656168016 -0.003341360132994252
0.0005680098074607065 -0.0014276992741090566
0.0002218270667528685 0.0010642972573713296
0.00019047274325044946 0.0006116094807162494
-0.0013896542190045163 -0.0005963674956567137
0.0008687210657617873 -0.0013329220100796024
-0.0010306056000010226 0.0013988216372516386
-0.00016676198013936114 -0.00044936724982108704
0.00020415170026946762 -0.000437285353554787
0.002545389513048098 -0.0009345764981689256
-0.0013782780789252252 -0.0005660636749977786
0.0020229088613897546 -0.0002749400277761569
0.0002040609279665647 0.0023816120829779535
-0.0032707326791562557 -0.0010127143996795404
-0.0010208769716709078 0.0007691136268790228
0.001339733365576148 0.0003861630559932852
-0.002353342664716986 -0.003306773003226928
-0.0007182491496573823 -0.0012820123439187547
-9.124368857584189e-06 -0.0009327085986550698
0.000774809121312366 -0.0003691784348370451
-0.0006768288987658222 0.00022064755034215857
-0.001418320920281178 5.620699744417823e-06
-0.00010528726062903475 0.00017348243340786933
0.0015028047071146292 0.00041838170960805667
1.9334288496728075e-05 0.0007637296737183005
6.6227974339465464e-06 -0.00031352816334767944
0.0015478812418375108 0.0019575023612602035
-0.00010556446712275063 4.4871945109901105e-05
0.0003557189699179656 -0.0014349054880252227
-0.00046040405192442665 0.00210858256123537
0.0002340948487527307 0.0015822430925836878
0.000287998431628005 -0.0011438114080656464
-0.0013602674734980015 0.001026631706688628
8.382523701893592e-05 0.002192243092499777
-0.00035273372671966094 -0.003274788931739242
0.0017663461879273365 -7.519669529936921e-06
0.0014433608754450872 0.0006066408854532482
0.0011364441952505789 -0.004103917040070784
0.0012944164226457468 0.001600775465891418
-4.124285308143896e-05 0.0012626405316193054
-0.003719337474246932 -0.0027196950706788146
0.0005735456782100126 0.0002626633927701601
-0.0005518097450755159 -0.0014050029395191073
0.0014310776732830836 0.0002514685209544194
0.0006914621417109703 0.003052786435455156
-9.954162610637616e-05 0.005128440969651124
-0.0005697456824026662 -0.003412347834040813
-0.0009553766951331458 -0.0013391884064495236
-0.0010319571623274167 0.000252931997315151
-0.003065852613572485 -0.001213369598554878
0.0005861678498855956 0.002510291574297283
0.0004682165229998014 0.0015473136270272607
0.003352982868809715 -0.0007062224228566339
1.754872713215733e-05 -0.0014390260579349747
0.002292673240084023 -0.0004010193912918602
-0.0006204918650121061 0.0003116204205345323
-0.0020294430220891176 -0.0003514966359261941
-4.9197952984974906e-05 -0.0003590242393733936
0.000796105848456195 0.0005704421190945773
0.0014394847224759404 0.0018511031754255766
0.001594262365817554 -0.0001938790728364999
0.0024358334036713694 0.0002157049456306688
-0.0008439863272358081 -0.0031410429315294444
-0.0010790086073704881 7.690381971790086e-05
-0.0005441373012901636 0.0011145722125136025
-0.00011116193903926937 0.0016612949267030487
0.000702917243891925 0.0017346122131875377
-0.0026756109968162703 -0.0014705502716473961
-0.0023092355456025043 8.021309483593493e-05
0.001549350052289811 0.001778278864459297
0.0006181080596006442 0.0014141629363656923
0.000748617953205463 0.0006738020713862174
0.0005509511225728353 0.00039860026535907807
-0.0009083340346609294 -0.00021089261768706893
-0.00041106976678548587 -0.0007353049630622235
-8.351566834420568e-05 -0.0010200981091426729
-0.00012654927947916287 -0.00044366833466672433
0.002450356644380247 0.0002963161884641767
0.0013447858371081337 -0.00028160987921552704
0.00011179159557435494 0.00123261028120578
0.00010608205323272295 0.0004963652749723443
-0.0014436057540442987 0.00015865466050651752
-0.0017735569453131246 -0.0022493560812361963
-0.000907934725849314 -0.001034346480655578
-0.0012238865410924172 -0.0034080893775216992
0.00025141968513477315 0.00014564377830497113
0.0005105916637785983 0.0006129460462765903
-0.0015208207337835155 7.033947444704475e-07
0.0010639130800068268 0.0004511681025363636
0.00031768910321480597 -0.0008281071311350448
