0.0001666286754660772 0.00021143489512625392
0.00015911692802942512 0.0002842036969645366
0.0029595022197226655 0.005128393952503482
-0.0011780071006330527 -0.0021974345281935365
0.00010170573666652694 -0.0004255171765475868
-0.0020293151384960634 0.00046393692466939614
0.0008530698734715261 -0.0018812751760380266
0.0021186337033170435 -0.0013054088538934482
-0.0016493654392631962 0.0022464606508167703
-0.002508757166417976 -0.0001971533214464664
0.0013536520336119935 -0.001042044731628182
-0.0019412740680357125 0.0014259845632078084
-0.002793245732806888 0.00027340061263168435
0.00016586997056503114 -0.0006351383115888937
-0.0017181055540937918 -0.0006587580042787658
-0.0004898806703384637 0.0024464438519101175
-0.0007670545310436538 0.0019872136468536985
0.00012023982486461246 0.0012319258410859863
0.0005157948350667132 -0.00026557537951211904
0.0005889012330635363 -0.0003006249365343769
-0.002661149780893762 0.0012299544640048362
-0.0010925701152752533 -0.0002755127788077997
-0.0010322871442884137 -0.0007596486024593515
-0.00525659371816129 0.0005777117527609807
0.00032546736050927474 -0.00038544323622124386
0.0005261301588255687 -0.00040021522589683486
-0.001733426704406321 0.002104902505815409
-0.0009679548238630307 0.0015274526523049925
-0.00043789641451489605 0.0007633219632226724
-0.002222304711462013 -2.4118626503377096e-05
-0.0016939188968931689 0.0003447754900381534
0.0011924873483726659 -0.0006028016919789103
-0.0015976812546144813 0.0006739227766438421
-0.0005055300186280794 -0.0003151932529877617
0.0001411410478098176 0.0015343988814480957
0.001704594287151051 -0.0005758264679549882
0.0007139882795001653 0.0003630648136707849
0.0027725060809044946 0.0006849697815490103
0.0007233665430956196 -0.00040476742905398434
0.00029248170094191555 0.0017157344085964666
-7.51326384017946e-06 -0.0016899377427503476
0.002918352788264848 0.0011997663196486568
0.0004253818750817359 0.0020120576850193557
-0.0013769398188056882 -0.0008557437823377073
0.0023894732107157765 -0.0024381252492361736
-0.0018921240316886988 -0.003295380389033952
0.0023434477930855575 0.0005460846632466281
-0.001237980415492006 -0.0018543136197311967
0.0001494392587951194 0.000830538673150926
0.002089970088714225 -0.000939859795054389
0.0001204853865522154 0.0002987823394017342
-0.0018827394260846689 -0.002037293308663239
0.0004075889395782121 0.0008521971001139336
-0.0025560642742314204 -0.0008168849245522037
-3.8799102397586775e-06 0.0004056262619505118
0.001125617208291542 -0.001285309326976532
-0.000458848798640999 0.003144959746169815
0.002935384770568232 8.963586492078634e-06
-0.0009293593791980744 0.0013523666590535498
0.0008879412240365845 0.0016975836967985589
-0.0010745952726920057 -0.0006495180416602158
-0.0013202501046847542 -0.0016998518199183726
0.00036659529091868947 -0.000877412940683436
0.00032447233835181284 0.002481666387417547
-0.0005502363636178029 -0.0007783218644803106
0.0006864038806781491 -0.0007299952802141903
-0.0001536177005650267 0.0005311076055571145
-0.0005796350267817368 0.0017503773973293914
-0.00042584697194998644 -0.0014702690704101842
-0.0004311485492260091 -0.00025272607677985005
0.0009171656417790123 0.001951384401562374
-0.0010015169231426789 -0.000804748946065116
0.00016406894472670105 0.0009302477644507308
0.00022630004445280198 0.0023971527328627926
-0.001452214866871005 -0.0008624258672026928
-0.001194650837283499 0.00037624264035700754
-0.00011401850308509113 0.0005185216823180164
-0.0007240136699432918 -8.24020446261652e-05
-0.0020590783379966877 -0.0012091204143036976
-0.0015046117809915309 -0.0012610864998982806
-0.0022365042174500153 7.065820789864781e-05
0.0005575404649178601 0.003127967872504385
-0.0013481480023777234 0.0015803394294646043
0.00024890967844408006 -0.0019407691705631168
0.0007008762724956067 -0.0012473754923284703
0.0002004236269370419 -0.0006697659408022145
-0.0007428794317937864 0.00013893395766813503
0.0013592720593363719 -0.0005356281350660815
-0.0034735250906298785 0.001371707045947551
-0.0018428394831739258 -0.002025059369939562
-0.0008109516112925673 2.6087510259367846e-05
6.945837137193155e-05 -0.00020396341434657036
-0.0010533022345976652 0.0009302464830019739
-0.0005993738783844616 -0.00025653461101570434
-0.0012778703494985676 -0.0003733295038725896
-0.0019216257107418139 -0.0005215036877698257
0.001911249989015518 0.00029147713613557325
-0.0018523512404742188 -0.0007255201767625548
-0.002566403820115425 0.0012761142857939723
-0.0009167296892916488 0.0008232444191784473
0.0004532796864493025 -0.0011042627274812258
-0.002511382068520457 0.0026529964031018387
-0.0005935464913515241 0.0018810394374495017
0.001475720528399321 0.0009256900238921915
0.0019221239817514139 -0.0007864790617708754
-0.0007294592013468046 -0.0009736241170318162
0.00016732518617260992 0.0001801636927700023
-0.0007962812770068957 -0.002593217229476699
-0.0005559188771045625 -0.0005122853395294329
-0.0001969366721982707 0.0001798411856303316
-0.00042558460108216826 -0.0025707010666967873
0.000777433571579613 0.0011355689373808496
0.0006032300085624587 -0.001414570121084672
0.001721188971127491 0.0014960531408800995
-0.0013996232858024193 -0.0012596277108168309
0.0005470428337503273 -0.0004588615782266985
-0.0007000357662455022 -0.0006234241199080883
0.0007629022899289943 0.00020735484247759589
-0.0008623990664663718 -0.0002076085118912336
-0.000848966157798337 0.0007062578462889797
-0.0008749037399832329 0.0010094829539546704
-0.0007492582974721539 -9.150498803149067e-05
-0.0008709274688300364 0.0009714430451094033
0.0004500937829746058 -0.00027762494473100395
-0.0016019698327471908 -0.0006089898668587579
-0.00037467189684446504 -0.0006033245621813451
0.001585975543801899 -0.0009836406688243959
0.0005200141740166278 -0.0005683051584146921
0.0013936998798733146 0.0008965320182985222
0.001022098663242778 -0.0012867863195963017
-8.724043085530126e-05 0.0011428348498885947
0.0014454838116361385 8.71816924887765e-05
0.0021043133131750553 -0.0012586215329334599
0.0009140629036452826 -0.0020774571846780667
-0.00015848896294642635 -0.0010102185014457838
-0.0022418505261800436 0.0013887954318544012
-0.0016195023756165542 0.0018074145490714565
0.0012964731463626289 -0.0003526300090480404
0.001339045842035724 -7.04376690357502e-05
-0.0013569770343462577 -0.0008028313764573693
-0.00087207408408064 0.00037704357024286793
-0.0009212329005666084 0.0013053796231240812
-0.0015791778054231966 -0.00019273121489179524
0.0015980668522177757 -0.0016357635215833808
0.003612553766443976 -6.95520242601405e-05
0.001104759399568405 -0.0011523846535876688
0.00045182378554638756 3.266910807117343e-05
-0.0016855160659175702 -9.610688082031292e-05
-0.00030660656399813087 0.00045153331723136303
5.2964788143663644e-05 0.0012221744224778666
1.382587381305434e-05 -0.0003016342856617597
-0.000269092511497861 -0.0016884022966214983
-8.753719457202138e-05 -0.002150633137441932
-0.000322803025902094 -0.0019786106196160143
-0.0004069278223428026 -0.0010537064005422406
-0.00022075488891990877 -0.000878312420724893
0.0006130450585474679 0.0006361962948652561
-0.0012170259180864704 -0.001294688254930141
-0.0018775903121001662 -0.00100867385687708
0.0004029785588305391 0.0013483375980610122
0.0006125926207098347 -0.001173487943920993
-6.750224154690581e-05 0.0008971036344929386
-0.0010863921465913173 -0.0006448437400829916
0.0010392459551964977 0.0018305110842752627
0.0011298609372943555 0.0005149418720229795
-0.0005126203833321586 -0.0003706693085152798
-0.0015824129412147364 0.0002964701715217959
0.0005689852200331237 -0.00043835640994970145
0.0011452624625557532 -0.0009742394035748305
0.00030470797678613546 -0.0006981169609623018
0.0003626504466813536 -0.003531134235334682
0.0009904024194256316 0.0008087624806625347
-0.00240110357822551 0.0009896964591279134
0.000581295208693057 0.0008666889134743787
0.0003322144210661934 0.0007190473903325457
0.0013872936116802917 -0.0021710829978236965
0.00010082913394585071 0.0009347222313625014
0.0008346718855371601 -0.0011632387857716327
0.0007571297514885918 0.0016910926258410265
-0.0003468162391299828 6.577631118901195e-05
0.002042334656636399 0.001123573851292838
0.00101696514595966 -0.0001288474863956981
-0.00010195115626342343 -0.000906885993530205
0.0007597879795885519 -0.002446841001289943
0.00027565356258276455 0.00045688467176962925
-0.0006505814328796482 -0.00046038242059464495
-0.0003715842543049932 0.00018659099999143898
-0.0020856663843554207 0.001087232611915947
0.0017085726118250533 -0.0012134966538102294
0.00042501212750752337 5.177216716010057e-05
-0.0003774189914593159 -0.0006578632576983435
-0.0018411659855780854 -3.094545619457848e-05
0.0012385133168489346 -1.3444651557743162e-07
-5.198770872283004e-05 -0.0003456722195050906
-0.0008470214523871308 -0.0012837136919301646
-1.0946425841945004e-05 0.002038187898103152
0.0006175910154934229 0.0012290464183847207
-0.0033287177359569873 0.00014515597273412933
0.0015669295895520562 0.0010045536454291607
0.0017333222956943408 -0.0022583395448020223
0.0017221166001555566 0.0008100528670960623
0.0005114506865221844 0.00010099437172249383
-7.914948983958771e-05 -0.0014265609552160548
-0.0028970026669041457 -0.00021187029475626035
0.0013489301617844623 -9.398997239794992e-05
-0.0033312847118263144 -0.001792355995788456
-0.0007868695162777138 0.001589987448199213
-0.0004132937527574126 0.0028708768164643936
-0.0007601455402525119 0.002415648408400137
2.4568549476903504e-05 -4.630728389124474e-05
0.0007980695778591739 -0.00034002295309429266
0.001620637368742514 -0.0009662722661805158
-0.0022427443771133714 -0.0012469828137403774
-0.0002109050060351374 0.002478681915205611
-0.0013361989523718 0.0004944865569688
-0.0030191824504035977 -0.0017966835878926374
0.0009632191877014351 0.003360439792829171
-0.0018048992174710691 -0.0005444347754821941
-0.0012407941761155338 0.0013756248857941253
-4.842993132517652e-05 0.0003905106849368883
0.0004752236237715247 -0.002920085347651591
-0.0014367800716569086 -2.2350848146545442e-05
0.001341633365504329 0.0002352376307767622
0.001209082227491205 6.965805900904741e-05
-0.0018697976640232327 0.001431591290940765
0.0005721196695694191 -0.0003220201657289401
0.0013778162617105042 -0.0001386993572300092
0.0008731897831278045 0.0008575736865204915
0.002763850627328116 0.0018687330649881583
-0.0006437997977519119 -0.0015556468231290575
-0.0009724735221475688 0.0012439046915600118
0.0012889344343145913 -0.0008938280102737657
0.0012878912106097733 0.00022831997271738382
0.0007321613007446725 -0.0017014480258039342
-0.003280767597074211 0.0014066980821202456
-0.0008630284926037915 -0.0010507886870244525
0.0016771101128898519 -0.0001141578202775186
0.0018088316378941773 0.00010240472812828365
-0.0007454695219949624 2.0035984109402347e-05
-0.0012897684066793462 -0.000531675214749154
-0.0007482243715890224 -0.0003985278151504874
0.0007459604908915681 -0.0018749984997813347
0.00021172012150131133 -0.0012116423885467106
-7.107189502634534e-05 -0.0015470043747717785
0.00021902572935277763 -0.00034011877405275314
0.0013172294141711915 -0.0018929750000150113
0.0002697109341140079 -0.000300593184046715
-0.00010985639078545806 -0.0007052733268980476
-0.001261123045878475 -0.0015022547853831912
0.0001498272104111052 0.0009810290443846936
0.0007064552495963008 -0.0005172417960633613
-0.0029651401907997057 0.00020479351083586484
-0.00024562817897525623 0.0032867904964967772
-0.0016225298852486877 -0.0003698538901833405
0.001269384713050738 -0.0016464236876967098
-0.0010372697730959002 -9.455329458305649e-05
0.00024672332840055275 0.0005320322814352613
0.0006281268130221131 0.0009469116982960272
-0.0017584139524518725 -0.00038736749485317754
0.0015772320402219367 -0.0015521698430803952
0.0006598050036645556 0.001782146927630286
-0.0014279625798305532 -0.0007085605587781115
7.71900138141134e-05 0.0017121192967693977
-0.002230557699826956 -0.0022180061264766644
0.00024247832011773323 -0.0007583477404780066
0.0022606324628777507 -0.00015907829056363971
-0.0016118945609329325 0.002211252892639398
0.0008160614633777039 -0.0016779260318986384
-0.0005580209639124028 0.001363163649021147
-0.0004446633196310203 -0.0006614200317130015
-0.0005838947901893355 -0.0005351293271514658
0.0004848073519028031 -0.0016059713381069284
-0.0008523595744893985 0.0006797455273668641
0.0011474495556197488 0.0029430158903687347
-0.00147767005587037 0.0009556310928637849
-0.00047981140375155543 -0.0015338266013366635
0.00041908585008281857 -9.357168211609942e-06
0.00046613907621283863 -0.0011389971503408681
0.000854593663229131 0.0022180756867772804
-0.00030576970369081857 0.001067347775695095
0.0010731465686668 0.0003017425008081368
0.0003452882337866972 -0.0033813839992710435
-0.0025482030568977332 -0.0003815850539601655
0.0010633225333249018 0.0018827494218083744
0.0010473154676815058 -1.9421527099690954e-05
-0.00398827921844568 -0.0012337199028250327
0.0007348253310018795 0.0005289877469611592
-0.0010586088172030543 -0.0012200467559474256
-0.0008584098675809933 -0.000617513955746636
0.0006293761960678909 0.00013905983739992002
9.79660651028776e-05 0.0007427371320271521
-8.020700688551728e-05 -0.0006413410625888671
-0.00036391971191989124 -0.0017120279141850396
-0.0004072125386862503 -0.00025224032280778976
-0.000608662707548222 -0.00027064218188080136
0.0012282082363381341 -0.0013041297279350766
0.0003855849803887264 0.000912221990899318
-0.0011002032536094278 0.002010800131578553
-0.0012974888471227375 0.0007135379486011001
0.0004471835210068419 0.0023846880948172906
0.0004785143878393957 -0.0008976910813677674
0.0007961874639071309 0.0005934993048517537
8.542104115647888e-05 -0.00018276132793228087
