8.371388844456372e-05 0.00016677852488610742
0.00022348116838624582 0.00021286047583001403
0.004968189065838017 0.005894749757187123
0.0012445774804258878 0.0005842904948523752
0.0007000673360544505 -0.001991854858955353
0.0009268614675942849 0.0002436120007276808
-0.0013041089873762426 -0.0018238813941187737
-0.0002556763525993826 -0.0008775854460283664
-0.0017548856201814952 0.001083454996984246
-0.0016133956350839924 -0.001471829462157308
0.0023511721930492492 0.0012510067043354962
0.0008719235312956225 0.0006005969109164727
0.0024433757840027943 0.0006940903289549116
0.002081358616700631 -0.00029159102203055534
0.0014186013549757578 -7.781278917074006e-05
0.0017114422592875184 -0.0007403884677735321
-0.00022940068033264552 -0.0004927647378136729
0.0006839629735475837 0.0016293851828598595
-0.0011516644514696025 0.002189810609253328
-0.0017677345627337662 0.0002384663742175712
-0.0010930333337884318 0.0027356143585873733
0.0021142175369719602 0.0009927516172888126
-0.002133764499312972 -0.0001392993027422262
0.0001243717995418298 -0.0004149278683697137
0.0025058738165934986 -0.0019979631287303005
-0.0027195351058721916 0.0005641359052322455
-0.00013978175942250135 -0.0009818694188015633
0.0014282331952066097 -0.0022889445846932246
0.0005866299102365545 0.0009333100041888597
-0.001834884390329563 -0.002215377221977614
0.0002210305195787389 -0.0013161186096471097
-0.0016466623721633742 0.0031052259142633756
0.00044688626602839345 -0.0015481008323351203
-0.00047657247085839744 -0.0022290073599757192
0.002205190064463296 -0.0009790168309044911
-0.00028825773835561774 0.0006972448910581431
-0.0031027326851519334 0.0017052635655091697
-0.0011927231923743928 -0.0010641006234620176
0.002157565720602352 0.0009829123635206498
-0.00021598731809798044 0.0009343059495108571
-0.00046932026192883237 0.0002266347544711479
-0.0027305075113325575 -0.0005582499910475522
-0.0024651432133268878 -0.0002460747782550835
-0.0003464297487461642 0.0010225257581664244
-0.0002956882888347691 -0.0009982817436476814
0.0013126057342714502 6.476786938295828e-05
0.0008207976563029629 0.00024827726577514254
-0.0018391176712169314 -0.0006351266685617836
8.503924448818662e-05 -0.0007954179458424332
0.0007728269949958117 0.0008555116612818297
0.00037901165501478434 -0.0011511307953786288
4.000917583424482e-05 -0.0001346515426127464
-0.0018515119333494257 0.001414236181483095
-0.00033184010186623454 0.001224534895961591
0.0002210640159996217 -0.0007165581293157187
0.0004999976541308971 -0.0012545134728197559
0.0005850502499165558 -0.00012543087447748115
0.0004376115931008868 -0.001891194186006097
-0.0010291295740968188 -0.00040241812036291005
-0.0019811191396736988 -0.002178661182394107
-0.005137594991400041 0.0014613552098417134
-0.0019459891303334415 -0.0001260592260704356
-0.0005293328702638026 -0.0014810162720022017
0.0007338948783407297 0.0028458429793369916
0.0006833675302680049 -0.0016478344039310292
-0.0005923866747221267 0.0013830296163413035
5.855362595813148e-05 -0.0017758480026226243
-0.0011011204565373087 -0.001559527910608441
-0.0016137204950864097 0.0011741696780092656
0.001593378384623667 0.0008664860563955013
0.00061122118925419 0.0014194526232879556
-0.0020934381401054307 0.0005823147314927494
0.001696606058331976 0.002051689642773713
0.0002636587995348912 1.6914428343749446e-06
0.0014468647130912306 -0.0017821076173855084
0.0010223914252417204 -0.002102437630227781
-0.0009462318673297055 -0.0008883746244775104
-8.412995784627931e-05 0.0004905002384040472
-0.00040475311840956237 0.0011007810985596614
-0.0015874755114594291 0.0002444769985793902
0.0011122747387075126 -0.0016452250512431776
0.0002921440826794467 0.00014142901151063074
0.00131516428061999 0.0005796507061001806
-0.0006152383912578668 0.0016961169384772812
0.0016329062410976084 0.0006754160743374641
-0.0026603419462732053 0.001218682468789472
0.00014071425651342883 -0.0005008607456838158
-0.0025183164059127553 0.0004812802035597459
-0.003880335940334126 0.00014730195735245994
-0.0003203698286319019 -0.0009962446113304627
-0.0024583560294554425 0.00010696775279108716
0.0003523353705658208 0.001784332921026304
0.0006016256840294965 0.0031220844090178125
-0.0026542725665264096 -0.002042760819441465
-2.6683297258341784e-05 -0.0011359121084229592
0.0004896294384247336 -0.0012967413180752499
-0.0017868601320149952 -0.0008828829669995087
-0.001031680122743498 0.002703024877047731
-0.0010485799796283327 -0.001388985371932917
0.0004265092866340072 -0.000614358489250871
0.0006397757631064524 0.0011301261105434344
-0.0009713664771240862 -0.004152562716359552
0.00011369196067179086 0.00012343502416940378
-0.0027214461067505526 -0.0012409810844307481
0.0006010902608405746 0.0015802270395206472
0.0012054995176421872 0.0015766794549585635
-0.000692460020292207 0.0001536010190106679
0.0009257209108404565 0.002445483349511871
0.001471159152523637 -0.0012162614052766388
0.0018197869459826335 -0.00048801403710548713
0.0017843790462582813 -0.0004603137051289412
0.0012744894382770442 0.0007548599980748251
0.0019544407555939507 0.0013133642101418185
0.002364986217212248 0.0001580681005462236
-0.0008527215450913772 0.0003860337361747232
-0.0008527786898541268 0.0003616062302546067
0.0014528314658617382 0.00027067557936003196
0.0007302338405098624 -0.0012710946068938567
0.0008999176386924818 -0.00043121528526158485
0.00046467939324316857 -0.001577517606320793
0.0008792222216730618 0.0027332727089213692
-0.0006455020650273078 0.002543975480574546
-0.0025477552307585157 0.0007194974529879805
0.0014959873497850374 -0.0017140661124317267
0.0009977544054078221 -0.0001736055917876591
0.0022342503419269977 -0.0025328919185085134
0.0014106764557490902 0.0010918092371052315
-0.002706348911384639 0.00013676399154891183
0.0017187864307985723 0.001036107627460397
0.00030386519641048613 0.0016058005103466674
0.00043833261112020554 0.000733705303500888
0.0023381539233406426 0.0010959224349388606
-0.00029656423171848357 0.0005432055372380898
-0.0010367603467557425 0.002850428956319441
0.0020205828828769538 -0.0010780778510895846
-0.0018930096505379152 0.001979805709532315
0.0011390069842153552 0.0012892043348280797
-0.0004885379672004714 -0.0008334734489550979
0.0001289933160060149 -0.002707825027329166
-0.0017791848635034164 -0.0016574933390927458
-0.0004640655701707346 0.00015216119889696094
-0.0006438808894178714 0.0008577083761393403
-0.0009231316206241742 0.0004870404868910486
0.0007676130001221579 -0.00023972689687668216
0.001677916449361227 0.0001070562146560181
-7.263053962063611e-05 -0.0012680165271017944
-0.00037718830037787734 0.0003030649963737696
0.00048258861489754943 0.0007449761593533434
-0.0004985955888084775 -0.00038206978603295966
0.00010814371362715795 0.00011019434482532142
0.0008920563994674699 -0.002652539000254381
-0.0015665655881646572 0.0004948685978967893
0.0010843437751804049 0.00014060791243188084
-0.001559934816541591 0.0009732988731217225
0.0022209182725332903 0.002276609803900994
-5.8892698363634335e-05 -0.0011618009282881306
0.0001503995458823313 -0.0005242047271826516
-0.001698993104164007 -0.0015888855040468578
0.0008991155176698661 -0.0006786038412538752
-0.0011455665897947684 -0.002040338003159317
0.0009607955457980447 -0.002219570464355843
-3.1869405571372184e-05 0.0011405310233022835
-0.0009590758625919475 0.0007400008492035063
-0.00030100617948298065 -0.0007210180306595409
-0.00022075713796711118 -0.000836124989197446
-0.0011392840953484322 -0.0003724817342428233
0.000987155446339137 0.0013751296880742407
-0.0011280805444135033 -0.0007728292989103531
0.003263043868202964 -0.0005873073630437733
0.00013198574766162057 -0.00025594651613086803
0.0005153825757542176 0.0019092254898055532
-0.001506625108044688 0.0016377255196183675
0.0015029998727492861 -0.0006872918690969565
4.9833492640303045e-05 -0.00030917077859655496
0.0010420094641502085 0.00030483892144862827
0.000964633086909218 -0.0006739062679751483
-0.0009811615169798837 -0.0005354452438845493
0.001142565206540046 -0.0015153205747836145
-0.0010526434820828218 -0.0009179539261713354
-0.0016626041276792745 -0.0016051181621326075
0.0007429153456536212 0.00048371868064876864
-0.0010155677149670226 -0.0017368280680039583
0.000299099643891848 -0.0012878915634890837
-0.001630100270136196 -0.0036262234299580067
0.0017081017647403074 0.00040341808161398354
0.0017655903024617692 0.0013485034139398742
0.00025600942141564795 -0.00015110529898682226
0.0025235626232757947 -0.0008420086506716328
-9.50748116710356e-05 0.000122168178720208
0.00032528597619847516 -0.001401072680833707
-0.0005095079201221084 0.0014468216112339327
0.00018921647343007268 -0.002662993588884761
-0.0020680502031803177 -0.0014011980685044363
0.0007970968343313221 0.00016144074027511342
-0.0008150290770222947 -0.0006702415728648357
-0.0013261481101040625 -0.001163476264268575
0.0012790016140151693 0.0008786667255140017
-0.001526122900179851 0.0024651651574181337
-0.00018499230140211361 0.0005612931682508636
0.0008122911246253746 -0.00038060038645131635
0.00048362609416271 -0.00110375278015714
0.000710553476106396 0.0019976497037552375
-0.0014004229534296444 0.00014182250235964295
0.00033352107288688954 0.002183681029458142
-6.0331165130206345e-05 -0.001475110252576973
0.0003285146507698463 -0.0007004689766541638
-0.0020873625982768193 0.0029089734391134067
-0.0021082381856024988 -0.00042138651140432546
-0.0009685848283911728 0.0004632404678442946
0.0007274048045640307 -0.00047844140969376055
-0.0009761584361640054 0.0009653236198108713
0.0011144744750509177 -0.00012240748293938406
0.0022131321675924282 -0.0015589843629942048
8.653282575116744e-05 0.0018181724580434943
-0.00040026278458373806 -0.0010890889360162456
-0.001913779275877968 -0.001032940812025494
0.0005783696784669612 -0.0004307827751087417
-0.001324462362501725 -0.0002765034009914054
-0.0019204265966628286 0.0005706724052062105
0.0021694988487205853 -0.00018607004863765685
-0.0005589972327917331 -0.004328294399842296
4.577683168605052e-05 -0.00012477721710719273
0.0006944296291248795 -0.0025574500570332615
-0.0009020234033090175 0.001560374751218632
0.0003901586714253782 0.0010180226234800477
0.0024901388968980105 0.0011610853248776765
-0.0022020403748446264 -0.0008932008365827075
0.0022634233847395927 -0.001089102585292923
-0.0007865978276782773 0.000896435287656845
-0.002225766595221003 -0.0003164303780186218
-0.0012222622854287251 -0.0024521478838283803
-7.77520298285283e-05 0.0010349335761451208
-0.0025490690251063937 -0.0012343492340663757
-0.0014076959886401477 0.0011995806624215516
-0.0010495460812925633 -0.0012375581410832067
-0.0023878026260337306 -0.002139937527374855
-5.2937260160241994e-05 -0.0011528050493463853
-0.0013185636909108036 0.00010387844990164365
0.0019003632158245815 0.0009714509555335335
-0.00044875274794731315 -0.0030057859281827242
0.0006793858365892649 0.0013372652709310452
0.0010657412832675505 -0.0016742209430396524
0.0014039921474391813 -0.0018413085412798155
0.0013901896337013507 -0.002217740120668271
-0.003353632005684551 8.356930196424582e-05
0.0008579661889633239 0.00022922786226165322
0.002530495412527564 0.0005548298714509734
0.0001631959690237715 0.00261141148071491
-0.0015790530437579486 -0.00047103847410989426
-0.0017825425806741635 -0.0014038832495101587
0.0010879677678724714 -0.0010005575629119972
-0.0022399527852630264 0.00023621843969250027
0.000474248950045487 4.772368120255612e-05
-0.0006690115824885073 0.002298192067856357
0.0010996352804838144 -0.000720790921204385
0.00017966744147681867 0.0007307250815765545
0.002543524290924132 0.00019817312310675247
0.0004519207698474888 0.0006403624378512334
-0.00031105419094361433 0.001248952673603345
-0.0015606832937009832 0.00020102519711373326
-0.0018392182102969835 0.0010675826830556883
0.0014782785502134555 0.0009825083814580403
0.002869449833024165 -0.00013183746443962713
-0.0004922367232635681 -0.0008063232815428744
-0.0003069903314769402 -0.001515089484106285
-0.0031839390607257705 0.0005823773445620149
-0.0016351514942574382 3.458930030838588e-05
-0.0010564337060439285 -0.00011873106660603038
0.0003922488772374498 0.0023347463920555763
-0.0006842595096822273 0.0014507590256261152
0.0011813291916876435 0.0004579673885702543
-0.0007093828608149346 -0.000255747343821087
-0.0016348905557764966 -0.0005868271351057239
-6.545405261531002e-05 -0.00010142830145451072
0.0021890472365715253 0.0017100091444490486
0.00024153075967454755 0.002013399292349706
0.000533119174073267 -0.0009775135661131199
-0.0014598179198095698 0.0007393174100450216
-0.0021927916170309753 -0.0001275374145051071
0.0010441716359101485 0.0010290360069130301
0.0015585303514683221 -0.0010933096314875855
0.00031362965208979286 0.001274872445590517
0.0013161110354825473 -0.0008634614822399506
0.001281397456760517 -0.0006254143539644108
0.0008891385581754552 -8.492523088359223e-06
-0.0005319421763574849 -0.0009117860288250335
0.0011683472655374583 -0.000346774402426035
-0.0022080275285586717 -0.003680211419059733
-0.00038833702602735355 -0.001832381015393962
0.0003074586442937875 -0.0002322965096556618
0.002646486803546651 -0.0002767957762550708
-0.0007163522914517036 -0.0014870949402418165
0.00025456338864258466 0.0007375756045238079
0.0009163887916024897 0.0004710069723941866
0.00021235146210004494 0.001933187971507794
-0.00027361455696363633 0.0008353939892880438
0.00036684094434971524 -0.0022934709656256876
-0.0012251873599822992 0.0010300630692466391
0.00077833765044665 -0.0022625624129856536
0.0009044532570189011 -0.0012943147602612272
0.0032112374629462946 0.00029946394707008195
-0.0030034000912460227 0.0006957098700324728
0.0004764555795147257 -0.0035038262305481997
