0.00021506146202829744 0.00012443094828035054
0.00026527027696509085 0.0002819021483893099
0.004766349424541304 0.0033584531524105676
0.0013375603459514422 0.0005308720948370222
0.0019353950213732273 0.003042866429594122
0.0028831405017095938 -0.0008203650437048823
-0.0017166263389016697 0.0010853857892691744
0.0014140393766894498 0.0023552737376531553
0.0006678003999011883 0.0021342728136890285
0.0005995358021981487 -6.221542562248729e-05
0.0015591032360100945 0.0002247226491887751
0.0003718151253127654 -0.0014253346708143803
0.002311199053218573 -0.0011428815351959228
-0.0006662989533826643 0.0006792571721739346
-0.0014964613240364005 0.002248583275767616
-0.0010304443615636197 0.004194387240988838
-0.0017479004630747 -0.0014008964192128185
-0.003151714856034494 0.0027054846051058805
-0.0016578224904391294 0.00022005947071022393
0.0007165032535718091 -0.001819705226178675
0.0013887623206359399 0.002273520432722062
0.00014880524045103396 -0.0020520588532780184
0.0006206173583827622 0.001436700950951557
-0.0007595410794030682 0.0012454928170793653
-0.0015893842998534404 0.002119050819701475
-0.0005001505445504028 -0.00027940700367555695
0.0005488527516902963 -0.0031619714702955503
-0.0015079804304296669 0.00032054858423300386
-0.0008630777456716062 0.00044976887405122145
-0.0030262464792278902 -0.0012028488723600423
0.0006889573693156571 0.0005775010970834171
-0.002290190766016896 0.0006263500410551274
-0.001767083243139802 -0.001017875375305659
-0.0009444456209201512 0.0019399640216792014
-0.0007385016181555902 -0.0008861899141410078
0.002275895785507903 -0.000520849054075047
-0.0014552013618873766 -0.003169293972610829
0.00234014169106609 0.00010225838527611695
0.00032472202407856846 -0.0039591953025460295
0.0009636223101149878 -1.9496094236579573e-05
-6.010164523443276e-05 7.934121823919776e-05
-0.0006595207257521174 -4.649778925168704e-05
0.0010391894243485676 -3.2355967340530294e-05
-0.0021371468185034707 0.0007865225933197008
-8.68660110225387e-06 -0.002334876814503124
0.00020426923807643758 -0.002136020546451709
-0.0013834806710055422 -0.0009523475436035191
-0.0006232409350824359 -0.001941432388260149
0.0004464235724577561 -0.001021796989359884
-0.0006177579249111839 -0.00098995554822109
0.0011894748637213033 -0.0008766035731510192
0.00023001689028126742 -0.001159112394778544
0.0003233824607137445 0.001819176148009244
0.00022787238803577634 0.0004409919846216798
0.0022469514786243013 0.0019227480467517283
-0.0018115279756878808 0.0015361703500856388
0.0020567686424969004 0.0014752632763396576
0.0019113449337795207 -0.00011842288109637327
0.0027484313643485084 0.004675356978990989
-0.00017599858762944165 0.0005553901127952576
-0.002429753840942487 -0.002718728484246672
-0.0023030507068795766 0.0019416718543480184
0.0005180189562678133 0.0007193914868065052
-0.0014243439956597493 -0.0014736324208004612
-0.002665738517079414 0.0012132304505982662
0.0016115458618945458 -0.003781421185464623
0.0011443808648287678 0.0006080753310775404
-0.003753844200479552 -0.0035588670066317002
0.00013004042116403848 0.0009261008942199097
0.0021157933132306336 -0.0006840604403039888
-0.00026875292199065275 0.0018281603860961677
0.0006600515168368396 -0.0002850340374209023
0.0005122156632518236 0.0020593159971776034
0.0033019630729160115 0.0003953518094750065
0.0007511017213622482 0.0005898260974944081
-0.00016471921883591734 -0.001974341276784503
-0.0022529866200235835 -0.003985366693490979
-0.0018298897844158282 0.000675380001345946
0.00021607036042050064 -0.000458589144155993
-0.0015328486532699837 -0.0002194917642974207
0.0018695880928688608 0.000508706272099906
0.0008627931354410655 0.0004535713001221929
0.0005239519750608933 -0.0026780398141505934
-0.0023096818646908377 0.001548999187324413
0.0036290777406643914 4.520402088992037e-05
0.00017297144129823245 0.00042448011199554606
0.0017217840494084585 0.0015281602676069984
6.627589450876599e-05 -0.0013586655510303184
-0.0007709439500147694 0.003389769842118445
0.00018939204256550833 0.0011390580017623558
-0.0012242196240665054 0.0027793699233977353
0.0022097713300779248 -0.0021093087367673917
0.0017639557682196908 0.0007543013669495957
-0.0013640271123935908 -0.0025726863245197126
-2.7564644758030704e-05 -0.0016871571951316215
-0.00015427114691706986 0.0016557773648470612
-0.0027758759808586917 -0.0016057878686113675
0.0011183160753957542 0.0007739491784993106
-0.0013677917485071871 -6.740231858577055e-05
-0.00025271257927929797 0.0006278178983835604
0.0002594996642409006 -0.0030552587260303027
0.0010374671902509854 -0.002387645506642513
0.0017842667104459816 -0.001546602925924809
-0.0016448776750719414 -0.00033265443099367656
0.0007021869510222098 0.0013211404025952889
9.683370404575664e-05 -0.0018981853920230266
0.0010316262504722644 -2.4473819906947065e-05
0.0019831398100556277 0.0018383477761901657
-0.0001108855045979883 0.000534748122652803
-0.002772603859355387 -0.00032671083143273697
-0.0008613884128870273 -0.00027450533661559014
0.0022778271088563025 0.0004296945186345011
-0.00274423310441781 -0.002586583741831266
-0.0023546869891649977 0.0005598108190471955
-0.0009904734493327136 0.00024602096368074854
0.00036624996313041675 0.00010219564466637271
-0.0009486466938758406 3.7987184815589354e-05
-9.635159567204385e-05 -0.0007712101174213927
0.00010862247114040974 -0.0010994252342617981
-0.00019319150423493907 -0.0007329822912585059
0.00028709541735438213 -0.000611230428082884
-0.0012842259454110439 -0.0023589128462172793
-0.002117164977644235 -0.0019839002481974806
-0.00024518997199665427 -0.0017253498812326486
0.0001421055240612548 0.0023286447739223667
-0.0008685447979752046 0.0016340809832114912
-0.00041666214785767146 -0.0013098944730681118
0.0015412810044776262 -0.0004741777682920887
-0.00183187954142977 0.00047021099775090705
-0.00044100688609227326 -0.0007338566617983406
-0.0005258027639614658 0.00015458093093213384
-0.0007936671553337287 0.00025221138272166747
4.440642827931557e-05 0.0010506349151159975
-0.0006823905092469061 -0.00019120133212945464
0.0008553330419905157 0.0012603740342735424
0.0011784962300105239 0.0006646243238355429
-0.00047972077488528706 -0.00019052575017571632
0.0010950802963378503 0.0005184334129814301
0.0011834573919458126 -0.0017682219841386058
0.00027426521636790725 -0.0014492384716381366
-0.0016909567587044395 -0.0011105691672144357
-0.00022304083457149078 0.001146559817505599
-0.0011978566406553363 0.0016263761317646761
-0.001682814922557841 -0.00026211045122266256
0.00024001078591431895 0.0003865936471841761
0.0010618067118098758 0.0002653641075513801
0.0007011554159061913 0.0001671621690145781
0.0008960228919089991 0.0007602356086665356
-0.0012694861307956076 -0.0018472117759886582
-7.28132973016134e-05 -0.0011692055367135733
0.001712359950453082 0.0006365823475222072
4.8245651132263446e-05 -7.95552681596051e-05
0.0015536597730562468 0.0010111184358080393
-0.0004913823951332024 -0.000303064422687648
0.0007741226204042856 -0.0012738150684623503
0.0018173237541939619 3.0139364799987473e-05
-0.001761299592465232 -0.0009324870698390281
0.00011310582654768866 -0.0027636133625809516
-0.0015432246120720917 0.0009265347263954078
0.0011326677153659151 -0.0013536111119735648
1.8642604768101563e-05 -0.0002613760405708818
-0.00096381091170919 0.0004284524375197874
0.0008698750491162676 -0.0002331424631418086
-0.0013994144315838887 0.0008221375050691088
-0.0014039167298384528 0.0004955516740413542
0.0015870579548041268 -0.0030719861459725683
-0.0009467924214651933 0.0011462002115100315
-0.0002910966942280166 0.00023044818090539192
0.0002825907483151052 6.668834771758839e-05
0.0015737730225869316 -0.000884540321299912
-0.0005655620479600561 -0.0011868807643989785
-0.001451193587438534 0.0001700782661492796
0.0002247997961188308 -6.595005195625616e-05
0.0019986264187692106 0.00011076698353466344
-0.00014141486806274077 0.0011057308311023914
0.0015459927360082816 0.00011850216895968367
0.0018775086138598225 -0.0016833681426369213
0.0007121068367009509 -0.00043014479466388627
0.001335977672590965 0.0016869582489849857
-0.0007725282123984889 0.0019037715511035914
0.00046588954059675544 0.0015540092469934067
-0.0031526687829691344 0.001269613279261014
0.0005905997384848476 -0.00046252035319588894
-0.00049256756710193 -0.0006451051428880227
0.001771717880541481 -0.0010981149400430099
0.0009937439193297589 0.0014718579243383294
-0.00015382539925930168 0.0009229937722057359
-0.0013560826775698084 -0.0012567964609019183
0.00023516132682448258 0.001221469674931775
0.002005618328672101 -7.188761129083292e-05
1.3970773114406377e-05 -0.0020156604736173644
-0.00018866740468275836 -0.00023226858047788908
-0.0007006560350910874 -0.0007264906509226165
-0.0015935736753651748 -0.0015016613047765047
0.0014381995857705582 7.386957940494551e-05
0.0012756262492107599 -0.001264466840684258
-0.0007420340496874975 7.845552014773636e-05
-7.034573099997205e-05 -0.0009080519963858083
0.0005054172042332618 0.0013372609569235752
0.00030125261108591696 -0.000782707094286928
0.001098297857284715 0.0008438412114931616
0.0020007605047117367 -0.0013494173621560112
-0.0022208679585582988 -0.0005977811553931867
-0.000264417832156684 0.0026395392053348223
0.0008416094594508613 -0.0011902925798502916
-4.530349731119993e-05 -0.000397286903252813
0.00036397249842555604 -0.0015678548770061325
-0.0014599584747794798 -0.002387943049349138
0.00037021238343138037 0.000281343034958367
0.00027134876846332203 -0.002194358145413355
-0.0019504305756794201 -0.0018336832705449992
0.00011951759148228165 0.0006380368348956092
-0.0014073552324594925 0.00021971865781670818
0.0007439961794767145 0.0008641363038753129
-0.00016938785320152474 0.00027431134455393287
-6.70131483109833e-05 -1.1538795397824059e-05
0.0006026851261881145 0.0015760983002537023
0.0006462000146791451 0.00010388710796771394
0.00046161134168917376 0.0019213924297490088
0.0007382000699240445 -0.0002420333121698022
0.000756700104752192 -0.0005948162393118094
0.000954654767776137 0.0001289258776897692
-0.0008542816429417413 -0.0005470132958378001
0.0033091317562261332 -0.00026633639830980684
-0.0017680020852391732 -0.0014545856715695795
-2.491182868482429e-05 0.0005639207099975962
-0.0023972610302163497 7.210572091320397e-06
0.0006595217044438275 0.0012367288695653558
-8.487175474549872e-05 -0.00044778112275860944
0.0004117679169492996 -0.0036791496379348708
0.0007941937074557474 0.0005274981982342628
0.0002588778990766339 -0.00034133879030447714
-0.0004580232078300699 -0.0012160394636379082
-0.0007507592908203743 0.0010182492315945351
-0.0004609604024208617 0.0011797739512569541
-0.000638493028782786 0.0013249588199874451
0.000784954637139222 -7.160425013079247e-06
0.0005487196285115102 6.137851714097233e-05
0.0008727589432264494 0.00028431538965174516
-0.00211143853523366 0.0027423426362655633
-0.002036679494374808 -7.80996656555551e-05
0.002375196279599297 -0.0013661426415955203
0.00028226583956736726 0.00077937020649229
0.0018791933666013982 0.0010628995380550666
0.0024406230647999946 0.0010998218032582273
-0.0001636333858275625 -0.003178969748043424
0.0019599902632435355 -0.00170081526966535
0.00037894177559853124 0.0019356654375342424
0.0023600288626030113 0.0014737814065751418
-0.0024235411757790007 -0.0016995081661458095
-0.0013836934646313521 0.00035602648307056343
-0.0021747727195268233 0.001063867346725045
0.0011998998661803012 -0.0017420169630627616
0.0013904969670470624 0.0011020337305546065
-0.0020870315419399526 -0.0005897447481750819
-0.0008667877416822276 0.0034231751960063835
-0.0012584493883898004 0.0008614748278343389
-0.0017664627075565421 -0.00022183329176578013
0.00157792172557716 0.0002763776045100134
-0.0010479705790593962 0.00019060313421612838
-0.00037155316134667517 -0.00041255840622945306
0.001779936417292529 -9.355273146444736e-05
0.0015777605393024008 0.0006928356358158047
0.0006302171985023197 0.0015409229955560266
0.0001424765020831644 0.003399149629949127
-0.0004439216364575912 -0.001901854889721965
0.0007856857397252707 0.00016930700765987387
0.0006135693352758753 -0.0008115240682457556
0.0013058685885679027 -0.0003041437147091928
-0.0007153793542316097 0.001081474831312829
0.0015988525117516766 -0.0010055157225262545
0.0008839057182141247 -0.0005981469401228512
0.002310825213261896 0.0007495008021074737
0.0005555672675062662 -0.002032433724497466
-8.064076503785533e-05 -3.882508997145977e-05
-7.604765985650738e-05 0.0016853738838492902
0.003523402418161911 0.0015402821685379965
-0.0007681217828045475 -0.00047823410239654677
0.00118046604908055 -0.0005643802577641386
-0.00017498817881709717 -0.00021747415559335195
0.00013593654201539705 0.0007286254791661073
-0.0009936105758402188 0.0014008656801001624
-0.0013724698480555339 -0.00020197947772248044
-0.0014528793491595771 -0.0026114026484087573
0.0009504358817711813 0.0015250602507537738
-0.001274105147547869 -0.0013827529818486496
-0.0022037371158585553 0.003855663128073998
0.0007985626110269223 0.003108146449748187
-8.828088097859006e-05 -0.000721844475716391
0.0016529262167779813 -0.002745635028991454
0.0008567004046357171 -0.0006399638102969534
0.00037058805581655416 -0.0013526153629466252
0.0009439818628714578 0.00167769234672406
-0.00011098198460008161 0.001103898010061899
0.001458681739983175 0.0014403605630330845
-0.002014659410739088 -0.0003515943246166801
0.00019146883430066014 0.004154485781625899
0.0012775621937126753 0.0006409546065045415
0.0004518900141254422 -0.0027542089572300003
0.0005200913519629259 -0.000668266658672062
-0.00046832609131191807 0.0011814337013055084
-0.0005887643324187821 -0.001618174244891303
0.0006034304566318044 -0.0006433377304155282
