9.851851506813252e-05 0.00018159322983521823
0.00023420013139603218 0.00013569808207464936
0.0025931604764483575 0.0029433074973266296
0.001526577643409802 -0.0014135068489521943
0.000813659364450463 0.0012615031256387973
-0.0006310381567271133 -0.002683775874014033
0.0015574411039548488 -0.00023127574261769013
0.0007254561235036279 -0.002812310756791451
-0.00033043404562273075 0.0008495234192660425
0.00036598582170967056 -0.0008886407497283292
-0.001805708904186826 0.0037656472255253627
-0.001544353461358155 0.0020421229074144903
-0.0017491473764036042 -0.002380782862452516
-9.358520181889186e-05 -0.001413667080202093
0.0011344095421313848 -0.0024121747608236697
0.0011816883722921953 0.0010155825859174891
0.0010787210173726783 0.001528969305700287
-0.002117189582553825 0.0020323053667267717
0.0006993235550533831 -0.0007128400440431503
0.0005085495277927549 -0.003327837657697822
0.0010928132889299262 -0.0007316938737435
0.0008781193438766745 -0.0006602384937794078
-0.0005678502002634416 0.00034500030430745416
0.0009586590807296295 0.0023833146970609234
0.0004857847491421795 -0.0003440462748720563
0.0009403887518722317 -0.0008269312005141519
-0.00010996369560586825 -0.00023385358121530818
0.00353968401741253 0.0012070873066998338
0.00041742329190779236 -0.0007290672029616754
-0.0010842026751554962 -0.0008827937680478839
-3.677381906275785e-06 -3.719519939757134e-05
-0.0008697117484927122 0.00015953730782727117
-0.0024170071802853315 -0.00048574974796764686
-0.0024789518799009855 0.0017253900533755603
0.0011523146796770121 0.003052498681211486
-0.0011364193512157963 -0.002146377509997876
-0.0008674320682412355 0.00021275913097074304
0.0003594730303908216 -0.00047818981714494173
-0.001498127811429805 -0.0010364889648420954
-7.780710116220056e-05 -0.0009364299212926266
0.00043304603577036613 -0.0005892342961108851
0.0026258290401771226 0.00018697066255167233
0.0002207446991893666 0.0021224035680881817
-0.0001597544479586777 -0.0023444267689478166
0.00043021490683787335 -0.0014741962479993865
0.0006338795802768612 -0.0012445941006040595
-0.0018164930136036763 0.000981212282068783
0.0014749269544502715 -0.0017271528565812005
0.0007691599966226374 -0.0009687061945601392
-0.001822844290636413 -0.0002691021300092641
0.0007733001687155621 -0.001251448828109354
0.0004601222250548136 -0.00028555836359635175
0.0007232247172591372 0.0013895335587118935
0.0010995149714302032 0.00021195559958858996
0.0002622145278821803 0.0030661543989811864
-0.0010528141946341443 0.0005965665830497626
-0.0001419179821103957 0.0011194310552951725
-0.002133137163301056 -0.0023567698441486254
0.0007709561049512374 -0.0014269923265203032
-0.0014929908759976844 0.001258373162813737
0.0018841798885301628 6.283416819701804e-05
-0.0008802610330629634 0.0005403490485358462
0.0003634680554586345 -0.000359151812607345
2.144155625352851e-06 0.003213832253627045
-0.0027611328230266793 0.0007785392263154567
0.0009071777623464673 -0.0008897922767702768
-0.0011980549012976832 0.002473208978356496
0.0024552233134645164 0.0015984964958317578
0.0009417434217332083 0.001149218146128932
-0.0023168125793912135 0.00333918579709437
-0.0014132464947788992 -0.0018093000153948879
0.0031428371847211944 -0.0003575987367868878
0.0004437876389977375 -0.0012757101959005865
0.0023174126652222155 -0.0009056022576680073
-0.0021512651444487536 -0.0019263135836305042
0.0015173368870043701 -0.0014109212743006624
-0.0030541625120107554 -0.0001847222168735502
0.002340965568986754 -0.0022275702212770374
9.719019780481232e-05 0.0004202678507162347
-0.002244925829037829 8.039501849171337e-05
-0.001972017848662696 -0.0015731833543344786
0.0010393374860035672 -0.0015862772604874412
0.0005241722077421927 -0.0008067127519990212
-0.00019545165012252282 0.0007334245933423702
-0.0009646132219796521 -0.0015666080544142521
-0.0008180861905784503 0.0002405368412230611
0.0022397186398343065 0.0013205204354364449
0.0023250767223083695 -0.0006984291432351108
-0.003937502693988563 0.0009811946353740259
-0.0010392317808295163 0.0020560144660488997
0.00046864297150020484 0.00037083812310511564
-0.002625949950761505 -0.0001289816862483692
-9.04841900667089e-05 0.0004776044183215908
0.001051048987186837 0.003604306204876907
-0.0013329686477758166 -0.0001971197929861338
-0.0007661989287778616 -0.0022983489199776257
0.0009539040791068143 6.816909658014181e-05
0.0009820248496508013 -0.0021572821791058976
-0.00035043144601238664 0.0015211609718095089
0.0006031076880942247 -0.0008604429976212376
-0.0046668972588664315 -0.00025053403710825165
0.002058978952779853 0.0011362360931337517
-0.002321302857002242 -0.00019328731498615922
0.0033394524547018353 -0.0013041047401210913
0.0005878337094594544 0.0013697238068746218
0.0010280759367087748 -0.0006437540872790309
-0.0017069425623996357 -0.00016738085678471876
-0.0005671759042514847 -1.44426738798341e-06
-0.00044967423671153314 0.0009718564887918876
0.00034948342009390507 -0.0013003446459384305
-0.00021256954062500062 0.0022588532761256977
0.0008265727638790277 0.0005130884352115274
0.0014989337184900505 -0.00016226341052093655
-0.0015019018479995403 -0.0018890370262992643
-0.000182467643946431 -0.0016772532506643793
0.0012931819246706725 -0.0011483216529591513
0.00035755782910733844 -0.00038373079846862036
-0.000252425279572546 -0.00019806398248696123
0.001274233815346163 -0.0009068980915680543
-0.001841136878433827 0.0007680796154727694
0.001971328976005546 0.0007536201616943742
0.0013743473584726113 -0.0013165937407850076
0.0012439757768570496 -0.00043294731052752355
0.0015845561427821162 0.001984983648112106
-0.001125002870612787 0.0004175082498976717
0.0001132892610035588 0.0012139453300947399
0.0017907385430463397 -0.0002291992437719183
-0.0005089125257776798 0.0012276419639915368
-0.00015918763461196528 -0.00034627666392952005
0.000789816101020687 0.001068497204058457
0.0005716796535521229 -0.00039244152542726614
-0.0006688891733258894 2.3295108572347557e-05
0.0015176931110832171 0.003124304654981758
0.00044908546234104685 -1.495583890040367e-05
-0.00014324661590555491 0.0006738712758495285
0.0029355433765630603 0.00011402958921961027
0.0006829390327282697 0.0015742523963902392
-0.0011526194913898536 0.00011943875387870111
0.0001229000858067251 -0.0012510379088985682
0.00017859333891999963 1.1381121093154913e-05
0.0009884949818273726 0.0018101234082840564
0.0002581420649807378 -0.00044805939698222135
0.0018861333254639012 -6.82344432140505e-05
0.0005110758620621903 0.001238761014989397
-0.0002290488526483272 0.0013871872196766048
-4.865078598654103e-05 -0.000589198653310609
0.0001591224626694693 -0.0004616813756845943
0.0009255784778892269 -0.0004474538455912351
0.0015228901951709222 0.0016716989215757423
0.0005191223375891619 0.0009702498215047353
0.0003540539377670428 0.0001388382451864185
-1.4518562001296324e-05 0.0015522696362569967
0.00017564430079933268 -0.0013523504410083058
0.0007974119209207558 -0.0001956896661495829
-0.0006851879224521526 0.0014511924099622675
-0.0011116210835843126 0.000602379108906454
0.002518616040095532 0.0006165284652482217
-0.0009704157773137522 0.0022825306560074108
0.0005418847426017463 0.0017956154996179592
0.001043598557115782 0.0008098195759788188
-0.0017575168779189957 -0.0008956240542960252
-0.00023464418685953885 -0.00039393965248546626
0.0026935975556987147 0.0002677178068676353
-0.00037403546633558977 0.0005653719529888486
0.00016311125956597304 0.00010022080173858263
0.001551557150240453 0.0014775450263052408
-0.0014384737195157228 -0.0015895245541136548
0.0010930237872060727 0.00037850308917614637
5.661158139521024e-05 0.0021645027952440143
0.0002225891041913274 -0.0012147645944567175
0.001161003073755314 -0.0015818227446444343
-0.00206632338137124 -0.0014162984628680079
-3.3864640951263865e-05 -0.0018777459776969374
0.00015821490836657705 -4.546876881763873e-05
-0.0023265890800034665 -0.00160208784958472
-0.00044621051735752455 0.0009698389019041756
0.00046584990376909787 0.00047427834679900825
-0.0010184588851276186 0.00023484528359889043
0.0009147259852259087 -0.00012701855491491717
0.00021484251072709392 1.1590685375210857e-05
-0.0022337406024900523 0.0009280664438178605
0.0019987108763164447 0.0004107259302090484
0.0003521517802616358 -0.0014726187039126948
-0.0019332772074159355 -0.0014511348186878894
-0.0005854957638717563 -0.0021028527476146834
-0.0012147870954839907 0.0012310749894833307
-0.0010178932530046543 4.6665813432722236e-05
-0.0008788699213037742 -0.0008841612669221573
-0.00030377446330869884 0.00027343786435485344
-0.00025375757021448047 -0.00021008934276394174
0.0003163384389258331 -0.000922813210810387
0.002007835850505378 0.00022820693307859857
8.996326212652484e-05 -0.0010859761884235816
0.002082241211286324 2.793829852282392e-06
0.0018555779582673305 -0.0010610972285639462
0.0008695723425905255 -0.001770625940958071
7.231897100366558e-05 -0.002806541764970735
0.0003295556798309819 -0.0006025783052680133
-0.00015156019476494792 0.0010459157282003187
0.0002017083534707982 0.0002831646335965571
-0.0006145778571398388 -0.00011739461139634045
-0.001416932171108653 0.000923079838418164
0.00044258446926054274 -0.0014225169219063138
-0.0009436652395741355 0.00037977230873255136
-0.0012716533776374343 -0.003108896018364716
2.3571415402325302e-05 0.00027369960895574946
0.0010329637876810784 -0.0005622228415306267
-0.0005345205465516693 0.002933244551988275
-0.0006297307312016109 -0.0005954468746919947
-0.0011015060804622481 0.0016439201335494457
-0.0005509253771423362 0.00036481608835364727
0.002792238668456744 -0.002272189254049539
-0.002147668815599943 -0.00027406476408009024
-0.00017939593717157743 0.0009882531271754758
-0.0012119861008593612 0.0008233722928902484
-0.0021955942180393335 0.00046844770507136147
-0.001214884616510633 0.00020657312246282082
-0.0023931684912493387 -0.0029130034058862967
-0.0014675395650382572 0.0029670358219991114
-0.001298231403031466 7.14187712228312e-05
0.0007899081197218131 0.0016934821533355015
-0.0005297155940458449 0.001326430239227962
0.0029821970811936627 -0.002003768341253091
0.0024364566365119426 0.0003239496660258839
5.185320533662498e-05 -0.000565722498274625
0.00013491239812875528 -0.00037918583025376476
-3.7420082004900447e-05 -0.001686078254348012
0.001352615889003132 0.0022095006100621823
0.0008693538184503128 0.0011518208342851629
-0.0011076018355324973 0.00010606075935700952
0.0018915404202273247 0.0013496011328717754
0.0024952026538852053 0.0005676800307596138
-0.0010737364551894433 0.0014693696061601085
-0.0007981364687012337 0.00024682481777279575
-0.0012310683227366797 -0.00038167116801071535
0.001109865739934057 0.0016398806719385218
0.0009760156233798989 -0.00040389755278544
0.0007972891498968848 -0.00022490451421274888
0.0008511739480994263 -0.00033213018876956116
-0.0033014805643576017 0.001971259956837069
-0.00012436444584121276 0.001442628955694081
0.000632047092789729 0.001721893181843557
-0.0013108645214827616 0.0007111083122148419
-0.0016252307619660914 -0.00013718090521069908
0.0005624725100919483 -0.0009127440963721839
0.0012121413278550184 0.0009064403406977648
0.0003146238628309098 -0.0004460681225612108
0.0005406263844489484 0.0029366256463917097
-0.00014710444063098928 -0.000448528062173248
0.00024210845450702343 0.003225731894436315
0.0018452587183317305 0.00010931851254956658
-0.00222970038165495 0.001750500406199092
0.0015745728616293208 -0.0007653518125705736
0.0010176679672304059 -0.0007730357734802212
0.0003614350752539669 0.0026186320504155407
-0.001222977310843428 -0.0024629610901218224
0.0019690480865581705 -0.002702143014137093
0.0020084681519338225 -0.0008778347375741073
-0.004071571052966339 -0.0006057305407131694
5.82324530016451e-05 0.0008070026019145792
0.001453615585754417 -0.002960592823910115
0.0011275692406025404 -0.00045821320712513124
-0.0011886609316290424 0.003409914251060282
-0.00087172346061049 0.0035868266461311425
0.00042747976641228734 4.198165890977686e-05
-0.00022563948905272857 0.0005940321706657781
-0.0015941413947723052 -0.0008606768168704372
0.00303741348853535 0.0018309253438734546
0.000706053832119912 -0.0029005930262068235
0.0009215903603147695 0.0013420180294204194
-0.0002090345551746692 -0.0005185491367675179
-0.002203668891794789 -0.0007513225158896083
-0.0011193365291567927 -0.0015029404924642254
-0.0031635632820057004 0.000377817856345633
-0.0021375247030392965 -0.0011508314344979861
0.00018023898721774025 -0.0014977777288517245
-0.0013912691217696737 -0.0002822314442504252
0.0002759983463869761 0.000326250593729534
-0.002170280204201383 -0.00122176484389127
0.0006927136111591131 -0.0005374680190449126
0.0008996753888398794 -0.0007766148553580111
-0.0010157303376964546 -0.0004544281551210225
0.001314665209394037 0.0001883538592446974
-0.0021361953703711517 -0.00031006053087061285
-4.237039581548199e-05 0.0016779688220816048
-0.00039265516420344045 -0.0008323505697766551
0.0011224138564378777 -0.0001984970692584934
-0.0017666444602772707 -0.0010052568109886835
-5.9818173743774544e-05 -0.002168162541558684
0.0012207656568188527 0.0024262032824514572
-0.0004284280642424125 0.0007897692718989326
-0.0006242487597141259 6.468713198537827e-05
-0.0009851761172589414 -0.002035798473786397
-0.0009239253479298204 -0.0014545572143993342
5.728478387040311e-05 -9.996508826931003e-05
0.00106530354691347 -0.00029740488209507046
-0.0001677791025890479 0.00106285076332525
0.0008142403768639235 0.0005910777318337066
0.00026113421091151286 0.0008123584379296307
0.0011141751313173557 0.0022411220054623293
-0.0014033479306592475 -0.0017929698848556086
-0.0018326375626070556 -0.0024571010721385787
-0.0022528192799165896 0.0012215399179600474
