0.00014418291301798844 0.00019035221360314095
0.00020775233246707775 8.61314463235346e-05
0.00436532021979764 0.002730305318455637
-0.0002834849614429574 -0.0004700994210745011
-2.533490683737092e-05 -0.002890996668982304
-0.0010969000582268448 -0.001900785624841122
0.0029345971702303187 0.0005992217115438991
0.0025025776694899715 -0.0002990107109678405
-0.002137179881012518 0.0013365426114555674
0.002972646370196984 -0.0006819078583945321
0.0010332569519810415 0.0031052471473841927
0.00037304561352639306 0.001589445285243842
0.0009576859535982504 -0.0006439903730831127
0.00017802773676341895 -0.0007203556044518488
0.001165844178673282 0.00101538489988591
-0.002025480432677032 0.0002251088353928808
0.00013692306345652097 -0.0005909008907847511
-0.0004075498084899654 0.0001233357172479678
0.0011533582305971114 0.0011828362008255067
0.0017104611697055965 -0.001353411081245283
-0.00100056703660762 -0.0024686058785529886
0.0006120464518029793 0.00022472617204127575
0.00032824430758952075 0.001623994897472246
-0.0009016019155466387 0.0027408990578265974
-0.00015373369744927013 0.00015757280981710555
0.0021780741856375833 0.00040628415815561087
-4.7715654488250006e-05 0.002232452706293695
-0.0005658608175977339 0.00189316633782015
0.0004918919381468202 0.00025242778081711507
-6.237634433898982e-05 -0.00020881113037697117
-0.0010951178028403828 -0.0013508903879401628
0.0022781657447498997 0.0014472265392758425
-0.001336465442772682 -0.0009608782501817726
0.0006750601446008763 0.0006881022764916289
-0.00047825934598971006 0.0005791719583501842
-8.058628311916482e-05 0.00045936049506373704
-0.0010968245179618496 -0.0020288835313109124
0.0011518956764584865 -0.0009442792884874356
-0.0006173375082597586 0.0007503452317221366
-0.001704511315818944 -0.0022084589692590033
5.790397092747551e-05 0.001755253742386951
-0.0032140869407131117 -0.001622782914034656
0.00023893231558613597 -0.00028848793816244837
-0.002093899093908793 0.0002251948638973871
0.0005403755930668635 -3.1047457860626084e-05
-0.0008056970029311156 0.00043852733584903405
1.1442058625674732e-05 -0.0012041163537254863
0.004381172096875511 -0.0009541875842821357
0.000177749182574531 -1.5339482183736942e-05
0.00024350283271507622 -0.002534699779152288
-0.0017850874815652216 0.0010476635596799297
-0.0009630187798239984 -0.0006138689594418116
0.0014787841026852476 0.002086065193712736
-0.00039728081575114515 0.0006105978561739517
0.0014435949883973313 0.0012226346390154879
-0.0006346961814748191 -0.0007114771594744286
0.0011949526897019056 0.005228834398432655
-0.0015143575792296267 -0.0003219229974183428
-0.00020440374847455745 -0.0013521074460626377
0.0008721156609334249 -0.00079851659043191
0.0009660225318771382 0.0022503201394932127
-0.0014442237423748694 0.0005588967002733355
-0.0008612245873266775 -0.000603981803066031
0.0003465746107575026 -0.00021215971511865495
0.0009097705836812219 0.0009841357439149862
-3.440737215499369e-05 0.0023262029738989236
0.002148117131162421 0.0017397166192602439
-0.00018528772845392602 0.002386306355529983
0.0010233381292969683 0.001085038296078228
-0.0014282220841526868 0.0016336681182127781
-0.0009176713209522419 -0.0032684885836316976
0.001726359222967632 0.0010891481837633234
0.001915108958500389 -0.0002072072338101599
-0.0012137955394580326 -0.0007662466329522907
0.0019686271336531174 -0.0009101018947124518
0.0023374408903815342 0.002029259923175763
0.0016649434365163093 -0.0003866093593078002
0.003328677150660837 -0.0011672052998020213
-0.000927192102497206 0.0006118506884480842
-0.0005568293561380998 0.0009472852260370454
-0.0014613910763572027 -0.0011480454488329362
-0.00037904136951847625 0.00029353911307167463
0.0012544252700430495 0.0010814167453042217
-0.00017226525967067416 -0.0016852559752718575
0.0006856661310217791 0.002261009908905339
0.00030409373482598496 0.0020422654962320304
0.0005158635532178482 -9.545124461092149e-05
-0.0003035824649681523 -0.00021889685576510285
0.0006902400981337503 -0.0015384524560051573
0.0011872833333006897 0.0003035168368931066
-0.0024316815010139766 -7.754554114310711e-05
-0.00038276957190110154 -0.00019618671069085694
0.0008803438411209962 0.003400714188138555
-0.0020912882496684974 0.0014414610929908247
-0.0018285287929661912 0.00277152191692204
0.002780955922980764 0.0018615946077895921
0.00026388915528243086 -0.0004958946685703226
-0.00034790308797766307 0.0006389774909433257
0.00028437138286762015 0.001009481843953309
0.0006951538905495589 -0.0012996356021583336
-0.0007279236215240125 -0.00033248824883755926
-0.0013465155701838118 0.000650035686867666
-0.0009904801085522208 -0.0015764652934926887
0.0010088437675485722 0.0017008143444613012
0.001179149453724171 -5.1862005009983015e-05
0.00030646767302011695 0.00032276551967421797
0.0017040135881564154 -0.0008871344071876104
0.00022575418099722385 -0.0002646643200346246
-0.0008780394219332352 0.0023803809361114445
-0.002207360140774513 0.00019038262221803947
0.0005302507036062271 0.0014703277185610395
-9.595229734835237e-05 0.0007657390085808423
-0.0007624787118087193 -0.0033574836329757817
-0.0012139126576384946 0.00029289110560402193
3.605539631290982e-05 0.0011498563993313407
0.0011514223360162815 0.001970314424221625
-0.0021966364154886414 0.0020953767752944297
0.0018377097576355533 0.0019526373891687048
0.0007633009438042967 0.0011434424387260433
0.0022094237345736843 0.00040462620706747845
0.0013352123185242347 6.990708119371005e-05
-0.0001032408770080062 -5.9529190611467716e-05
-0.0015638485353216725 -0.0022009851731561144
0.0007461118702637038 -0.0029528477039074846
0.00348674127731509 -0.000822804767356511
0.003339839700208569 -0.0003656458010667368
-0.0014453113243116488 0.0006744815554182967
0.0008330350048242661 4.521632602088961e-05
-0.0024410850531352687 0.000670249271725595
-0.0012681369283976576 -0.0008569442535674163
0.0009903272930225494 -0.00043805822756121343
-0.0005820144890207902 0.0005014331208881311
0.0002526123837804671 0.0008852943120898839
-0.0006388026258805932 -0.0020640836154400747
-0.0007214333556461725 0.00044609747802799133
-0.0010999915464594413 -0.0005179708215040154
-0.000900577704903003 -0.00012671287355511406
0.00147133768386721 0.001689748677898393
0.0003418865820399359 0.0006866092525275104
-0.0005465775577495649 0.003036709759143871
-0.00026085567261741624 0.00211859295535858
0.002858757051077756 0.0014582705093256958
0.0001932310390738015 0.0004860333694468245
-0.0011510502074183369 -0.0011209503267221163
-0.00014628109779239845 -0.00025208603040537445
0.0005876737607248583 -0.0005576062808699193
0.0023439993320536513 0.0010313968892432328
0.0015536058619349442 -0.0001959493912518492
-0.0007806673741031148 0.0011881136653045781
-0.0010290231509810903 -0.00024403510512405747
0.0016397082167783246 -0.0015639216427708923
0.0007064300764274901 -0.0011763687291202237
0.00023619984248228641 0.002724064468159916
-0.0022807055165282425 0.0009323404765671068
0.00023923092099671989 -0.00012279500064403927
0.0019427661047519734 -0.0005721825812091058
-0.0001241732613716305 -0.0021595527328016305
-0.0006828176906515627 -0.002162803832549819
0.001437384997057328 0.00021571833743553285
-0.00023891864656729321 -0.00202689234641274
0.0013756154763390313 0.001726784754417221
5.552841027683767e-05 -0.00044000358517912283
-0.00010483893189162976 0.0004281400761717443
-0.0013911397067716666 -0.0014322246275349614
0.0007301072509938938 -0.0012250101022340447
-0.001547158426089362 0.0013573948820748772
0.0007525006922418008 -0.00015261659310686874
0.001710511547515297 8.098883784460301e-05
0.0005412778925365029 0.00022054262476462838
0.0004715263669440807 -0.0007703267415552594
-0.00126776696018391 -0.0004238203737725552
0.000540118086891835 0.0003152362611983553
-0.0007534552647425874 -0.0018775782716814232
-0.0008270317210436339 0.0003574358043669647
-0.00025839978529064564 -0.002214668837435285
-3.889705260499569e-05 -6.440934630490435e-05
5.804248371451059e-05 0.00022176353729911802
-1.8591887548335848e-06 6.114093394142581e-05
-0.000204792287850622 0.0012981244792834483
0.00041165285810121273 -0.0005830196917967298
0.000456048533168209 0.001153199640036445
0.0007045110945689968 -0.0005088734831338129
-0.0008191299881824238 -0.0022772226556607472
-0.0008276612858082371 -0.0007167381978550094
0.0018324772711602758 2.8288706459269388e-05
0.0008175575035703885 -0.0008388483852583315
-9.825900732971265e-05 0.0008279403495629893
-0.0012014100807265474 0.000364864894001549
0.0023070889998062297 -0.0024693617447906395
-0.00018821156500533956 -0.0008314447144544928
-0.003187790960683248 0.0005199921060755816
-0.00012112451398038478 2.0530028492897774e-05
0.0009047195574819213 -0.001727456512622978
0.0023067035360615235 0.0010876796678287604
-0.0022204458166315065 0.002592410954729673
-0.0017282281152839628 1.1662306425040235e-05
-0.0016362777534754357 -8.995607924990958e-05
-0.0012459376079349263 0.0007658322829277214
-0.0002791160135116823 0.001806246371788422
0.001056373527585222 0.0011174010618410545
-0.0012969322310943515 0.0010842729464822765
-0.0005860117241976265 -0.0009293898303876589
0.0008320595306744002 0.0011196822570228872
0.0023524143210422923 0.0018301641948359135
6.0694714713159946e-06 -0.002185937858120355
0.0021796306485831023 -0.0017518007782062013
0.00010287737465464739 0.0007972440059869322
-5.1385316390694456e-05 -0.000292386700391966
-0.002371620243482003 0.003104658367147727
-0.0018919820612531392 -0.0009079258900402719
0.0014262784641465589 0.0006316926748645504
0.0005244660382799168 0.0034694254400158245
-0.000645007046104944 0.003060924056734774
-0.00099586148553857 0.0006953611877822593
0.00010970533138368008 0.0016412668801548261
0.0010148292681174806 0.0006070383481593971
-0.0005650748429893174 -0.0010524094225954066
-0.0002452678878944553 0.0005343066369139506
-0.0012807931613066917 0.0013031281402336654
0.0008198425905464394 0.0002841893967702722
0.0019492162658210543 0.0009988230458710381
0.00287898614610062 0.0007662499232845022
-0.0001427818954193807 -0.0010373153976911704
-0.001290227086337795 -0.0005630204417261182
-0.0012930440208202484 0.0001299251163198703
0.0005167905647427702 0.00019428899604239554
-0.000485831013173641 4.242582139875554e-05
-0.0012159780915626183 -0.0014993758707020563
-0.00029609837882018 -0.0011265456169668956
0.0005267965321921179 0.00038938970665587815
-0.0002560694479709379 -0.001412696132287875
-0.0003526291055759354 0.0009584467599912225
0.0021191522389312923 0.0020326503980537167
0.000561825491149823 -0.0001621224245888076
0.0018607257550456965 -0.0007224994145585921
-0.001375497918994429 -0.000849336958083378
-0.0011920561335059324 0.000652542681339099
0.0015167653636528422 0.00027338632664687093
0.003031258649451416 -0.0009867985914644572
-0.0010443635602869743 0.00032681957713251225
-0.003233031852377617 -0.002841802254099506
9.160175324312826e-05 7.657586784762623e-05
-0.0022504347823651856 0.0005463909499343219
0.0007289370296738068 -0.0005881032264914635
-0.0021479801818100517 0.0018234732579964566
-0.0005910476794205836 -0.0015998753915730205
0.00022954098738623752 0.00045811532633232085
-0.0027195699653451426 -0.0022227346969618754
-0.0011342068271881036 0.0006065286269159691
-0.00034864095802457715 0.0004187402768226279
3.321766792502028e-05 0.0010308586230322438
0.0011457549095160659 -0.0008592793737390286
-0.002422568604305679 -0.0011139900013938477
0.001519596031730638 -0.0018241397157667675
0.0023550820191362712 -0.0007129821766960808
-0.0007907799012625289 -0.00033595594373181565
0.0028682686630030164 -0.0012295430121155857
-0.001308892356398739 0.0018931312521344805
-0.0009019903591239202 4.946389040608571e-05
-0.0013653730429350353 -0.0009050173258282689
0.0007392169483643269 0.0013414495813154322
0.001256313428349709 -3.5708518107545694e-05
0.0031140095484223167 -0.0023103651755503724
0.0005012783074394431 -0.0020626422208036314
-0.002117667445174163 0.00024899421355803155
0.001685993530193093 0.0013360762415803315
0.000959867651168938 -0.0001846368912411906
0.0016603436892670387 0.0028030218052010913
-0.003585240541290258 0.00044796562233835526
0.001957149474471465 0.0005202161032772175
-0.001898322151681649 0.0002165989385350538
0.0005183345056770296 -0.0030556058275605195
0.00019372202152507446 -0.0007669865054509673
-0.001475476273814121 0.0008358785141920595
-0.00022191575791143128 -0.0028731467143792862
-0.0008745302605488358 -0.0008471414358982504
-0.0006201071347382356 -0.00015179727952413554
0.001401766462797535 0.0007367875556586612
0.000664833215039964 0.002559159983793037
-0.002455123525748429 -9.50132282506939e-05
-7.480950565907942e-05 -0.00043473725063684167
-0.0012857401122071737 0.00024734976574102057
0.0005216754294630304 -0.002179277353777477
0.001212773076041118 0.0002776611092086168
0.00022354145268992502 -0.0017614233953024848
0.00047788079990539406 -7.83581468425539e-05
0.0021732945274599244 -0.0015927103761001053
-0.0008383876668527454 0.0024982372397288274
0.00016910160956708892 0.000394008599463275
-0.0007960032526036999 -0.0006604078280314517
0.00012614529736569466 0.0016377576870467978
-0.0001458156940124826 0.0012409121829145432
-0.0012930323662689563 0.0011094246306640426
0.000645773860417099 -0.0007924591321950212
-0.002297368300531054 -0.0017062978375325633
-0.0009758534334977487 0.0010508173558296122
-0.0027099913786613433 0.001188937607874891
0.0006713060248084841 0.0010709776481262765
-0.0006184761866749078 -0.0003319018310092298
-0.0006051010730836121 -0.00019116500345640075
-0.0009341962212202324 -0.0002645509631884702
-0.0007951482572417728 -0.0011942246147519787
0.0004044889328663729 4.826340374383638e-05
