0.0001059195256172746 0.00020570856918939676
0.00032210339324375344 0.00034703670089722
0.0038973479198245596 0.003330815843758654
0.000813305941815079 -0.003002280309709968
-0.0028277481456224756 -0.0011622151188412989
-0.0014576300912654682 -0.002919614680626115
0.0010532780636612578 0.002641662753846671
0.0045569554624277 -0.0010420810556292144
0.00014157726853623835 -0.0015439250890970481
0.000980485997622096 0.002065182226135306
-0.0015104866489618863 0.000384432552295796
0.0013314089112239403 0.00033567039219017605
-0.0019516673806924962 0.0011969231893008637
-0.0004020596563152766 0.0023873396501689808
-0.002885504349852493 -0.0005695105396026329
0.0008169072495116402 -0.0006883442450845532
0.0009203627032144995 -0.0016960453561532841
0.0016746669141265303 -0.0005597795123824317
0.0010851683299153072 0.0006504907415299934
-0.0005631785561766696 0.0010015763766244362
-0.0006647748549414889 0.0009222907335938247
0.0005952773549069241 0.0005462069933258902
0.0018180078822972402 0.00044083736677765064
-0.0006306840320097199 0.0015194354803627493
0.0006104136086784745 -0.001327345787669004
-0.0024711886125418398 -0.0016664753599604624
0.002976454274829672 -0.0010036910510852744
-0.0001562721270819553 0.0031700169671682373
0.0005165068417643571 -0.0012953322062024331
-0.0019273359938101798 0.0011517421026884637
-0.0031822144089462172 -0.0005184886901436827
0.000529990424189432 -0.001508273761235199
0.001479449897478383 0.0028707244338658637
0.0014744121022721253 -0.0012572786796580437
0.0017138393896522718 0.0013900194350049155
-0.0024439320700273175 0.00068675987959673
-0.0007691793474760968 0.000190412490599483
0.0020977943216942668 -0.0010162366748898103
-0.00016631661180020383 0.00257799454365636
-0.000124126532363051 0.00020141525314042565
0.0019848752393986655 1.9224135561900133e-05
-0.0004950583883087256 0.0008601630424044862
0.0013919946496037678 0.001127229920596141
-0.00010047871312254038 0.0007164079066039272
-0.001195022865522869 -0.0011264280549995191
-0.0041341368734812475 0.0033635122852159922
0.0005619173405062138 0.0016193704524758074
0.0002456365247782429 -0.003060547940577688
-0.002298002228883265 -0.002941396356577191
0.0003892613440349018 0.0040932306688089715
-0.003056569773754764 0.0001137822878004029
0.0008090069836385648 0.0005373390978283746
-0.0013124709220372166 -0.0017115030928614276
0.0006808505839358827 -0.0013096300732651225
-0.0002738014837708542 0.0018228977323921961
0.0018378251006694617 0.00026808515527491645
0.00026478267416288077 0.0017713226424158838
-0.0006501399277989767 0.00042075041819389
0.00022327017553230738 -0.0011148770008278478
0.0006727629212251343 0.0008495894047837828
-0.0015904777190608895 -0.0004510523668681829
0.0016850292115031733 0.0007671025642798012
-0.000587639334877544 -0.0012522967333218956
0.0013046014262225996 0.0003297245682610515
-0.0007754483847873815 0.002416702866498236
0.00041030826670241055 0.0004493675979005473
0.00029529406819145756 0.0003540797567378876
-0.000846122124773608 -0.0012686105628058198
-0.001969097054170109 -0.00032315861795884933
-0.0011917683221825892 0.00019859137532643472
-0.002469195234283341 -0.00045611910441812947
-0.00020847046332650107 -0.0010145719485955445
0.00040652687058827735 -0.0006649787891814587
0.0035756570457742285 0.00123278444981449
0.0028842116129541213 -0.0008763646654909154
-0.0024512022833218573 -0.0003022840727178717
-0.0016394128664628245 -0.0005836371224517023
-0.0022423995834869354 0.0012714264536332048
-0.0006644211129534948 0.0012277857929656158
0.001287584662207894 -0.0019195936807643729
-0.000782781539621048 -0.00023628703234940105
9.57823883013526e-05 0.0012937868735744225
0.0031456166663320615 -0.001525270417375947
0.00018365773177464725 -0.0013274721674788785
-0.0009277180414986188 -0.0007092616589790074
0.00013163747521731452 0.001938644908394786
0.0015447394704830237 0.0006944211816812493
0.0010230887450046247 0.0005061671810358409
0.0024597529685373453 -0.0018000582573776402
0.0006731598865668125 0.0005156475852627433
-0.0006676312452618742 0.0024691767469255796
0.000947881848904338 -0.001015613220056229
0.001741417838246306 0.001293675498250464
0.0010585130102131763 -0.0007525644323148531
0.0023576464204421487 0.0021722370939082723
-0.0004195805869502439 2.7797497961811685e-06
-0.00023021785893487804 -0.00036707099306654105
-0.0030273298846883053 -0.0013178647999052108
0.0005468492163828738 0.0018756039766964615
-0.0007174360423972975 0.00030660803387126174
-0.002105737374696145 -0.0005285156724353108
-0.0013245484223241425 0.0014475179069262621
-0.0009997653226260575 -0.0023307498493338186
0.0020910401112953945 0.00028377978914388073
0.0011595289014927994 0.0013696603036014257
-0.0016294023150855575 -0.0012251342933036955
-0.0006227002829116405 -0.0010453132969104441
-0.0019023949652526829 0.0026686332162945184
0.0005713224525320281 -0.0014493415778006077
0.0002485073305914451 0.0018817932060426683
0.0027258835215263257 -0.001014305540767018
0.0031997610200188873 0.001771460090100485
-0.0005889076456194913 -0.0014350707063804174
-0.0012825531844595115 -0.0005003214584332712
-0.0007278816355449783 -0.0005395462740646091
-0.0011440111693647667 0.002070845891192352
0.0014561158412941244 0.001321134663445074
0.0012728965998551178 0.0006094221136300101
-0.0019290130536967988 -0.0003651326949154602
0.0018331932446920937 -0.0002092298806347565
0.00018085332445036745 -0.00034171887510196395
0.00022707942921873874 0.00010209343319046665
0.00021107108224543264 0.002328068108050672
-0.0008886378206955637 0.00010212000840725012
3.960473929099922e-05 0.0011747491787297423
0.000301256520867174 0.0015097040469257133
0.0009531976593060395 4.9155849140283656e-06
-0.0004233374813702901 0.001279437655929321
-0.0005704582443305244 0.0007282537202824421
0.0004827552305583318 -0.0005605403345071272
-0.002010651454116281 0.0003635096592260451
0.00010138631040846024 -0.00038340894849856703
-3.370964927187035e-05 0.003079649415631781
0.001801313731510274 -0.0013344227582813798
-0.0010433802480152787 -0.0020397015209832722
0.001629385211170369 -5.79778941804372e-05
-0.001776090639560222 -0.0007571547640516288
0.0010254618444944254 3.896665005613596e-06
-0.00033295586509784277 0.0008662671893384844
-0.00033519824716604163 0.0015027958521549529
-0.000643255216855111 8.961988844042644e-05
-0.0011696852702879994 -4.3741522490177826e-05
-0.00022470365909330145 -2.0093922042143458e-05
-9.065842173026925e-05 0.00046547581116976333
0.0011386835906467014 0.0013368503432240558
-0.0014767635217391014 -0.0014758801435492167
-0.001778345351061079 0.0003145019002417978
-0.000674907670650806 6.964708393306816e-05
-0.00024023564462011005 0.0008603837556953658
-0.0007279555773820008 0.0007960051837624397
-0.00033755050756644107 0.002508601601991715
-0.00018748637483938593 -0.00015156845155945954
0.0020043569050011397 0.0003928593567718969
-0.001115293650208368 0.001196859228516555
-0.0027171007446078125 -0.0012470533936306941
0.0029039911454038633 -0.0015721655727903821
-2.0571250240656305e-06 0.0011976033406721988
0.0004116056738113678 -0.0005982104559639713
-0.0011571658821646668 -0.0004658454151727112
0.0011543541182425544 0.0008457083827660939
-0.001006525861309417 -0.0009832012904929745
0.0010619348451732654 0.0002930311445075593
0.002005125762263258 -0.0013306134522304838
0.0010394254531947199 0.0011622973228869666
-0.003248673838357592 -0.0010633629571708179
0.001045381019967992 0.0013543694316688378
6.119248470641755e-05 0.0015050111296997083
0.00190891296527619 -0.0002542567721081881
-0.0005091523429587802 -0.0015513596571877122
0.0007810656019400287 -0.0011902269593156878
1.0145298188022284e-05 0.0012916785692279101
0.001962306184030072 0.00020028157305302622
-0.0006570294143539502 -0.00021873992250777703
-0.0018805968047651371 0.0007777414746416273
-0.0005834143913465631 -0.0006474683421152882
-7.907479353485067e-05 -0.001394594526049446
0.0008029756805370915 -0.000591246051093976
0.0004042968633262632 -0.0003494126039655217
-0.0011760317853399082 0.00288902878462765
-0.0019026478517159434 0.0010094825916213193
-0.001588117168332062 0.0001824563241825424
0.0007422140106462317 0.0013378289433483848
-0.0002806336024556625 0.0010957007950071988
0.00047034221241226156 0.0006737554035703081
-0.00015223579733949683 0.0011014468317511947
-0.0009999139159132771 -0.0006241966733184667
-0.0009491474022207462 -0.000287719146279365
0.0003334900453129755 -0.001987206747219264
-0.0006454065389905785 -0.0006538841582265831
-0.0014675930613167105 -0.0014066715724194553
0.0007088818141239524 -0.0005639273917981781
0.00019722726005139834 0.0016093155045213091
0.0005265574933328816 -0.0009092527224109706
0.00024224608358647894 -0.0008336346241026502
0.0014512762351253587 -0.00014958507336235827
-0.0019421216506230181 -0.000274632795460438
-0.00012968675832159422 -0.00010060120556595724
-0.0013690939575582675 0.000774366036900488
-0.0010588506772161905 -0.0009996271088820391
-0.0001261381205062476 -0.0008471300530458782
0.0001877395157042263 0.001996593199892234
-0.0014794313193278962 0.0008380250082770333
0.0015920205983314954 -0.0011430499839895935
0.00012980413480411773 -5.974877540326768e-05
-0.00019770598703573665 -0.0014870731115424192
0.0023713378620911847 0.0003544381142178303
-0.0008458282103827985 0.0039560245214424975
-0.0010015155615575259 0.0017689487731430637
0.00043025800597180485 -0.00029084054731437226
0.0030609007144703484 0.0003688162989775698
-0.0023072697194860066 0.0023575038568439243
-0.003299954139761615 -0.0006540399319833932
0.0019787116832661986 -0.0005038627548852711
-0.0016134667289648525 0.0006871274151898394
0.0011923470661477319 0.001944314247106318
0.00171931317331928 -0.0005768206876053648
0.001021150075947977 -0.00015923209927970526
0.0009998654227896917 0.0007183911653442052
0.002717747105423108 -6.380384623710804e-05
-0.0008798338107611618 -0.0023506362969184166
-0.0016137881429668115 -0.0013075479798869752
0.0030632861991708067 0.0005851040557537118
-0.0032269535880769047 0.000164128729417189
-0.00018697922075515557 -0.0010756801404377926
-0.003438496729419011 0.002984134633964138
0.0011137653507703412 0.0008420750246096775
0.00034406491196972445 0.0007844373735683659
-0.0009440668148322661 0.00038027466629911153
-0.0017926009414337527 -0.001439141002268858
7.986518619238876e-06 0.0019273915091016533
-1.4739137445836177e-05 -0.0001899015991739444
0.00025231083895575876 -0.0011675837177262068
-0.002927977908788387 -0.0027519520063235547
-9.72648834320087e-05 -0.0001928120626566519
-0.0001628562746695011 0.0014652504003557652
6.013032155250957e-05 0.0015459968533339447
0.0015368979914786064 -0.0017126924593388094
-3.130197210741711e-05 -0.000635573165744439
0.0003026511359054234 0.0008912953629001801
-7.358768167469881e-05 -0.0014774372928125536
0.0004374081227057722 0.0027619085984993035
-0.0003788253576601038 0.0014167449266188727
0.0016089229995947256 0.00028025618757742836
-0.0010567878587172583 -0.003463749594782165
-0.0016831425692763321 -0.002105186299522316
-0.0015974944607540962 7.598745429340598e-05
-0.0031197146756749 -6.691238363808854e-05
-0.0007672741523935723 0.000578674124863026
-8.943302472667489e-05 0.0003326177570868753
-0.002369650877893603 -0.0007628931072836921
-0.0016385956697246558 0.0014714727024286512
0.00021261395850818646 -0.0019493315125839082
0.0008297652057241003 -0.0019396421165696024
-0.0005108425225903493 0.00033760123178393464
-0.0020846937984325066 -0.0013126157583223507
0.0004776060957770208 0.0010114419606366662
-0.0008674782764302122 -0.002391238782236538
0.0006007650060607557 0.0006636128160436203
7.921064748161235e-05 -0.0007359012732113923
-0.0013289916330733126 0.0027669100736733613
0.0014613589135413798 -0.0022746566075170084
-0.00041275791075338783 0.0007045866734009371
8.191646953891244e-05 0.0027930854068552633
-0.0013195915258951136 -0.001674662110769317
-0.0012869725207332197 -0.0008045005220138631
0.001555692152944209 0.0008114600125755633
0.0006476395278194734 0.0005762076180087372
-0.0009137988256797836 -0.003277437113758029
-0.0006790633849162311 0.0023927190305296432
0.0007088915485499583 0.0009029061035004934
-0.0017654700766391452 -0.002533268440295375
-0.0013974416281514637 0.0006569851198166293
-0.0023196225739003287 0.0010987637098664401
0.0004774864741280833 -0.0005093244354303716
-0.0004297824395754161 0.0004093382206432648
0.0010354573735529696 -9.101489474037053e-05
0.0008599542039122716 0.0015194451160347733
0.0017009580122693466 -0.001432119163368332
-0.0010213674034460895 0.00036901988266995937
0.0005616518096479887 0.0009403181975940211
0.00016785911657438724 0.0006706691492718064
0.0012449166073341658 0.0016261450625212014
-0.0011334138202594897 -0.0005722809600012569
-0.0005528004462349059 0.0002466398082013834
0.0015966888661874228 0.0014835569680950692
0.0005027217009730033 0.0007611765541818326
0.00211375298887228 0.002357706128762551
0.003537294113033935 -0.00044595466038160723
0.000854156005347013 -0.0010855531177053621
-0.0006397569657676114 4.377243544922647e-06
-0.0009417272296302185 0.0006942868846016174
0.0020342720843379626 0.0008323020916778283
-0.0012210402013740878 0.0017800425208378725
0.0026597955706650586 -0.0011467309577805394
-0.0011298556614970333 -0.0010937672094882536
0.001465278687202932 0.0004886972390870561
-0.0008004109242046204 0.00021346454653986283
0.001388261343805262 0.0038820486442746683
-0.0014108451292350374 -0.0031670710673597606
1.6041452534733598e-05 -0.0016794363997039985
0.002531399303436909 0.0005177168082898079
0.0017028519691268274 -0.0008946705056707556
0.0015492587657109915 0.0006162211391845317
