0.0001429089180055932 0.00010792847269566294
0.00014154022106270097 0.0002557280186954315
0.002275957017879048 0.004842826907597121
-2.5810781032630916e-05 0.0016550534732532455
-0.0008138118184685414 0.001755062012691025
0.0007331489314165836 -0.0022108840870881333
0.00280778729795131 -0.0015697047343226332
0.0020289519463793835 -0.0008940969251764997
-0.001077647245070179 0.001500944640951683
-1.2518473934546482e-05 -0.0007535840736823124
0.0011897888081653784 0.0001374545356886127
0.0006569313175715436 -0.0009969019750094954
0.00036375098356363725 -0.0007534133182623493
0.0008611067242609369 -0.002974724835519326
0.0007336258257462735 0.0022080289423320513
-0.00042506247809947416 -0.0004223789578064145
0.00147929845307462 0.003107489083885745
-0.0013742989821246296 -0.002706172307220202
0.000731178435183141 0.0005801827100389718
0.001388852268343075 -0.004367114940691468
0.002911358743433557 -0.0020291249022092814
0.0027939137527387163 -0.001680372561661521
0.0005709349851650034 0.0016360410406199028
-0.0002801642920702951 -0.0015338795669233914
0.0015291177325807656 -9.652750792756246e-05
0.0001100969754788204 0.0007428448997537103
-0.0009248438330368873 -0.0020914172745101324
-0.0009308986214892352 -0.0028249449937346603
0.0027084115022050193 -0.0018786197423565725
-0.0008661147862863913 0.002119671011656415
0.0007871143005794152 0.0009953227368712544
0.0009503656852995528 0.001501948691741406
0.0035899110032597756 0.0006805418635740795
0.0010383310789004747 -0.0007923317468899106
0.00026112282358199185 0.0002994555967355781
-0.0003173624317925966 0.00044708533329893067
-0.002018375617848821 0.0008049691635592501
-0.0008121557747717763 -0.00189764587980281
-0.0004255572372913791 -0.0020682440591376495
0.0013989268646624575 -0.0009646186998260479
-0.0019396240920078207 -0.0006038970824897692
8.295905521715475e-06 0.00098916802947553
-0.0011787676775574436 0.0011038522623150904
0.0007172974988561386 -0.0022401000528512157
-0.0014534829013158636 0.000360812910853545
-0.0008908138696640625 0.00019654745886009327
-0.002968495062397771 -0.002422696013235915
-7.200244788086397e-05 0.0005907422856902511
0.0039138145216685745 0.0019968127533432694
0.0007445085030785559 0.0024192569598871457
1.9129074358190042e-05 0.00033682226584759033
-7.43123247195504e-06 -0.0007624435413433234
0.0001330067612845973 0.0021981801861388865
-0.0010398943425152824 0.0016296463425227977
-0.002276716937991539 -0.0017061196637379273
0.0013820031270416829 -0.0017941703395987479
0.003246577234794866 -0.0002866663069658984
0.0008767161293153667 0.001259799617630975
-0.003352621371540696 -0.0009801713685406877
0.0005849149045947839 -0.0010441821922901788
-0.0029328126139983555 0.0024393664422959946
0.000649257682443811 -0.0020320033198017655
-0.0009735604068474695 -0.0017352304801489526
0.0007463811683593574 -0.0023522277409517675
0.0004281667279623893 -0.0006798402683321354
-0.00015065822562164462 0.0032295273975438505
-0.002068923692181303 -0.0007102922986507584
-0.0027933646358791714 -0.0018050178833329748
0.0008073106907423829 8.215041675757386e-05
-0.0005820300314658944 -0.0003478161579694535
0.0007349873726416059 -0.0007948646053197421
-0.00037291353013344376 0.0018982897927447323
-0.00043958151311158114 0.002430694105236701
0.0016510893690169172 0.0010819541896886634
0.0007269655562425299 -0.00045423823232347565
0.0002497011012297361 0.002690995786440841
-0.001035139725272663 -0.0017625192117272036
0.000751048614682921 0.00033366399297771713
0.0012821121367073444 0.0025003351799817016
0.0024752021838909885 -0.0003425303004396353
-0.0006801228297800209 -0.0008044154832057716
0.0009198065760171063 -0.0010530764454711285
-4.801942855459343e-05 0.0005509862732492458
0.000497189389269475 0.0004229302517351864
-0.00025062836872937676 -0.0007858698423655996
-0.0009536196025380348 0.0007999687168075347
0.003255497591763168 -0.000754324202939287
-0.001093819596205277 -0.0014658467087884722
0.0021273316793721376 -0.0023004259906892074
-0.003316023354424052 0.00017552070967216758
0.0028314635313909167 -0.0026141454336144096
0.0010381778310817682 0.0009852215116641372
0.001953404016236063 0.0013172927044052907
-0.0017644944975767295 0.002324872788098447
-0.0008370551286159854 -0.0007956038094316413
0.0007072170849060867 0.002217942523065854
0.0004100792974553637 -0.0008978490542867525
-9.107828016966928e-05 0.0010709548110997965
0.000666956261748367 5.5230103705431305e-05
0.0015053418483443072 0.000782974626315576
-0.001481672406051456 0.0021190911947896645
-0.0007233137851922301 -0.00028535082308960897
-0.0012091629262301657 0.0007523433690300051
0.0014022582861172494 -0.00026758892392704124
-0.002248571456564888 -0.0002705744796072367
-0.0009834736676369302 0.0008147333756872574
-0.0005089220137766651 0.002982686130582405
0.0003173105730555668 3.393698771719327e-05
-0.0007557359122639472 0.0007966123945750746
-0.0008664538672268441 -0.0011442996176460783
-0.0001494295896810871 -0.0001489572235640309
0.0011302550340819045 -0.0001654129179916309
0.000653877548308396 0.00012585185115178172
-0.002188260155608282 0.0025172961317041073
0.0003398447268166991 -0.00018502926014004123
0.00022311965708867934 -0.0003300278053404603
-0.0020934779254507697 -0.0006776010594501873
0.0016657125162553325 0.0013468298536091735
-0.001869485105777929 7.638481927660636e-06
0.0013072845894723727 0.00022524040847952733
0.0009485846133303649 0.00024459474290841317
0.00033465750071288666 0.0006558883393061078
0.000473345309456834 0.0007383889035085514
-0.0002943550494156071 0.001290129349943336
-0.0021564341650758705 -0.0015631834465755614
0.00033675144611676147 0.00010874872417919531
-0.000785378092609694 0.0008497270716130629
0.001403564274988282 -0.0013630457897557693
0.0005909502503864203 -0.0001482704670374918
-0.00249103396256204 0.0005154795241680191
-0.000295704043719002 0.0012329234539546563
-0.0008964442577700122 0.0010912038096095086
-0.0009839496601583113 -0.0017592546937674363
0.0009529575079710838 0.0014776527087874065
-0.00026045119999076335 0.00042879433691748846
0.0012197321006023718 -0.0017125496876797266
-0.0013985427436413206 -0.0017225293885734985
-0.0007791679673929321 0.00029379184407335766
0.0022762416244746847 0.0005466009243031202
-0.00013522710844508223 -0.0003980869785452207
-0.0018886420789229479 0.0008658634249952249
0.0004620188738584366 -0.0007023399392844513
-0.00025219236311927324 0.0019019310919961346
-0.0002327414261697898 -0.0005950192305760288
0.0006404628141017357 -0.0005404035092371408
-0.00020545274571863342 -0.0006699875118647572
0.0002459834063980292 -0.00018200143413139592
0.0016891690438616078 -0.0005705196515662488
0.0016086920070671894 -0.0022818051277846605
-0.0006120462156316503 0.003695205866654182
0.0021888568890886953 -0.0012583501751049697
-0.0016395038745688096 -0.0005322669406769729
-0.0004747636490237834 -0.00039350325161986905
0.0006812814901622317 0.00026887445200131246
-0.0004866217920767098 -0.0010648877397785208
-0.0006027831637169551 -0.002034303694899504
0.0010569319693294985 -0.0006139001508654263
-0.0003562464627146014 -0.0007507883078416356
0.0014409864776270226 0.00013515903807176965
0.000838434198802277 -0.0001881407915107289
-0.0003617134825531224 -0.0005124972921962636
0.0004623975514273754 0.0012659298103623877
-0.002551304687581183 0.0004520228056088837
0.0008027086981210878 -0.0035248081106922864
-0.00040135085363303803 0.0022675236867447644
-0.00016047662714565984 0.0016943382754990568
0.0031947038673642942 -0.0005482316226513477
0.0012633308767145137 -0.00139055326546223
0.0024268776205449193 -0.0040392112131544325
-0.0005658017354540141 0.00036308446662089227
1.9336244464180618e-05 0.0012974150948629546
-0.0005993633311622353 0.0010553742764618432
-0.0006168069490564549 -0.0014280619749873545
-0.002020944208534206 -4.611593872935309e-05
0.002068909600613856 -0.0008751581690037876
7.449761455545621e-05 -0.0014992483545180806
0.0010631016989410802 -0.0029079042122286754
0.00028245818462989397 0.0009964338453684132
-0.0009263263513904024 0.0009173179688613077
-0.0002574682731258184 -0.00022925302020986656
0.0011692552456004507 -0.0004307048208109441
0.0008405876133468232 0.0013581579974155699
-6.719902309707198e-06 0.001414859422371579
-0.00023344943052495268 0.001100496674875726
-0.0009562994628626398 -0.00011019556003411973
-0.0011576500029499375 0.0019065057414562707
-0.0011832998025733622 -0.0005933613374704873
0.0008568003789172117 0.0012776466490163681
0.001659029061828661 0.0018233721128824447
-0.0019660361055267484 0.0010705743149336238
0.0018830903109512678 -0.0002727973993427544
-0.0006894258002773154 0.0003760410353736682
0.00010166339134134482 0.0013842982256399004
-0.0004335319631166945 0.0032354081088962648
0.0013647612244663528 0.0009134303711127573
-0.0019915497443231626 -0.0015369341582462622
-0.0005325643046738082 -0.0011491841354006956
0.0018335814190426015 0.0010047352454461526
0.0010570990620317523 0.000962192538987311
0.000365602026510565 -0.00046721719365803196
0.0006141927358329183 0.0006928863372615537
0.001330356140535837 0.0001233020590251089
-0.0017094203685912301 0.0016700858049438021
0.0009999709354960443 0.0014350083878418957
0.0010566126543100536 -0.0010587640040228337
-0.0010578920614464863 0.000621650992564283
0.0002619517682245366 -0.001458365107306556
0.000609600933204255 -0.0037573201563387473
-0.0019100810831659534 0.001860817129688593
-0.0004139957684593063 -0.001199945730224187
-0.0003940548383765394 0.002293267315527554
0.0013407235306056259 0.0007347612926752171
-0.0007883793733868947 0.0005567319752027365
-0.0019460424690366583 0.0014315971259353446
-0.00017713218642128665 -0.0006410649016959598
0.0018483607129716937 -0.0004117502662763089
-0.0010495586500249843 -0.0009051613455593198
-0.0026390373949754975 0.0005532638557570978
-5.3936618492331264e-05 0.00029913529748169354
-0.0021919413677088393 -0.00014910768125959888
-0.0005020467155614084 0.00358952765105471
-0.001058438596832377 0.00023828552600109237
-0.0012715172488926441 -0.001044651739645896
0.00030080290295390416 0.0010289654909025655
-0.0008584765450103709 0.0021787492650978254
0.00016773948850402727 0.0006198520412646257
0.001945052346675636 -0.0032863910166622606
0.0013581140125968284 0.00016112680952645953
-0.00014470051946539547 9.721868655745445e-05
0.0009433072708229466 0.0002869789424424078
1.2737055340603458e-05 0.0004883283918503754
0.0005130501400879699 -5.838111485291521e-05
0.001808447001729726 0.0019157409144408034
-0.0016541059555473165 0.002126996794007705
6.156341880566505e-05 -0.001741170014429879
-0.00125438221207562 -0.0012255350788464596
-0.0017130537033872443 -0.0002609019239047836
-0.0002687916842244892 -0.005173453181838075
0.0017823671166200766 0.0008519937430511193
-0.00021177896271313507 0.0007826824846514578
0.002236178970689397 -0.0019642104714808557
-0.0013326985861549531 0.001695574031718369
0.0012903154964648078 0.0011953752342416183
-0.0021031087959603933 -0.0005410284000375775
0.00015727365353249896 0.0013831005020291391
-0.0012513709550679996 0.0007095258516095624
-0.0017761410658678224 -0.00013757947535115772
0.0008280139715466287 0.0012943384857220853
0.000616297686734143 5.806188527148547e-05
-0.0018378178167523759 -0.002010361559063408
0.0011985717695230274 0.0014403871475912548
-0.0008677231770434159 -0.000791872294963577
0.00013976977793019274 0.00014295149733848603
-0.001302091824074226 -0.0018495533756091964
0.0007728780657041361 -0.00028436030191524676
-0.0013164633678733053 -0.0008038646763308434
0.0013251435719927426 -0.0004493051260519083
0.0017147405492932263 3.933600794545014e-05
-0.0011053498521950461 -0.0001690186694170188
0.00042860173189734267 0.00023263700161008983
0.002933142385266912 -0.0003014720111922855
-0.0015101433976269854 -0.0012164805271320496
0.0011906812716638677 0.002267715956921604
-0.0012716127056247779 0.0005953685529363979
0.001053170983011957 0.001708537150814431
0.0011459904083528144 -0.0008300428951332449
0.0012473478980087906 -0.0012115179075211835
0.0006595154874744293 -0.0016734898950354704
0.0005663322657586509 -0.0002080107799164654
-0.0009764860156022965 -0.0006681888764362495
0.0010323596019871507 0.0007206057464550503
0.0008585467363414031 -0.0011315474673837297
-1.4881048162723335e-05 -0.00119559010121276
0.000254463734427605 0.001061462647027898
0.0015318655239571941 0.0009972127725961105
0.0023816546714729024 0.0004488394070187548
-7.336651200083947e-05 -0.0009011222230961288
-0.0010025193460231614 0.0017410371863740678
0.00020034054765916105 0.0009273845123227325
-0.002929327924695407 -0.001568845357941277
-0.0033124612627686467 -1.3829181253140368e-05
-0.0009445799250726525 -0.0014146216395001657
0.0011566359570099611 0.003296595002526958
-0.0004686955058831759 0.0008038018719315687
0.00017095620696807047 -0.0008547575245052854
-0.0009269474686404611 -0.0019951035579258447
0.0012793184184293656 0.0014043220855984773
-0.000320325627313874 -0.00039627663805375353
-0.001171990926070654 -0.0005624789233984333
-0.001901825856590522 7.903973010744285e-05
0.0007712870853259422 0.0018440860651489299
0.0008824108837458699 0.0011411657351680295
0.0020985892173883617 -0.002708673145330572
0.0021082694758617873 0.0004033634115828824
0.0015376628980475157 -0.0004622034816283824
0.001722189025978874 0.0005309887440822749
-0.0004083811172757977 0.001239610142993238
-0.0002862725344771533 -0.0017347479134471437
0.00012384370436207575 0.0008928712158399196
-0.0008187438199373614 0.0009667195978321853
-0.0002528199293619055 -0.0018668134825666873
0.000464707848955236 -0.0001666258021246476
0.0019314490386237219 -0.0011227844455779742
