9.66220238189777e-05 0.00016012243940015543
7.086140181876821e-05 0.0001538740201040424
0.003890627468866951 0.003886287550884692
0.002061795243032677 -0.00011099311891693543
0.0024682447962196792 -0.0003280109938854942
-8.368710513779983e-05 -7.553750877441107e-05
-0.0023949776243538477 0.0019857017698409747
0.0035252418308982006 4.04778249680421e-05
-0.0020023723256776967 0.0013785891399767658
-0.0005852757220399529 0.0026734139912722487
0.0018351056427801363 -0.0014763484521995223
-0.00013800490165488018 -0.0006590260953900068
-0.0021770171097421683 -0.0015888279263134722
0.00011081170397327841 -0.0030700899381359216
-0.002349332953644305 -0.0014165395779451376
0.00023400813372763133 0.002822572559178606
0.0011742026986842305 0.00048759242261407515
-0.002638708686955175 -0.0005843839382475396
-0.0026535498962584106 -0.0018646342479931865
0.00033426210334061026 0.002366062885182189
-0.0017174632389433948 -0.002001853846641664
-0.001259506150706608 0.0013112444830573361
-0.0004858128757917081 -0.0008535077869976576
0.0010320953069119722 0.0028694237010115087
0.0006904039791119142 -0.0009166048448979716
-0.00020922870092448363 0.001992668520189986
9.605598286289051e-05 8.814269287686853e-05
0.0021393731979608217 -0.0003828498097295986
-0.0007590895624422469 -0.001171053066260907
0.00025065852188608004 0.0013687263317685326
0.000456818374918155 -0.001760973582369526
-0.00010526144898522364 0.0015048597921149215
0.0026183113729031033 -0.0002009786118518317
-0.0007295468305240705 -0.0002884107454864486
-0.001136115282361724 -0.0002128154951370018
-0.001336641303164049 4.788357305022353e-06
-0.0008224331497592366 -0.0027989879676326873
-0.0013075041979436284 0.0013926769911156366
0.000646915994620914 -0.0018497273242114747
0.0014481259373647748 0.0007265608471352094
-0.0001768661910862148 -0.0023872833186241262
0.0011720379589821165 0.0021383157812044137
-0.0010679555951835652 -0.0011980084664908934
-6.189319478388475e-05 -0.0012707420806422022
0.0008566134523218247 0.0003778916119631584
0.0004728638463695987 -0.0012514744138101205
0.0016000842980926164 0.0011251081625900695
-0.0022198376644968223 -0.0007024399214883976
-0.00027436659811082655 -0.0021510587376012812
-0.0011387538596653595 0.00040493356054710993
0.0004071228471598856 -0.002925068254766538
-0.004069843893488585 0.0004970342664586684
0.0012702872737952423 0.0013917258728495835
-0.00025506818140852465 -0.0018634826367046064
-0.0012115911071777662 0.00023309997182826336
-0.0009133256228211478 0.0006577448065204287
0.001909437031380375 0.0007203578621908515
-0.0014088189455447467 -0.0001523816531853632
-0.0009401192755939412 0.0017434110774766248
0.0019779377726551347 -0.0005718808743856308
-0.0008880914276792451 -0.00018965542681186805
0.00038277672325178516 0.000646586959997618
-0.0006480517869121655 -0.0022405683580632
0.0020432341604614407 -0.0022372357007654406
-0.001097196155806679 0.0006198244629563622
0.0007535312994004953 -0.00031604391294025026
-0.0006125529379456376 0.0019973998674741723
0.0026570562376051756 0.0005074896976765782
-0.0014761905409805774 0.00234335010464532
0.0002272297532511623 0.0011989115807472801
-0.001414180451495421 0.0019112944242170536
0.0017769421785179909 0.0021452165432254773
-0.000197026371984654 -0.0003295047959680334
-0.0012802139566633632 -0.0026796309104497366
0.0019929674739822727 0.001128952230592067
-0.0026818195329238355 -0.0018115213523293427
-0.0017026538269494065 -0.00027722170387866414
-0.0025427740067838897 -0.003108496788507746
-0.0015096396248504282 0.0014786870567100022
0.00017331935082723812 0.0009759451892258337
-0.0006396423992760287 0.002628805597993985
-0.001204070902309209 -0.0011084886036553678
2.6310338990642188e-06 0.00025410868146415996
0.0009134307830839345 -0.0003007432196910278
-0.0016805908341667214 0.0017722952785480734
0.0010157554277265479 -0.00019676491277144045
-0.0010717533400669325 0.002944763597261838
0.0035113875747428175 -0.0012914998138838858
0.0021929556031393704 0.0022683900923789898
0.0008800295803350198 0.003950879227418801
-0.0015110944962928407 -0.0014387575963001663
-0.0008466533388696365 -0.001596591693975881
-0.0029942959479934313 0.0009923061656088867
0.0009713183382213437 -0.0008917615240815964
0.0014184778319501754 0.0034520902367477903
-0.0016974922725466874 0.00010544466511532301
-0.0008685467853397798 0.00218182443071189
0.0005094158729212508 -0.0006674608206744009
-0.0013817485002468864 0.00010832307844633508
-0.00019513049505123832 0.0001517350933559938
0.0004158336377783431 0.0030125811130532086
0.002803165415370081 -0.0003010926702671013
0.0015792785564912898 -0.0002917777607470565
0.0016810021966987027 -0.0006211957937584135
0.0011655014547647356 9.942023897427673e-05
0.0010130229449621549 0.0014560104424454125
-0.0007540526214769598 -0.001053967664050043
-0.0012520940801355473 -0.0015648335960318672
-0.003041562035668872 -0.00024468326230656713
-0.00012999967970462196 -0.0015559560528568852
-0.0018674141580046623 -0.00011552757550312536
-0.0005807576386719503 -0.0009210281527238092
-0.00038046975696454457 0.0036416818077240148
-0.0006783684889839691 -3.920286213074587e-05
0.000826358552062542 0.00047241264718759807
0.0004078750657453185 0.001494162457904937
0.000947536903508007 -0.0018658193504178364
-0.00098071327625301 0.0020779144906855115
0.0013817622301503156 -0.00019666549338238484
0.0012005282521167242 -0.001064046958741954
0.0004307354134750689 6.465112145013851e-05
-0.0015086469544160624 -0.00045111478888485107
-0.00015003753521406794 0.000540452367724082
0.0012407531716867742 -0.0003194763348691656
-0.002637409477686291 0.0006355473332520308
-0.0006681400804658113 -0.001180378105119103
-0.002009320821919097 0.0008549660655604558
1.8655081318184574e-05 -0.0008369240938406944
0.0015221683104049255 0.00035327344617317613
0.0034934675465541987 0.001271925474973585
-0.0004883886434111221 0.0005596201791582572
1.375533987021777e-05 0.0009441482967641807
-0.0008360765488456326 0.0007792640801980113
0.00038827041710893335 -0.0004871188480629979
-0.0007375365077359256 -0.00014350822422329974
0.0006933583368192005 -0.0005956481661096096
0.0010981726217837336 -0.00020318193413048876
6.077041676273597e-05 -0.00019035260689428377
-0.00023603789099416967 -0.0008840169543771234
-8.136981400801815e-05 -0.00015537527588447262
0.0005683253077632177 0.00026030042114622075
-0.0016758022190383798 4.532601299231874e-05
0.0023046719651051025 -0.0012055863912871167
0.0011270097124521632 0.0024943103088171242
0.002550063981918163 0.00039128818117861535
0.00015276669257689488 0.0008840087709713763
-0.0015563319839862503 0.0011923635627597462
0.0013816858850595306 0.0011578988751537334
0.0011692871781569959 0.00228561467127199
-0.0017880696976202393 0.001724927143237212
0.0014719441919608623 -0.00026068888170293996
-0.0005389041768863834 -0.000783209792101843
-0.0014611006278350267 0.0003773329947077249
-0.001005709145823463 -0.0010895209114739365
-0.0016170852920193738 0.00015835283616520566
-0.0013256510798448254 0.00267304660079564
0.0012851575913559639 -7.695392925352307e-05
-0.0015268091605928527 -0.0013907496148650663
-0.001341234035240985 -0.000544073597544799
-0.0012124164147203282 0.00019433699643605672
-0.0015216470973689437 0.00056646888126094
0.0025112282331793724 -0.0033649097265663628
-0.0003420010508635885 -0.0019705888026979495
-0.00043132627287282004 0.0004753571303916213
-0.00028362394972546867 0.0004054841289958681
-0.00196642628699763 0.0008048718994722662
0.0011396989510586272 0.0002193326191933785
-0.0005318729120173125 0.0018621518841640957
-0.0009400881622391939 0.00038058151898390637
0.00016049384058546524 0.0007912183773590582
0.0008840622316405553 -0.0017299888375283277
6.183455124599798e-05 0.004385235273186894
0.002062069726698156 0.0006042051622132331
0.0018030263825786095 -0.001827870554707859
0.0004272343658518522 -0.0014800012934276133
-0.00023496055690522537 -0.0014764014005902225
-0.00010671412022972747 4.393414866344718e-05
0.0008706349071412293 -0.0009724929472622498
-0.0018028323014400696 0.000677026667852854
0.0003873175523252607 -0.0023861156359485944
-0.0007909603719774574 0.0008555815678726669
-0.0012741892465096842 -0.0019978820130428137
0.0012405810113526755 0.0005646581569781436
-0.0011535846302504781 0.0001134436203442407
-0.0005419322635663725 -0.0004915719283793996
-0.0013006859814576823 0.0017805572646002938
-0.0007898387524438178 -0.0001996631402857113
0.0002419883876756943 -0.001320870668307816
-0.0010357635070584767 0.002373957928341768
-0.0004714722768636743 -0.0005028371709752275
0.0003242221248072843 0.0006865027232854328
0.004093831224415193 0.0006648209671922782
-0.0015024139457640174 -2.6512094623286565e-05
0.0005430195485759175 0.0003965301017474316
0.0023467634490150053 1.607278570843907e-05
-0.001469776849998718 -0.0005651359952022595
0.00013590543878168226 0.0009956787047243228
-0.0010377485869241438 -0.0005050429457900671
0.0007306472372073658 9.51086439444793e-05
0.00027766162227901896 0.0030126649004561202
0.0008776575927266783 -0.00030121431427539516
0.0016177576811707399 0.00013558369847950554
-0.0008207631270116041 -0.001413439033232023
-5.922118994023145e-05 -0.002747644043153869
0.0006108668108564496 0.00031866167999780956
0.0036879082551928995 0.0026593234343204103
0.0017454123111658565 -0.0005429115256854499
-0.0004674201933735639 0.0005552659324003763
-0.0020794791248335137 -9.920889148517259e-05
0.0006056266120822851 0.00025935517559292417
-0.0012685111359957127 1.6723237637617326e-05
0.00023406748898286965 -0.001978952798201404
-0.004588145173965449 -0.0006995054865437721
-0.0005811215753901757 -0.0007778875863051229
-0.002230270792213573 0.0001992922866268717
-0.0003148124296864873 0.000419323663202891
-0.00017937736115941586 -0.000528576857231895
-0.002252174164177078 -0.0007488056620195614
-0.0008586975238534993 -0.00046227613321915507
-0.0007252480090592769 0.000896923393356564
-0.00030525267023798165 0.0011696614620177168
-0.00047757261225810137 -0.00142615406151737
0.0013081250683045073 -0.00041853756155422377
0.002322043703578613 -0.0018300021397033657
0.0010809420653352909 -0.00034249704756894757
0.0008517071463507574 0.00034789614807247013
-0.0013610665300231462 -0.0002668192545811838
-0.00018646281733009567 -0.002954102909990088
0.0022346800721791196 0.00044279028065083664
0.0010756555450193927 -0.00284569451356433
0.0017913971425688965 -0.0017337773838346352
-0.0008619641440090023 -0.0011308558627966048
0.0032705980677308886 0.0010868579746941263
-0.0002465152391542108 -0.0006628170827278556
-0.0005076425784916037 -0.0025163670012324653
-0.0004342571002959708 -0.0005877358971486492
0.0023353194691952198 -0.0011841025224992444
-0.0017070405742557239 -0.0006790467338746123
0.0002798941129613696 -0.0017150393185014496
-0.0013303708385614134 -0.00040511552724393644
-0.00015860519907752595 -0.002068783478753692
0.00011023929950301824 2.8749128131347416e-05
-4.0508175750012267e-05 0.0022331157598417116
0.0008527532105476041 0.0016901212275076583
0.0012509029793185654 -0.0007730370800340398
0.0014830711100411993 0.0008036051547288431
0.0009429118982272553 0.00019577700486826717
-0.0014769783475310867 -0.0019580574230752385
0.002083532957191918 0.0006944043840202746
-0.0010349968834175865 0.0006562071855309272
-0.0005959797514049963 -0.0003318120941925894
0.0003375413082912165 -0.0006620561101433211
0.0015637271272370655 -0.0020403496757378905
0.0022198059450033018 0.0005757438750796181
-0.00043426034734549265 -0.002089349950500057
-0.0026129646386882843 -0.0030196331119898816
-0.002803090168322296 -0.000253854925867443
-0.0006392519365657823 0.0006553729175810202
0.002912031460579881 -0.0016834945148601177
-0.0008324231740420717 -0.0015734577403515569
0.0020595784653042754 0.0008131564352267664
-0.0005029230020811564 0.0006126353925775296
0.0005558700076980869 0.0012032889589836148
-0.002439349674938292 -0.0007374435922671801
0.0007472084356746371 -0.0003838909671930997
-0.003165324133258954 -2.2197666076816056e-05
0.0012414297325242488 -0.0005078623224568831
-0.00014570257900996757 0.000789491657680853
0.0011826314528495085 -0.0015094325909885283
6.0661685694321636e-05 0.0014161957189510225
-0.0012285476914644614 9.610450080053949e-05
-0.0009012447085027813 0.0005000103444649539
0.002367895712768405 -0.0006037835889157689
0.00019184348706037218 -0.00016358746521892128
0.002918988952812934 -0.000625416487498824
0.0016969805807495757 0.0021680677271373482
-0.00010280569455233031 0.0014518310629787162
-0.0005620371463801495 0.0012446393088140339
-0.0006168168075544649 0.0016712800291092482
-0.0011615639640417405 -0.001641466132065745
-0.0006522627739847848 -0.0015050548063036688
-0.0011258005877772495 -0.001163440374391815
0.0006493623619811945 0.00120345212112427
0.0007500088972437344 -0.00033379744874945094
-0.0005184132207061202 0.0019861371331425463
0.0007750183710348472 -0.0009098892052497863
0.001111942579376312 -0.0012674001233481103
-0.000416057400820957 0.0003537258482027537
0.0015322971907041252 0.00038284611470340536
0.0007285566501314181 -0.0014864315686646363
-0.0010551159478126378 0.0012250840594345523
-0.003490514087554011 -0.0015481045207998295
0.0011612171609925001 0.00048623869910137564
0.0010747579509330742 -0.00020460551010688117
0.001263671266531873 0.0023474125500101625
0.0023701568553498183 -0.0026732560700080885
0.0011539655019570287 5.003987922201283e-05
0.0007710102257518516 0.0021954116203029444
-0.0018259622916875075 0.0016073905182161145
-0.0008404818355369849 0.0011509308066561448
-0.0005168617736128016 0.00401494440820393
0.0020338602863052666 -0.00010091670120769844
-0.00027819355367349863 0.000822295642880823
