0.00029308333365624545 0.00019936784072693514
0.00017161441412348995 0.00019159143126247413
0.0027249067044314815 0.0027814182936886237
0.0003769713558729763 -0.00040924768874916854
0.0010340204671302727 -0.0008647801971037183
0.0025816633101488165 -0.0009173558221533158
0.00027115432371133016 -0.0017747241910546195
7.958091034596534e-05 -0.001385325904394829
-0.00016648907294372042 -0.00048030477093752896
0.00011015486937146116 0.0004197326200311044
0.0002167242094288148 -0.00014528154410318748
0.00017658626321166563 -0.0023367047274638034
-0.00024978424503529286 0.00045390347787158727
0.0019360890180620972 0.0009085831680388855
0.0009573653235631731 -0.0001830338403231281
0.0038266018309635785 -0.00021653686571321363
-0.0019805658378539556 0.001136401244428282
0.0005504306986408724 0.0005864288908068087
0.0011058029887048714 -0.002553260246800757
0.0011359509582229183 -0.00101063184564634
0.0018501081216535022 0.002008583076635693
-0.0007018524939296068 -0.00032282124716742486
-0.001433471629333931 -0.000535661211794135
-0.002879055269556958 0.0021460516688867055
0.0013446657604027862 0.0006499922987051371
-0.002325184312694707 0.0017814122107282597
0.002011228503512918 0.0007872453177473456
0.0008576603445120212 -0.0006714977973101356
-0.0025090080185061706 0.0017233098495346142
-0.00015345841244467556 -0.0015130471222384344
-0.000705161535690123 -0.0007273974372864104
0.0011289890122086453 -0.00013890985630070235
0.00026938504910004903 -0.0003881047625491227
-0.0011565160906452856 -4.406626783083735e-05
-6.738010721978583e-05 -0.0021046061997869914
0.0007121743224387204 0.0002769486172662231
0.0014479814332219443 0.0009349660405768734
-0.001879953529033398 -0.00193316713335078
-0.00038242913880735726 0.0009986713114375721
0.0014407738239534703 0.0012656793574785683
0.00037113122691195924 0.0009902346031446783
-0.0009168332145283093 -0.00041235609033853137
-0.0016983381691819753 0.0006275835902309713
-0.0006341076789208221 0.0032553196790837883
0.001873840133565706 -4.46508084760941e-05
-0.0005572927139882128 -0.0005789843890885418
0.0028203392453278976 -0.001646244798346382
0.001758470579324975 -0.00036142076028940315
0.001651110168551997 -0.002592459357392598
1.3503746775076731e-05 -0.0007644423957030337
0.00018881508298952628 -0.0008399423911632077
0.00027216577097857655 -0.00089709172628494
0.0031551801375917037 -0.0021789993482513367
0.00019639602972225593 0.0004350432243940927
0.0005551313661715997 0.00033157825714789566
0.0018752384106319664 -0.0012033610574728691
-9.879056138845906e-05 0.0005040649481595595
-0.00034072118870912455 0.0004171907800590063
-0.0010837097584441104 -0.0014900091749897157
-0.0022128523248152385 -0.0009079173541207261
0.0009647157271695019 0.00232815957214999
0.0018152166291066775 -0.00023208905823540686
-0.0008079886355127535 -0.001334502960440949
-0.0021649984448888094 0.0016885111116230562
-0.0012023323071219606 0.0015052990914992876
0.00124696595071666 0.00018574308110434103
-0.0004494200160581871 -0.0012945413666865912
0.0006715670445744582 -0.0007522046577552254
0.002550252697466758 -0.00020373527328511042
-0.0008481541534147478 -0.00034247836960913557
-0.0016855809014962883 -0.00012531296243054464
0.0017225598571595055 2.7744210724431615e-05
0.001811704872939609 -0.0030169457038355385
0.0009810109882001732 0.0006961403741639809
0.0009458847237018804 0.00038787792708732955
-0.0023731457596564615 0.001209721798913281
-0.0009079974386372915 0.0015007630930221627
0.0011299185857911616 0.0012234442859062598
0.0007084040218757842 2.2472088497264026e-05
0.0014509517291780144 0.00026273564879580213
0.00039230285809829405 -0.0004121646434586008
-0.0014281602072443488 0.0015694269975540024
-0.0013200481519766052 0.0011926379009110238
0.0013476043115356082 0.0018028620484200986
0.001174209921565851 0.0015930007152911768
-0.0005692783983990449 0.0012775959792939346
-0.0005429007392898549 0.0017019951686898186
0.0009484769118578196 0.0010933318347708476
-0.0007131646969468068 0.0018054632765945927
0.004172946590509061 -7.783737284946768e-05
-0.0015381963987826093 0.0003726315750356128
0.002921013016566047 -0.00016457397702922974
-0.003024738368535501 -0.0009306458241599691
0.00033946618247646495 -0.0010657524047955843
0.0017757540469162268 -0.001263818930901432
0.004135783973161672 -0.00038082625522065176
-0.0002770858867334124 -0.001366694810006076
0.0025104939841915238 -0.0004633665517642353
-0.0007077162100472387 0.0006969047655210832
-0.0032036092318500934 0.0027943491597043255
1.454309927844519e-05 0.001599748737155618
0.00018062958788784433 0.0003377468884573771
0.0011187754157239364 -0.00046149455701237417
0.0012793361983526816 -0.0027264002300998575
-0.000542516701248473 0.0019011007002382794
4.780387312193247e-05 0.0018373032631164503
-0.001341577660056388 0.0006185364104586951
-0.001249506328075135 0.002096727693269992
0.0040176892345291804 0.0016631346186202212
0.0007524462705883952 -0.00136505426021092
-0.00019106209295070633 0.0026008473896314884
0.0008526553923304377 0.001436904955573966
0.002340348058748788 -0.00036976420486224985
0.0005003892423619474 -0.000690091098469093
0.00010407473875415101 -0.00020291274791802688
-0.00015179341753562148 -0.0005063234720801671
0.0012338728926774613 -0.002241324571083054
-0.0014337099661386372 0.0009011952773446393
0.00017086598749670092 -0.0007228617648972111
-0.0009614965216315285 0.0005616850875783458
-0.00048523552812211157 0.0028932202856494288
-0.002311302724437565 -0.0012761535181296162
0.0025642763885653 0.00040767999912175406
9.619111715350169e-05 0.00047806816094605564
-0.0005062035231155317 -0.0033545600290163934
-0.002552181789571411 0.0005389508625853633
1.0436528557001035e-05 -0.0010082162620627395
-0.0007019986039697254 0.0013944731642366271
-0.00019009359922919717 -0.00041996602291985034
-0.0004942114499583149 -0.0005564724687942676
-0.001145702308991177 0.0023014375443819934
-0.0007510471250304118 -0.0021105806283436917
0.0020856742991457195 -0.0011624548365533449
-0.000353405050119995 -0.0005172479490875348
0.0008153531773198256 -0.0019525994155166718
0.00043109458342042284 0.001004473040796224
-0.0009178896086296895 0.001041740301390736
0.0002873268399745991 0.0005992372279258236
0.00119327986600364 0.0006812543916593144
0.0007966651976617284 -0.00014434294891943302
-0.0012949869087138528 -0.0004530167325192988
0.0007380961362479883 0.0014274021776425568
-2.488614802886949e-05 0.002708600938031117
0.00012663610846594004 0.0005951943311872123
-0.00024001626756367322 0.0016381248741435797
-0.0018764617067787749 -0.0014422168253001178
-0.00042518107624203233 -0.0019565863845811067
-0.002863877569137545 -0.0016389427563185638
-0.00020663798560183972 -0.0002644872431900475
-0.0008972980012261875 -0.002192837831595618
-0.00023487350502319565 0.0010078312924485776
0.0028056608278295486 -0.00030310254238703207
0.0003026906152831089 -0.0009709748215833681
0.0005311550274094242 -0.0002826327576594374
0.000354944855168566 -0.0006668037594460601
-0.0010750222368524685 0.001124038278894972
-0.0011887498574069612 0.0018903100320255305
0.00028564357115892856 -0.0022150662763351565
-0.0013336388136992164 0.0023910207633128593
-0.0005155632053685651 -0.0002118029386585622
-0.0011277380872045603 0.00025081090675452674
0.0012017107456467303 0.0009096796985311471
-0.0005257772384207664 0.0004579746997458235
-0.0031548566804785135 -0.0013074657195168541
0.001053490895173417 -0.0027077249781339865
-0.0008565558047549738 0.000931034771506925
-0.0011081949202472038 -0.00340269586162759
0.0004624548109444571 -0.00024496046397468274
0.0005526217857604007 2.8789865181220013e-05
-0.000866703629162771 0.0009176734033426838
4.8556290448171625e-05 -0.0004752903257115553
0.0006381921615139836 -0.001271796811598904
-0.0001507877900911846 -0.001907440309388437
0.0005126062150727313 -0.001839928914006852
-0.0010348540962942501 0.0014267668796066142
0.0021423123661730758 0.00022299333737333833
0.0005349631568280016 0.00047859080848880583
0.0021381033870068594 0.001029845837574956
0.0006606083468806483 0.0015125813053654196
0.0011417480644681888 -0.00011054743708964082
-0.0022273925864798125 -0.0014608122126169752
-0.00033262589332416813 9.365282574514285e-05
-0.000936895715968159 0.0011202628560268298
-0.002310458703911671 0.00040780615180014345
-0.0008522328046198157 -0.0006173892870992292
0.0005694696784948702 0.0012454480208381078
-0.0011904167481307506 7.780086433854801e-05
-0.0003987152264426394 0.0038976288482948395
0.0001101201041540218 -0.0003399128977647487
-0.0007389975625544948 0.0006444193297404467
-0.002102759435088257 -0.0003975722522353306
0.003129299631555345 -0.0007179908871051159
-0.001982947012376475 0.0018314746878199722
-0.00165098993521183 0.0009685605883990385
-0.0010812824125064355 -0.00011070519343499533
-0.0007639175795956636 -0.00035488711910409537
0.0001365636202037591 -0.002175463681971519
-0.0013226605256089637 0.0017866315791619286
0.0011569643908318666 0.0018076818158550133
-0.00014173670355250624 0.001999271261628571
-0.00011372751121104679 -0.001175528536158178
0.0016889886129409285 0.0020589655030422956
-0.0007395504350502615 -3.1453642923137904e-05
0.0021128634720348582 -0.000865202230280166
0.001242988544680355 -0.000846746946727826
1.3234206326305029e-05 -0.0036938726142010454
6.0282156896712293e-05 0.0004139882042075308
-0.002079506323395496 0.0002472007563679007
2.6640038839926293e-05 -0.000345760852916506
-0.0003015417023225971 -0.0012924815549127042
-0.0008493756843708928 -0.0001499100368011143
-0.0005260511053379679 -0.00195201214670856
-0.0018718370335158619 -0.001514581275156791
0.0005186362598964273 -8.276884350258078e-05
0.000474683875022504 -0.0008084646051238412
-0.0007089913546415204 -0.0015047702910455844
0.00196041680243373 0.0019176025937216558
0.0006474166449907528 0.00014783998090807802
0.0003052535488967206 0.0042965425350836575
0.00012434400806606436 -0.0011588030885298641
0.000888172369909934 0.0007137809146391906
0.0013015266345907184 -0.0013222797317154365
-0.0016142975681441036 0.0005983609515527191
0.0002254615073446506 0.0011672789763501911
-0.0007248057199739665 -0.0009598693975843837
-0.0004050812947850565 0.0005155581439618665
-0.0007577111043284162 -0.00017744762042969287
0.00030668752274163377 0.0016740468279031365
0.0006528073653667839 0.0018633558595701984
0.0015397012540606997 -0.0004824642480214769
0.00093486243408077 0.0009492972917681435
-0.0007041775995685627 -8.555461041005608e-05
0.0006081043795382821 0.0009812932881993353
0.0036964827613913632 8.688563620124005e-05
-0.0017105311403251935 -0.002037307234643287
0.0012099006666535662 0.0017848596561077245
0.0006710625590807809 0.002008681264226797
0.0002593057757070481 1.5235129802523467e-05
0.0009292385270257207 -0.0001313495518445301
0.0010109562926237353 -0.001209636436038865
-0.0007054694836224769 0.002092534575653774
-0.0006045425094103619 -0.0016232294793474687
-0.0005041472179773578 -0.0013950082268200904
-0.0021046745582804518 4.1089172857078e-05
0.0004412184944445099 -4.7169332738966895e-05
0.001100937440168849 0.0004514660745051559
-0.0029142520310466128 0.0007327847234001415
0.002498520833864592 5.985474011099961e-05
0.0008646612287388117 0.0012100069501445997
-0.0011005589372812632 0.0012948431903590924
-0.001225638086948111 0.0007733286337598472
-0.001950918277646103 -0.0009096654912330091
0.001094469065909705 -0.000858283453661379
0.001153948905884432 -0.0002931182432563577
0.00123788863444695 -0.0015264586928462349
-0.00016627417294473725 0.0011883917927721546
0.0012145337044106674 -0.002052636666738736
0.0037732628998109613 -0.0019525817062850854
0.0007452018372266023 -0.001511957235053118
-0.000739750213942695 0.0018346530106878058
0.0005627672177891088 0.0002796715495977009
-9.960148408558398e-05 0.002600558599023558
-0.0019379532553339429 -0.0008159057679512749
-0.0004387879389175152 -0.0005028377399888723
-0.001321248317818027 -0.0011020559071879329
-0.001273567626984399 -0.0010717006399066826
-0.00012976430876604259 -0.0013936983290862113
-0.00032458508053764004 0.0014143623929805161
0.0006442390131347983 -0.0005700249993397029
0.0002993151952564395 0.002432208231841108
-0.001166254334420985 -2.856763786834297e-05
0.00047569915416880836 -0.0012070191914071108
0.0017134959496232735 -0.00028002217683201257
-0.0005151925897137242 -0.00015051249455932527
-0.000354202938404309 -0.0010499897579010595
-0.0010004197395304406 0.001668876437067794
-0.0028130974275114426 -0.0003185631972962177
0.0016110160438194505 -0.001197355924029381
-0.0003425030889752741 0.0006725046216529842
-0.0028974075332958748 0.00044622243667756913
0.0026358387386731805 0.0016297746259581883
-0.0014623088913526725 0.00041414524688384967
-0.0010920312356232729 0.000613996495317295
0.0010793139730795626 0.0005948796173000757
-0.0021890403356916647 0.0013599621859724386
-0.00023689586141869586 0.0005726227091232853
-0.0018889734676213515 0.000783170975535868
2.740373060282971e-05 0.0010480620263041414
0.001505873954694944 -0.0007964451214732839
0.00016880494305909337 -0.0005043764688524898
-0.00015223320795171004 1.9271920563271525e-05
-0.00041212519899651155 -0.00013891517807182455
0.0013612836567584758 0.0001505135935607794
0.0018104987939739717 0.001132191522361987
-0.0006959580099914429 -0.0004638590258684554
0.004156938651250456 -0.0016382578961378132
0.002847033190440308 -0.00015194732839725295
7.05229379531006e-05 0.0009454506542294916
0.0010533068298753878 -0.00036043177097207246
-5.555375000931339e-05 -0.001193279834965103
0.0006071540824565638 0.0003590464587488696
-0.0022323939164801848 1.6448238245014177e-05
0.00026584785076628467 0.0007687674581065671
