0.0002127378756826806 -2.36702164542128e-05
0.00018146925022299528 0.00015861229209290897
0.004486827314289778 0.0018595445835267819
-0.00037337647788714844 0.002441718900639832
0.0011482557945792814 0.0003673728076868229
0.00038889558861746987 0.003908272126651281
-0.0011095499337365213 7.975417870304141e-05
0.0008268742992219891 0.00199917557104012
0.003967831118387933 -0.0015333205420517328
-0.0014504273146589287 0.003256235907621988
0.001088570154864347 0.0001506010414096151
0.00010090164593624982 -0.00027133879362123306
-0.0035385466376091235 -0.0010489814351752845
-0.0024869635613781896 0.0021119633950921913
0.0008895643294757242 -0.0035516590770817468
8.371853535791718e-05 -0.0019760552287553254
0.0017604248273244956 -0.0018477745825976346
-0.0013680459932669017 -0.0005225287161611007
-0.0006415888708667854 0.00013356438726416645
0.0016945230610408324 -0.0013895603725738723
-0.001047515947484179 -0.0008794847315467039
-5.349076337157642e-05 0.00032492273241146265
-0.0006682729629232223 0.002101204408403346
-0.001954035910033183 0.0021051277301890217
-0.002416937186844564 0.0013630521360838076
0.002181954482615911 0.0003368003283902446
0.002045076355487524 0.0017751031059047456
-4.458547406416081e-05 -0.00044518132154905686
-0.002439063698727366 0.00040183339875450293
0.0020763761851601784 -0.00089153518071157
-0.002268764944593474 0.00016834696787182798
-0.0006827298787416205 0.00017365015969913629
-0.0003818049807923466 0.0005784782731435368
0.0002334296815522411 -0.001385286087517841
0.0013205012174459887 0.0006310296121138856
-0.000280200705229656 -0.0009109140004231022
0.001926806365277712 0.0004813212765567572
-0.0007313728974802299 0.0010161198173456658
0.0026921898045049967 -0.000577941974846527
-0.0007008474391040077 0.0013188871153824448
-0.00030818508600205784 -0.0010884887535779516
-0.00014057717284666032 1.9703583411534006e-05
-0.0016016808492300594 -0.0031471428247705014
0.00041137201832744695 -0.0006025219507011417
0.0012774812473683036 0.0007239088542034644
0.00014231999432800745 0.002240527046620305
0.0031594490034303163 -0.0014494161997868175
8.971909044549892e-05 -0.003173946060099858
2.5060819794419978e-05 -0.0008148367015484371
-0.002177610666706318 -0.000379281477222795
-0.0015913085405325816 0.0005677403689772372
-0.00018049322662937815 0.0014194539885013773
-0.0007217077472208292 0.0022771252480463418
0.00013069838649320772 3.4639395175992906e-05
0.0009875306033369495 -0.002494534290905145
-0.0005701858829426202 0.0010988128267636606
7.471373196337584e-05 -0.00021740312143415314
-0.0011062976776401862 0.0008087052696246768
-0.00023587389981214542 0.0010406329595680618
0.0006553470883937408 0.0017113454534072325
-0.0006809934349299518 -0.00082111192481245
0.0013611046457274012 0.0003791818281993158
0.0002353911389759597 -0.000349302409695051
0.00012143340666477145 -0.000636409484271792
-0.001834536900319939 -0.002134880828769033
-0.001991636031689553 -0.0002674155250320311
0.0030897498453855456 0.0023350303507837537
-0.0019178554564586656 -0.00035237713209270707
0.0008305492049146572 -0.002273664466977582
-0.0033697515032317894 0.0018311625842412746
-0.0021353368841011016 -0.00027324637731549985
0.0006245137717309985 0.00106231931482935
0.003803691174608922 -0.001606929536723623
0.0014099024116769373 0.002018804625190185
-9.087692693617608e-05 0.0008593100189007331
-0.00025352339816320105 -0.00100567919408842
0.003982860917716525 0.0008422907929974493
0.001075785228986141 -0.0015855266103404007
-0.0006271684985771855 -0.0007895824964604852
0.002316745650459948 -0.0025218506359183657
0.0015223260409584242 -0.0014899004873776928
-0.0010662401950346843 0.00015455624874113788
-0.00021776572589546518 -0.0016550323560353456
2.9667316230283545e-05 0.0014012086416205888
4.6735637996479525e-05 0.0004422443615085876
0.0009738613398344625 -0.0011066366015215808
-0.0024361006413297945 -0.0006982159283922351
-0.0017691637174066877 -0.000697283467192966
-0.0005181556839394934 -0.0013745513456508082
-0.0014223993711964477 0.0016667861516655488
0.0018079958965170379 8.283064403450012e-05
0.0001622235193508857 -0.0011115738451030006
-0.0008807088023220459 0.0011746869693452493
-0.0017976602640405032 -0.0007028617368252825
-0.0007488658291836322 -0.001394461004909697
-0.0007439004027815208 -0.0009148550020139311
-0.00028177966513570515 -0.00033389186487252994
-0.00018749317948091402 -0.00021258302518859423
-0.0023687262889112225 0.00223739483787402
0.0025125240915512613 -2.425145873946253e-05
0.0014462271539461369 0.0025271964774004
0.0014777858784881016 0.00097858496613884
-0.0018199615641811286 0.00032253856563372636
-0.00020610648275911654 -0.0010594501829283582
-0.000371193803099919 -0.0001661369389874138
-0.000983324939913579 0.0005687895484032039
0.00020973913895267363 -0.001312887958688823
0.0005179401261793856 0.002033171019694487
0.0009443585367276382 0.0007570979468669532
-0.002634259721097605 0.0025900950418300942
0.0005171349110037296 0.0017800608347862525
0.001894169428904098 -0.0020578963849599355
0.0015710351357916743 0.001585578249349917
-0.00039555568317207036 0.001166922297814758
-0.0012822829838025757 -5.1423867992265424e-05
0.0021219565819344225 -0.0015781747751310617
0.0009862610209422711 0.0002444685942294751
-0.0009457774012143567 0.0007895903980187095
0.0009993195648326282 -0.0010070921036920344
0.0008738846561357345 0.0005404769022948133
0.001062037815346883 0.0015116170187266416
0.0011027609839176886 -0.0005958232809977661
0.001866543629107208 -0.0009228864663798092
-0.0018233122393359032 0.0009504171524500048
0.001391300409588734 -0.0011588436778175461
0.0008126105797907386 0.0006663355279715817
-0.0007932535697759704 0.001325967083346735
0.0019753402148022458 0.0011796103344845898
-0.0011477994793349028 -0.002119990417364398
1.3800532318303415e-05 -0.0014106123433447499
-0.0018240351911709462 -0.0019720398349443564
0.0012597807289988366 -0.001696172912000276
-0.0023730761831615814 -0.0004477265399289868
0.0008753688105798854 0.00024789209534131616
0.0018362652285338502 -0.00024758482429378467
0.00026530897844157365 -0.0015095599923499927
-0.0011437907741215765 0.0008122975676754423
0.0006409981259291879 -0.00043637201095544264
-0.0007166822380683443 -0.0017031993069355556
0.00018839718640214869 -0.0006840887289540117
-0.00014701016361246447 -0.00013127669200022106
0.0008887633475344397 0.0025764096259742243
0.0013550136723009382 0.00024266720777702173
-0.0005515429939650674 0.001468425210695068
-0.001243497776807832 0.0007730681060721325
-0.0014984228916581543 -0.0009445691785368472
0.0016416626444273506 -0.001058707623137048
0.0028961168020618555 0.00190705980161522
-0.0006057927421645631 0.00012052897471175573
-0.0009247224259668429 -0.00042154664060168316
0.0011283068693702647 -0.000348340122680784
-0.0018686352415824654 0.0013805858485213963
0.0015155693253991532 0.0022194019985747326
-0.0011407223346946698 0.0010163926160898125
0.0011777525130887236 -0.0013915909356618829
0.00023356621779588204 0.00011228415133239307
-0.0014022388496366968 -0.00023636101843768027
-0.0027934933275196162 0.001579925376752293
-0.00015275624848873156 -0.00041872601519359087
-0.0004714400872231761 -0.0010262248150530525
0.001070171801497679 0.0002509328393464251
0.0018160265956408195 0.002228776769157093
-0.001989177261132011 0.00031490488447880727
0.000682865501710386 -0.0013866819362478694
-0.0003353255622343814 -0.0021540836784132308
-0.0004795554753865404 -0.0005653402637312828
0.0017998562435225778 0.002000905803859559
-0.00045956240909748554 0.0007755400960466738
0.0006358376772525351 0.00023867162887121834
-0.001155883962799647 0.000901919069889742
0.0025155662914020634 -0.0010881351546176892
-0.000482458201321384 -0.00042038814326544123
0.0008267374215002954 0.0013592905643197567
-0.00013321137836843066 0.00124602366686022
0.001850420829310361 -0.0004202773152861978
-0.0009999189866048263 0.0013982485464728142
-0.0018377804760278415 0.00046998921862880823
-0.0003385644496560465 0.00031207410732591293
-0.0005170963420399895 0.0013461784334319424
-0.00035605306817306675 0.001130991943336508
-0.00309314406733788 0.0013853636083723578
-0.0003953930989133955 0.0018395273126439093
-0.0003335589282632836 0.0007655170906488434
0.00219359720050044 0.0016930789101649013
-0.0002122852289868473 0.002140349558567011
-0.0008331678603327553 0.001410037017887822
0.0014317085393294282 0.0008159591168432492
0.0011567272172349173 -0.001950782541191899
0.001399319912572039 0.001336652061504836
0.0008432989399873185 0.00020320444958236858
-0.0010617706427596995 0.00037333280409204575
-0.00040251719652810436 -0.0007442542658704405
-0.00020281353546248052 0.0024292716088672403
-0.0008383586508435714 0.0005577809674117987
0.0007139702044072859 -0.001428526200245529
-0.0013009800205083543 -0.0024664744923948044
0.0007342031025430197 0.0005523716006051776
-0.0014362912191718683 0.0010608559094297963
0.002116786821562985 0.0007972664397684584
-0.001040985947086744 -0.00143942066731456
-0.002347927078522113 0.0020924000324460254
6.911960334777406e-05 -0.002613515848664943
0.001364028096912544 -0.00029899678558817643
0.0015770482115622878 -0.00039618140600073087
-0.0013528609432315044 -0.0007174045398334693
-0.0008048200178094216 0.0005207069181375516
0.0014686379679956579 0.0019990384902912324
0.0017182693257902894 -0.0005136088199972284
0.00025760744247205257 -0.0002304596044369546
-0.0017817629584457899 -0.002411263226760222
1.51436540249617e-05 -0.001536430191992746
0.0007072054352816508 0.0008345709580727692
0.0011596117515507486 0.002178845079278883
0.0017225100471478076 -0.002640179942840928
0.001299265576312872 0.000351062589208027
0.0006659469416362984 0.0011087570550009187
0.00010817464348377372 0.0017630460160408896
2.4866316038146173e-05 -0.0018221041427315674
-3.815179085998574e-05 -0.0016017415255602132
0.0008704575850272801 -0.0009647751475680142
-0.00149236192803067 -0.000566747938574791
0.0005974430703787337 0.0003494885415899519
-0.0010580810767038676 -0.0008602972692659486
0.0013301406820668059 -2.673060565069775e-05
-0.0011596242544484074 -0.0010350879754286145
0.0017878077238828176 -0.000716027584597074
0.00019172354986820694 0.0001318462181913567
-0.0003520421286741094 0.0019616094209261425
0.0004455873343857146 0.0003030465394410399
-0.0023115060026589226 0.0015350258765214717
0.00027596972310301343 -0.00144374092679601
-0.001474539018344797 0.001102980177054032
0.00029955159299300345 -0.0007450899907274786
8.587226937637176e-05 0.0006232213618386198
-0.0022535376982345096 -0.0019236898207825334
-0.0006184295970332557 -0.0005137452233485024
0.000571348619890431 0.0004546913004940329
-0.0018207395093420907 0.001127635299959538
0.0004289776096575902 -0.001530886922178122
0.0014721330915239393 0.0026939705840643264
-0.003071051302750064 -0.0017286003012191627
-0.00012308536301366068 -0.0028831930700151556
0.0009448190178620038 0.0003776687282653849
0.0007881004092727791 -0.001809861958014768
0.0011740910815753586 -0.0008936474978912579
0.000354070608103808 0.0018770727203360088
-0.0016736069802011607 -0.0014610742157854357
0.0009589525177205708 -0.0005067785427965818
0.0031451479073972837 -0.000990970287392844
-0.000390584591138774 0.0006368524990079155
-0.00023151448268930193 0.001866687515751325
-0.00038620192640515417 -0.0020350178430424046
0.0004237272181365621 -0.001044771978212845
0.0031849925314277466 -0.0006588931023951522
0.0017943750161852998 0.0001723792934795768
-0.0022517213080390933 0.0006631089576621871
0.0007844097268305814 0.0012682836481338908
0.0009289770959636742 -0.0009795192819674905
0.0021919592012719356 -0.0009751796624749435
0.0017039611932276068 -4.2261504912550674e-05
0.0016699489013090208 -0.0008351178089759181
-0.0012849152435202753 -0.0012816668877607305
0.0023055204688029085 -0.0005679385256154482
-0.0012656862545529525 0.0015633498100631447
-7.854517234336716e-05 2.3713900193638572e-05
0.00034524129455174154 0.0005088804374320596
-0.0016205244889065178 -0.002069178815543057
0.0017656881287786005 0.0004587360812713135
-0.0005590524505342038 0.0018923693478445427
0.00020729075858811664 -0.0011179242583060085
-0.00016506829276508375 -0.00038887447060121754
0.0020869441695446707 0.0009542019784026907
-9.511264260072535e-05 -0.0005105963522776339
-0.000627823012825411 -0.00011794205711528343
0.0018532360091731241 -0.002990209116133271
0.0021921028693509884 -0.0004606398324554949
-0.0008455489052589164 -0.0003067184226652046
-0.0018548640812406992 -0.0025028911863026275
-0.0016006611412430567 0.001185562687387631
0.0012165032285086298 0.001660123909080352
-0.00048200746444623837 0.0010568208503421526
-0.00044952891053175127 -0.00067091982947713
6.387812826776016e-05 -0.002404469010627265
-0.0006809193827802202 -0.0009403484176825974
0.0015187694527144585 0.002492304946951231
-0.0001835366373808933 0.0009027518109519879
-0.00305371513061934 0.00029158262770288243
0.0013259528358635065 -0.0005031467455691922
-0.0012936212282246818 -0.000940777974592466
-0.0002684909435982597 -0.0005647493627644751
-0.00043808815610208893 0.0019863627125338954
-0.0005394622699154998 0.0009907664504746623
0.00010461378302244831 0.000804583963432798
-0.00024054064300535325 0.0004552613518268456
0.0003238988294344472 0.001930474029000143
4.0076571568819185e-05 -0.0011426141745643397
-0.0030774666550509445 -0.0032810562666603974
-0.0002336136293223189 -0.00011671225425149433
0.0003399963335280818 0.0027932943083032575
-0.0008309492960665392 -0.00394013910527263
-0.0018818506661443172 0.00034452618581620113
-0.0009338432520357933 0.0010307822922820213
0.0012052728633178808 -7.914770917729844e-05
