0.00010802293290120062 0.00015266915410865452
0.0001863440121617091 0.00019012181944952583
0.007497249081486289 0.004844381555990179
-0.0015726331160109115 -0.0012823932803837802
-0.0015226067887481784 -0.002122798447330283
0.0009707853290798485 -0.0015218213844230665
0.00041114892863989416 -0.00026989455978444966
0.0008504350364737012 -0.0003905572805001384
-0.003224346005557274 0.0004661697621592195
0.0006796359911487677 1.5762136938425764e-05
-0.002988204543076278 0.001410995522987509
0.0005013453441908829 -0.0012613483582349708
0.0020208059592595026 -0.003466384682508612
0.00016081183798163397 8.142079920146857e-05
-0.0005842764020613461 -0.0007568014793954256
0.001905661227010159 -0.00020220663888837942
0.001165575769428346 0.002262196488056813
0.002221578999601409 -0.0024979799050743544
-0.0001570900859691813 0.0021444803850048455
-0.0017526263763142196 0.0013099973016225076
-0.0024211509336487017 -0.001264064212487843
0.00119656630378301 -0.0011240335985135902
-0.0017154379827241193 0.001933850075564119
-0.0015911572644506694 0.000346587265725124
0.0009942804535181897 -0.002185258902969249
-0.001978137598207611 0.0018290283665432885
0.0004256758660858156 -0.00016216668481388306
-0.0004415613067188763 -0.00037716789649259997
-8.797846778207393e-05 0.0017885385660446791
0.00192067091259058 0.002607043721052852
-0.0011616475246790693 -0.00012488906216559186
0.00044235764147705864 0.0034870188123234946
0.0014600655393685114 0.0004966965416601836
-0.0017314949966549767 -0.002276825366987199
-6.841679604039065e-05 -0.0035159668903445903
0.000447276613198963 -0.0020375175831998773
-0.0028031273250948893 0.0006384004302950416
0.0010430364643872476 0.0008665410851066049
-0.0008636181567174011 0.001258705773264917
-0.0009528386793394947 -0.0008297874963270906
5.611518912715154e-05 -0.0017190600700289541
0.003509476784901262 -0.0017353354990146056
-0.001252287417696861 -0.0021507363335630005
-0.001192176237860877 0.0029851816298548084
-0.0003679577897416076 -0.0016174594523485442
-0.0005657997641823718 5.14445873065625e-05
-0.00040424697157000916 -0.0005141078134265636
-0.0019309112945201325 0.00037222709675062394
-0.0007372443207264653 -0.0002289896002179222
0.001009412619527856 -0.0007597325723488779
-0.0009119646260866098 0.002216632873121874
0.0013546340150230388 0.0007189402306453898
0.001293405180369283 0.00043234084908335655
-0.00044419295395613104 0.00257481201515771
0.0008528343754713657 0.0008079939551912479
-0.0007313873770999745 0.0003778861218680501
-0.0011211904389510394 -0.00016781381514442448
-0.00011029903410154035 -0.0018415441600771007
-0.0011939365159162867 0.000877132044580098
-0.0023943386910930337 -0.0006870759582922316
0.0026759417563933467 -0.00028797713632536226
0.002591576895259108 0.0006175560673771495
0.0005911898303720588 -0.0011330009852970925
0.0015724441016648067 -0.0015383185085522295
-0.00028988372263696514 0.0013961972141735657
-0.001667124154694883 -0.0033925300173118208
-0.0006152842480929877 -0.0012900336908706837
0.0015929331573550471 0.0035541842090676397
-0.0036872082708204875 -0.002786905885611007
-5.01621805731437e-05 0.0028357963304789092
-0.0018851082862373855 2.1588141610538536e-05
-0.0017484436930328543 -0.0010631713648481663
0.0006411696374194973 -0.0027487664317111084
0.0011351845551298438 -0.0018044199047138935
-0.0008804152346454702 -0.0031701649502287542
0.0023265484003944553 0.0002019763862957531
-0.0013508788214509444 -0.001831428885994293
-4.239697384218856e-05 0.0014144447468649106
0.0038014792535335552 0.0013970868570665931
-0.001280034597762414 -1.4939797360828864e-05
0.00022914588821243932 -0.0019526534306944375
-0.001610149209951018 0.003629155618905849
-0.00041040984835380456 0.0011485889753154114
-0.0019685997772772783 0.00060065280917596
-0.0009354734222945453 0.0017416223428088407
0.0035609386340951623 0.0019037528102669842
-0.0009777574900101276 -0.002832941891471954
8.470837416049934e-05 -0.0021337781406167056
-0.0011985687513125982 -0.00018603929830606985
-0.002290758117595193 0.001255454271663035
0.002869238004542368 4.839775486020637e-05
-0.0004305154623081863 -4.594829769214864e-05
-0.0008110823449427413 -0.0004869905583515401
-0.0006214714312047716 0.00018027664669854738
0.0022554834261341375 0.0016441425972308495
0.002034392848322698 0.00015104297851781327
-0.0007387975859060402 -0.001147708098933038
-0.00031246594919005603 0.0026311941361077443
-0.00014567545300319507 -0.0025673459055108707
-0.0008175156699431158 0.000832374056051863
0.002559194738155965 0.0012413042478361036
-0.001703711981517385 -0.0006087453953973806
-0.0008392665746554388 -0.001332148790332974
0.0007240771221808795 0.00028696096930839316
-0.000773037888544826 0.0013487806895647778
-7.50827755658821e-05 0.0020885719149142524
8.912484329932494e-06 -0.0010749624550258656
-0.0015571081128418786 0.0012155740038449965
-2.909953509978195e-05 -2.947431831064921e-05
2.728699486317355e-05 0.0006976397314134852
0.001108251381814127 0.0020834382748094317
0.000988659209440889 -0.0006347275017856838
-0.0018687569884780451 -0.0019014901121519035
0.0030433679212582177 -2.4669795769525748e-05
-0.0011589029207944492 0.0006555418810156412
-0.002119054200303146 -0.00034677880791392966
-6.515864874619456e-05 0.0008997011823412823
0.0009018764177986601 0.0024121521662146665
0.001350714043823675 0.0015157656950293508
-0.0016130859044758974 -0.0038893529582142
0.000683218943065242 -0.0015668681826560905
-0.00014494557955468091 -0.002280438800501654
-0.00047886425888762766 -0.0006855792407585458
0.001681508016637106 0.0011961257631750404
-0.000171866396932519 -0.0017472239332482554
-0.000564860463814538 0.0005701751482085505
0.0023075300997082993 0.0005025824926634125
-0.0016372162658067678 -0.0004373219463212158
0.002223803980605466 0.0009637503992559282
1.1150585327664992e-06 0.0003947123472704186
0.0025840680485710093 0.0005400547491719214
-0.00019066157621972635 0.0002989672880434617
-3.393931610303397e-05 -0.0009198471967585762
3.8432883864189955e-05 -0.0003669348001272024
0.0009641463597423566 -0.0006973489212379973
0.001852964651324475 -0.00015804913839642228
0.0028454469661443023 -0.0017520674745768415
0.00014266197015650115 0.0008998883598383926
-0.0015952035983067673 -0.0010768287640289156
0.0010025012475788956 3.459332099530356e-05
-0.0007498856770536391 -0.0008172843623076831
0.0009282520160935525 0.001253076098473596
0.0015125980127193405 -0.00292220287799943
-0.0026585701558137125 0.0002605649160306614
-0.00036217279294872905 -0.0016435168281506967
-0.0004437605993695741 -0.003501988926726541
0.003026440733669875 0.002315549153402925
-0.0018924207224495448 -0.0006768055225942273
-0.001454358083354227 -0.0023153103953355526
-0.00048417967097164045 0.001327188600154276
0.0016261910132611232 -0.0008320982555078383
-0.001216045769985503 0.0004491636535285772
0.0006244616086101376 0.0012823164197653292
0.0011350173909989514 0.0007303823863627927
-0.00010761379296197301 0.0005222491292960027
-0.00039903700349796416 0.0028509820368939655
0.0008981077901008269 0.000735426637050651
0.0011936092001381645 0.0013003689277058916
0.0005513742548900133 -0.0018311756372088497
-0.0022549888769895577 -0.0004607114025884445
-0.0012269766175651599 0.0011946799436766834
0.0009325319159695279 0.00110414675225659
-6.738628147267261e-05 -0.001342500879700493
0.002170575646975839 0.0014951996856310463
-0.00031668972589846443 -0.0008159637682693547
0.0008484501479323206 -0.0015089938382056598
0.00031624141802596815 0.0009496394946941052
-0.0011120116309142382 -0.0009229071119216339
0.0015521793568623386 0.000300204483883291
-0.0007994933595199232 0.0014157378131114083
0.00034633854277530963 0.0005561026259952472
-0.0002783668084746382 -0.0017279538343885849
-0.0006119814765711673 0.0015030454655077915
-0.0022150347139238947 0.0018021359799812548
-0.00017808563401212028 8.781867728372039e-05
0.0016580125831656314 -0.000762921766386757
-0.0007549458061124861 0.0005954463406857834
0.0014041645352391257 -0.0013218499520404644
0.0002915469062250709 -0.0021176217932887486
-0.002816474066452257 0.0010462505156036612
0.0023086383897615455 0.0026509079312584485
-0.0010137154767785326 0.0008242028477478275
0.0023935382607921584 -0.0003625972749284429
0.002053699457598584 0.00021320430432715716
0.002146667388488046 0.0017682211081559407
-0.00040953852560881074 0.0025049081792306097
0.0017282993479743269 0.001145298983419514
-0.0013570532095349658 7.463019383033199e-05
0.0012681696556327685 -0.0007784917454534743
0.0020249279754171565 0.0019623616269276918
0.001517654585409989 -0.00042067600717597453
-0.0014015282109541628 -0.00225017707629838
0.0007589488725385034 0.0009419287048664695
0.00033255213838223987 0.0009927958492035353
-0.0008520139851112886 0.001983625239162194
0.00040874144606700203 0.0018711780678676334
0.0012278901946018866 -6.30335656872067e-05
0.0004048990352350369 0.0020479865104903344
0.0009883185949529222 0.0007625387710454835
0.0013059215469563067 9.033115255937597e-05
0.0017610722161266353 0.00046126243077742566
-0.0011310242797059314 -0.000923570956836258
-0.001540351808349142 0.0004461765935336337
-0.00014331510430181272 -0.0009587676094683526
0.002086264634050158 0.001034567076753713
0.0006329733854300948 0.0005347714638388276
0.0008617686058758771 -0.000400398742687674
0.0027735257275579793 -0.00037974952612198346
0.0004676544275246917 -0.0009555001380375147
0.002245317415398478 -0.0002953796047476644
0.0006085916175791197 0.0006696819519995798
0.0016152943495013768 -0.00012342705483270577
0.00025073484647353137 -0.0009414697374895809
0.002880402990508699 0.0013866381365659462
0.0014816988031096225 -0.0006999919849327435
0.0012529277422734257 0.000164731677928881
0.0024506678549662615 0.00022437543502954238
0.0017749611884050253 -0.001519418281343916
-0.0007675024167568615 -0.00028980397362755373
-0.0004822086872055769 -0.002038517019759968
0.0017073595659748038 0.0014443807570288238
0.0014277834968581327 -2.1333851782113803e-05
-0.0012794419661489977 0.0012973018401862837
-0.0005052720396923412 -0.0020403472529892056
-0.0013870438154627875 -0.0015516655889369793
-7.16871581821159e-05 -0.001078386513380435
-0.002630145685036354 -0.0019243150371998448
0.00023416140104287614 0.001640976711165546
-0.0011551108994853183 -0.0008746706819706965
-0.0005120766889190518 0.0025324783545225267
-4.696206094134243e-06 -0.0003506957484730375
4.715700908186218e-05 -0.0010078258114010496
-0.0020193004712163484 2.9338156443070422e-05
-0.00015798340998261402 -0.00031450280066234353
-0.0022101724753928603 0.0005797723416537896
-0.00035152236559689884 0.0005495815832086904
0.0005841677298867075 -8.800675685951579e-05
-0.0016658274228552503 0.0003983196890828264
-0.0024077755954396126 -0.0015842297781898222
0.00029262493824780286 -0.0011103636185241744
0.002862892009639772 0.00030556672862260367
-0.0010465194508509858 0.0009073949804100109
0.0013977291379503873 -0.0019397370056450397
0.0009695883836590553 0.00022260581547012715
-0.0020364965839475614 0.00037370570581827774
0.0014300100057718763 0.0013478258283396766
0.0008901810705431782 0.0017452321370742775
-0.001997961332573629 -0.0012108247380150912
-0.00015478714337136145 0.000614753657745382
-8.03006959229599e-07 0.0016539930641989978
-0.0008225518649700306 -0.001534976660633657
0.0009663448855600131 -0.00155257025171106
0.0029525689375644714 0.0021444234367277077
4.340067491635586e-05 9.861564629891269e-05
-0.0011247633226725937 0.0011421006945817242
-0.0009077894742997494 0.0026094661381776516
0.0007481471766843658 0.0032599552844269743
-0.0007339217917602312 0.000719757385518177
-0.0003574692659106047 -0.002579776344111266
0.0015992147543067152 0.0004704946818180625
-0.0018240043864267636 0.0007212681640786598
1.3453854977794356e-05 0.0010316715072704527
0.0013931133262808791 -0.0009681137144437862
0.002878154650192828 -0.0004119996328727429
-0.0006311943553177104 -0.0008365860099792348
3.207825561946686e-05 0.00026240890131170317
0.0020593685448202933 -0.001053462555612804
0.0007056541373427286 -0.0013099268957465556
-0.001321052376228624 -0.0009068216918916958
0.0005574663541544784 -0.0009056152676080805
-0.0013351615824460394 -0.0004869827005752701
-0.0016151649494965889 -0.001313571665276746
0.0030873004891207798 0.001451423553995028
8.300786533126563e-05 -0.0023832430289921864
-0.0020359689466104077 0.0007584524021557115
0.002687616756615374 -0.0013422398770339238
0.002431290588456028 -0.00024825771742891125
-7.19082431734636e-05 -7.267186676722971e-05
0.00014724123824199291 -9.480250974420058e-05
0.002186768656024299 0.0010170017794848625
-0.0032489804271675156 -0.0014005331204211412
-0.00039982159890680904 0.0012869731056693223
0.0010271587011053882 -0.0007996416006763647
-0.0006570993479232795 -0.0018720807501684394
0.00019076497482526888 0.0010376069320890747
0.0005560078277716516 0.00012324783091485905
0.0015812953479758364 -0.00026300099127052356
-0.0012794875250386978 0.002117268745673693
-0.001550175087620644 -0.0005332467321736793
-0.00022454705423209775 -0.0011543990350088198
0.00012492781266251412 -8.734852787822131e-05
0.0007506426176630753 -0.0033767218584457993
0.0014132873622001107 0.0011504362364772197
-0.00035383980629767766 0.001498532025237022
-0.0015368637406453932 0.0007143348654841158
0.0018570024558496351 -0.0013410901216042493
0.002347009739162935 0.001517380402580203
-0.0027356445722880097 -0.002625893688316056
0.002974178775784448 0.002029197472542209
-0.0005161741368692778 -0.0011570812097974807
0.002313821452397606 0.0005329967889279751
0.0015879876513988061 -0.0006981617124939446
-0.002176780006598175 -0.000408558029263265
