0.0001911191078943994 0.0001631001568709822
0.00010730172075040021 0.00019754323585028535
0.004646686055396292 0.004507032937709067
-0.001313278065909751 0.0011477151906132326
0.0019661011841151984 0.00040659137097806287
-0.002347366227102427 0.00014852908277702636
-0.0021848947568522846 -0.002052967720677182
0.0023501545282673753 -0.0023515779665629548
0.001029863535495103 -0.0012470585873163738
-0.0010843603279204993 0.0024285680007851322
-0.00041744219713041975 0.0016015129856081526
-5.023193635533428e-05 0.0014011212591481903
0.0009380517425442692 0.0005141133456048791
-0.0017044108809831093 0.0008846695569925356
-0.0020534196039988443 -0.001606819096529078
-0.002089882924812183 0.002537057268109107
0.0016114587105327404 0.0006075978417172521
0.0004502970211355876 0.0022872280045372465
0.0008991285189981612 0.001702422456689545
0.00023439382415526243 0.0003212277392059303
0.00040845375921586945 0.0018122377819433232
0.0015787201812698995 -7.633550804943657e-05
0.0036250908109862496 0.0016730413733084112
0.001143886573228144 -0.001609588379569234
0.0014377915353647047 0.0006087024011107741
0.0008269401877913982 0.0006333468822062403
-9.709740838477382e-05 0.001282658734768097
0.0012372265832414292 0.0029969877460308287
0.0021729332576876864 -0.00043748686450141756
-0.0022076986879221287 -0.001652388873412957
-0.0007166380531666781 -0.0003085078874755715
0.0009408617037314245 -0.0009224730454794872
-0.0005641931843546835 0.0013763434400438186
-0.0019793479697040803 -0.000581334295107542
-0.001527248879888785 -0.0014876027304904188
-0.0002288205208183275 -0.0019120699516677344
0.00276773716455223 6.210263292189229e-06
0.0015759342069898152 -0.0016382246717128097
0.0019682962983405246 0.0009947858570525027
-0.0014280806378304822 0.0017690235792639708
0.0005985361752649587 0.0005229629011708547
-0.0016707689813504414 -0.002400386720216153
-0.0007054179448273662 0.0024273470400885413
4.5924726772541565e-05 0.00022705169083139586
-0.0015222511936823578 0.00041870641724693424
-0.000923526722032672 0.0009311040590924814
0.001234938100284406 0.0002381583930897015
0.0002956483672071497 0.0007164599803183117
0.0019531301721312237 0.0007894618570305847
-0.002492053744796183 -0.0004136783579277307
-0.0005406102017899093 6.944451180857681e-05
0.0007347002985103015 -0.0013435214652182718
-0.002988897846702689 -0.0018321700561695427
-0.00010963042087383682 -0.00022069498572565018
-0.002572092439666823 0.0009005947778222479
-2.327931596590297e-05 4.1994932258340855e-05
-0.0015878745913976097 0.0009500463978069805
0.0018740588921990218 0.0004555679681864599
-0.0027763030823862002 -0.0004911769176130536
0.0011486353642825961 -0.001658380730359274
0.0032579694351490864 -0.0004493448775783234
0.0006648015071179683 0.0007131734438285773
0.0007829886848790425 -0.000513553977517298
-0.0012216241100501308 -0.0007143797806627048
-0.0010804159414970092 -0.0021603332223902702
0.002980961389278068 0.0023625206450165028
0.00014371792761746685 -0.0010406008084915199
0.0016482680231054052 0.002460390022328379
-0.00043316391246433665 -0.0006320194484338981
-0.000384437779743729 -0.0008757850605573114
-0.0011513866290388819 -0.003569044695762968
0.00020686234127184836 -0.001996767301761909
-0.00026154616976520697 0.0016656252175272688
-0.0035532366320235203 0.004187942017527403
-7.106322714995237e-05 0.0024292192475236073
-0.0005524642364666807 0.002313217415596767
-0.00018298742304908826 0.0019070298336137709
-0.0009263889668775912 -0.0015846812939592765
-0.00010773686870661454 0.0009511950003358637
-0.0021058109628506413 0.0007699735112032902
-0.0008840443754251108 0.0019511682127253164
-0.0009649618226000242 -0.0001039936066852814
-0.0011287311721483945 -0.0003871248956949043
0.0035203277616798847 -0.00195353487762432
-0.0015812109417111205 0.0008948110374010271
-0.0019740880112376668 0.0028808673014591966
0.0011701575766203788 0.0016175397879423326
-0.0007232277142881026 -0.00015549741606166786
-0.000712876149383495 0.0013140848407166734
0.002281524793940308 0.002038593426820238
0.0009710629878575074 0.0011512522272405774
0.0007179651580179824 0.00028355211657102774
-0.002461780530695692 -0.00015759562192436852
-0.0009197487543240722 0.001943059252539325
0.002192963624570599 0.0030808116570413156
0.00078086538656874 0.0012330157356217298
-0.0029744272428845154 -0.0012922398446306921
0.0005975322387135472 -0.00034817022612298635
-1.359735413913601e-05 0.00029938309044185243
0.00040775243039442566 0.001983541907476244
-0.0025897559545998068 -0.0008227619761480259
-0.0027392888884135713 -0.0031622347467021427
-0.0009486502195378834 -0.003793381927371224
0.00014997963165057961 -0.0008932856477422269
0.0005341618391673828 0.00016120573948230426
-0.0009372529618900446 -0.0003276063084803987
0.0012732294463406204 -0.0020370630742595035
0.0004653357064126801 0.0003817822820977772
-0.001412991417706327 0.0012100925902708826
0.0005820222536479262 0.0007016664544162539
-0.0007053755216367218 -0.0015682292383091643
-0.0019283300269695772 0.00013487386903619696
0.00020346193165622197 -0.0008562465661969991
-0.0011491363248534688 -0.0005083680254268961
-0.000510028831951331 0.0013959300893888493
-0.0012858663138680232 -0.00028478352656384097
-0.0014109950689107536 -0.00032681611892770477
0.0001901599037287886 -0.0010360255373914923
0.000412763389908838 0.002062040819940718
0.0012318130097977724 -0.00010700227748034375
-0.00017836527576158015 2.192992928628788e-05
0.002186457837602823 -0.000424460204927707
0.00028692764935659586 -0.001229156854662058
-0.0007555398263667846 0.0015022558850410744
-0.001564843844347953 -0.00014356342943091084
0.0006568538411538957 0.0007240795786423738
0.0010926487305865952 0.0007098232250180138
-5.2786498642851123e-05 0.0017754288581364986
0.0005836867396645239 -0.0011861359026906148
9.678337080439238e-05 6.457669648285772e-05
-0.001011948827092317 0.001077464318838091
0.0010925019115674373 7.247976085810473e-05
-0.0016233685536590989 -0.002043393415234497
-0.0010993371864310936 -0.0005516067283043857
0.0029095279389506753 0.00021922595875144868
-0.0009491710243802372 -0.0006360394669114345
-0.001125868773824021 -0.0006727862248054553
0.0008004643411026444 -0.0009467283390827715
0.000399695192537925 0.0026498798233928074
0.002738850775240575 -0.0012345987033288912
-0.0006517672663832666 -0.00022824914451063146
-0.0005393139821816543 -0.0004550896754895151
-9.183051835634619e-05 -0.0012259137212226072
0.0006776063237686407 0.001039316838135634
-0.0015393646141219912 0.0018234785409859627
-0.002175589157738566 -0.002077811420323681
0.0007198185410793895 -0.002614914992190347
0.0026875832026669023 -0.0006821756053434203
0.0003151898187542397 0.003450560815956603
8.903768845317714e-06 -0.00042748034812544725
0.0001722612052264777 0.0015464100989882642
-0.0009269958178900505 -0.001356949948527312
0.0005035504573198997 0.0007139142240940485
-0.0008372936436735793 -2.4084422042862994e-05
0.0012770041386816042 6.830208277223805e-05
-0.0006101410498790025 -0.002671124293768015
-0.002141842622603716 0.00147447249741346
-0.0009960001212814755 0.0011506525439881994
5.914978243800962e-05 -0.00025881000622174957
-0.001559333860447404 -0.0010428039824286945
0.0008373630677031944 0.00016948043110532213
0.0020378148762358705 0.0015383583697316358
-0.00030683886590672656 0.00035536799727003835
0.0008968677904230119 -0.00042299383751320905
0.0022504740851661776 -0.0012950572077393351
0.0006176671343727652 -0.00018363470889882992
0.0009807633280911345 -0.0009965785595974952
-0.00113885503362208 2.1281833948521766e-05
-0.0012814309003883959 0.0010805832909164196
-0.0012730575235139442 -0.0009651515635979198
0.00020684050951794264 -0.002388013418967646
0.0002761067979332949 -0.0007667622014100697
-0.0019726075237319857 0.0011100228589709619
-0.0027261093064536255 -0.003686210682877583
-0.0020862508203660897 0.0016385156588968528
0.0013125521825061712 0.0020067650456660462
0.00032602657849479334 0.0007567242802133444
0.0003564321342365411 -0.0010405311689188875
0.0007552971467377699 0.001924411890058502
0.00106122366012839 0.000434218958378291
0.00033192344694645383 0.0003379233653530619
0.0008750744611568458 -0.0008926921064690883
-0.0007646715214724476 -0.0018819672658237098
0.00046434502826878875 -0.0010132694225934741
-0.0002958442429367525 -0.0009264485302224946
0.0012316567188903863 0.0011192424358994052
-0.0018771852577481505 0.0014468673608471906
0.0007953487546290087 0.0006455657304114127
0.00045972055893716917 0.00014017044807390993
0.0016522946728491545 0.0025210668775670205
0.00094643421624887 0.002286685637069463
-0.0003504119646370477 0.00027274525782412323
-0.0009499583883878903 -0.0012945047449593322
-0.0012062619020030926 0.0013668114107849632
0.0023645418117170408 -0.0012888211316984274
-0.0003222761516684793 -0.0002726807413873979
-0.0020524366980511645 -0.001048001653771368
0.00089761340920227 -0.0023084931954099734
0.0008701090842207236 -0.0014188007622978386
-0.0013249296809496633 -0.0030348675985119146
0.00022857430935126392 0.0017844759117788182
-0.0009056683941921003 0.0025592937748161876
-0.0020673562119014996 -0.000891497221955577
0.0017789270149135659 -0.0003459027851162204
-0.0003362773832220868 0.0005671458170960547
-0.001787213101110687 0.00035430532543713266
0.0024373308857750225 0.00048294309840295457
-0.0009092326763139272 -0.001672703845396307
0.0019175033185659489 0.0003045218957441696
-0.00018518084812313513 -8.557056442048902e-05
0.0013352872036647907 0.0016407581083388398
-0.0011520814514865121 0.0015160279154708483
-0.0010551406822770471 0.00047943223093118136
0.0008400617169038068 0.0004168567354022445
0.0010192484048661594 -0.0018645110214391683
-0.0007077857073653709 -0.0010447688273843103
0.00031291077335756886 0.001272289733506871
0.003055935732858003 -0.000658606282432654
0.0017893703389683883 0.0008396046732808483
-0.0002842819804106075 -0.0023899787951261915
-0.001105468471836449 0.001794088423953033
-0.000531934731790219 0.0008397493882333225
-0.000256680650344148 -0.0010171225284176667
0.003428281979584842 0.0003703404551382069
0.002346817722098161 0.0013486512870730214
0.0020451471470360094 -0.00016407345633403334
0.0029233814950684325 -0.0014320197104163265
0.0013759739472170207 -0.0002566953311118725
-0.0009410572777458651 -0.0009442845272251776
0.0008303185744455463 0.0006449710478372806
0.0012387227298444779 0.0014926245305064729
-0.0008469810696991964 0.0010683717140571453
-0.000417566585845294 -5.607931602815115e-05
0.0008082319275893946 -0.0003427603849441374
-1.0426058258350517e-05 -0.0006384516362513655
-0.0011152976413741494 -0.001151850937431125
0.000947267301820031 -0.0021490757194440498
-0.0005325725148273884 0.0013178191785551902
0.0019918112435261424 -0.0008456566708556003
0.0021554894802368273 -0.0025423097668891385
-0.0012159820300225229 0.0003623058428834693
-0.001764396302492845 -7.9146618742579e-05
0.00022887639867303722 0.0018084193246178804
-0.0021360146643077827 0.0023301585149282616
0.001431818718346714 0.00038178868467720917
-0.0007956018412538841 0.0029105162947693254
0.001274281261861919 0.0016207522163672265
-0.00048304312981099914 0.001189838055864414
-0.0012813262365214263 -0.0027806916845037944
-0.0006915723593040085 -0.0009518199134485446
0.0008449325885276248 -0.001195420446740152
-0.0011812754303918219 0.0015926856385168773
7.562575991851308e-05 0.0010105630834120166
0.0012449135723873151 -0.0005671425370454543
-0.0007186903398768019 0.0014388402246222765
0.0026962742330470476 0.0006555674423674726
0.0003954596397400235 -0.00021383619021158286
0.0032629205722815497 6.338462793264753e-05
0.000805221450530302 -0.0006476792348979008
-0.00031332093144993245 -5.82751352084848e-06
0.002539931991153036 0.0026843660834713983
-5.003430287056608e-05 0.00014393676601388383
0.00033019276406262685 0.0017626390777077453
-0.0009244076204941434 -0.002134032821114896
0.004511724404211249 -0.00014289185393457843
-0.0020755354763715168 -0.00011862096060184363
-0.00053568366193163 -0.000734558971370998
-0.0009513464101230272 0.001656432836607824
-0.0005597121513242549 0.0012823171234398792
0.0008023806194348533 0.00179296418679429
0.0023601234675574485 -0.0009931619116817412
0.0006318154549675936 0.0011332030193869221
0.0007936149029198098 -0.0006930712191840644
0.0012671613213121715 -7.048057188572255e-05
-0.0001739036457637059 0.0014518238964031788
0.001977751282165491 -0.0018984766511759197
-0.0009703556796616981 0.0037276346715699824
0.0003896038190733427 -0.0009095727424508907
-0.0007189131132635288 -0.0005860819708516366
-0.0012468560325478472 -0.0031709875357743196
-0.0002984397889985309 0.0014730965320366646
0.0004804664877112482 -0.0014908935119050902
-8.477705510954684e-05 -0.0010844454770781136
-0.0005721327085914273 -0.0017251791881153391
-0.0007308939144088353 0.0006351312340220384
-0.0004782245296737788 -0.000378880673721699
0.0019024878804616144 -6.867212459878722e-05
-0.00022320904731522214 -9.133406042724631e-05
-0.00202230027762789 -0.0031990567733718943
0.00181456935954172 -0.0024268997052248847
-0.0004152019071132698 0.0022769685114513412
0.0007803821104650657 0.0009530269387639584
-0.0009679903862667127 0.0006502726089617439
-0.0009407775678366496 0.0009435760421399806
-0.002036171610018066 -0.002071146352328497
0.001598875763260673 -0.0015695809706477882
0.00040053531047865975 -0.0030251941896040015
-0.00043620200342639443 0.003329413500125228
0.0026177448039606597 0.0011557404432665935
0.0020485958193192694 -0.0006322808152252623
-0.0004737394848930582 0.0015730202619602585
0.00014829368740301312 0.0020006792897085133
-0.001876344184275228 0.0006363248698335878
