0.00015577290835106265 0.00019346314758181114
0.00017818552056038538 0.00027853702490993466
0.0034966110697925855 0.00473877778266812
-0.0015618933700037938 -0.0010129308068666544
-0.003952031598226672 -0.00023175691170199383
4.772180589740235e-05 -9.012913514473091e-05
0.0011096125055745506 -0.002057387451081374
-0.0004679142934433061 -0.000538932179654803
5.844563559087667e-06 0.0005451560951301289
-0.0024874045457414997 0.002096440734050303
0.0012502500572722326 0.0010903366843603706
-0.003116214114680606 0.0005507755505810724
-0.0004663917789190221 0.0009130907293467324
0.0008731264840498424 0.0008260260604195379
0.0004195782174387122 -4.461093860599103e-07
-0.0010940129662276043 0.0003616371931143292
-0.0004002055755146965 0.00027636059132873713
0.001410644204277935 0.0017110167771575663
-0.0012884247436375819 0.0019172505294204989
0.0005010317119121164 0.0009295203580073973
0.0028327428053341 0.0011015526664763665
0.0001742337688031258 -0.00020612353947602527
0.000538035582067758 -0.0020104566926313046
0.0020638089007234952 -0.0003707402323480902
0.0001861580173123951 -0.0005334089622181359
-4.104634677373251e-05 -0.0004550398055732349
-0.0011144664398102487 -0.00023161453895288305
0.0007116234360942684 -0.0013011105798569104
2.9907590899276175e-05 0.0005715143894380145
0.0022043282206143824 0.0015781928575630162
0.0015038795540489355 -0.0011408264835495025
-0.0036348287822244836 0.0013628724620344164
-0.00014815295616864578 -0.0018987972384994943
0.0012334749054998151 0.0017021985808375075
0.002903839009707066 0.0005232551352697094
0.00017343446372057112 -0.0011186639241034105
-0.001828948784986719 0.0019270529535615327
0.0005717427883796309 0.001432180284085809
-0.0004765507646266825 -0.002516294120680735
0.0008081483949228552 -0.00035452193136160053
-0.0034600440615655498 -0.001466731069096922
0.0007573320057808945 0.00039294184933946216
0.00028921472856608576 0.0008011478086424765
-0.0012637465349439804 0.002447414967344749
0.000939366288326391 0.0014213382367426219
0.00020814131162633196 0.0007859233925566738
-0.0007777341171195249 0.0005781232267445073
-0.0024147657811276323 -0.002940740149843933
0.0018404805368127076 -0.002060932293877325
0.0038129174286730106 0.00016660749491636054
-0.0018155111507260281 0.0012638516485633188
-0.0014229452207076437 -0.0027264577999242794
0.002334928347972871 0.0018206600342481288
-0.00305680554288001 0.0010066739991623286
0.0013034234612228507 -0.0014047451052299877
0.0021683487037562617 0.001300888202132257
-0.00021249488230792537 -0.000958508841293292
0.000903239152531512 -0.001711532160474644
0.0022640930847149885 0.0012484427271658696
-0.00043057190565401547 -0.0030753430495113294
-0.0013501105978934082 -0.0005143377355812792
0.0019391433304725527 0.00020256061107604088
1.2947658192468406e-05 -0.0016783208834879621
0.002155143402518878 0.0011339325911522554
-0.0019064611082072046 0.0010455028909361961
0.002024305134804581 -0.00040005605234168966
-0.0016670526369630552 -0.0020014948656275292
-0.00010198334571349116 -0.0022298234508807686
9.614270448524804e-05 0.0010815465833443547
-0.0009132890294859035 -2.45134745039388e-05
-0.0005116839520659291 0.000898647565869596
-0.001106281537860356 0.0007105340779829633
0.0014593192590933047 -0.0004803946206057995
0.000498112290890271 0.0009166928476563829
-0.00017567955856916765 -6.513222946805077e-05
-0.0007814852036834602 -0.0009617121173734378
0.0004721792218037291 0.0012785797489564751
-0.0013170800353179983 -0.0016975426505074608
-0.001855729363547568 0.0007802348371186029
-0.0015724403812978262 -0.0006552211533627948
-0.004970012848957494 -0.0004895627166265975
-0.0010626731790044038 -0.00028896412356545795
0.00011441939419346748 -0.0017600097002972495
0.0006329957200672252 -0.002282845982906242
0.0014243373434504214 -0.0025449573268970255
8.148201618603067e-05 6.312753315439252e-06
0.000452138065411175 0.0008303813800075633
0.0008613077270788225 0.0018836519654866735
-0.0001476235906955719 -0.00011334126554210485
0.0011041651108781138 0.00033414015632413937
-0.0012728349697364904 -0.00233411550955105
-0.00013968208358544485 0.0015015771539704818
0.0012846898999632778 0.0006508863777044839
6.969181926182492e-05 -0.0019429020463759827
-7.744340022879887e-05 -0.0001849870652015715
-0.002048402105007831 -0.0008621750090642094
0.0001393505266080575 -0.000930106152879018
0.002852818308349886 0.0015229792865659934
-7.492285225365907e-05 0.002847354922041303
-0.00038267674343781704 0.000984274335054499
0.0034536075548387466 0.0005467211344663847
0.0021957647314687916 -0.0010510391058277397
-0.001371261325790539 -0.0008799366428442583
-0.00042505633879290187 0.0023832752804650976
0.0002711719914954941 -0.0012089984510974322
0.0013546999885557806 -0.001106952454189279
0.0007674144818360993 0.0011259199337263549
0.0007332945806356417 0.00021389747729850563
0.0010001466231030515 -0.0005005952450475162
-0.0015417877045148828 -0.0003672468019976805
-0.00031479889623446856 0.000726076200272128
0.0006618377105910555 0.0011921183323197243
0.0006081831224121021 0.0006058346628558406
0.001348685396551837 -0.0011554821405605198
0.0003427271550429412 0.00042921496595432155
0.00037861967911566454 -0.0007579061905731651
0.0014884683851092732 0.0011639251506275993
0.002441967838115928 -0.0025080311078311923
0.00037447685752870744 -0.0005823575166043189
-0.0006000309953241 0.0005639886972844733
-0.0013429207005736658 -0.00041540555391286315
-0.00047554450990684065 -0.0006374738410287252
0.0003240554673943621 -0.000865222929855635
-0.001899499527161083 0.0007426699796339082
0.0007421620071312715 0.0002860749861578918
-0.0018004401569725566 -0.0005536424587536127
0.0017185009612249204 0.000820427162772215
-0.0009769471846204985 -0.0007089972415134083
0.0013230672982935557 0.0007399983840041287
-0.0007921706766983524 0.0015023586668602602
0.0008045926115860278 -0.0014961323472407178
0.0003167118577850173 -0.0018256351592380487
-0.002792089530377488 0.000385999333420913
4.227413825688914e-05 -0.002310931489406804
0.0019893995175552575 -0.0006517776807824277
-0.0003888603893243447 -0.0015016843120554887
0.0029482557341922134 0.002221786563498304
-0.0016819381258537925 0.0007301541879733813
0.002243953781041315 -0.00012907903940618536
-0.001880977506484803 -0.0021690004689768312
-7.62597979343859e-05 0.0016307838161536473
-1.3643887017671212e-05 0.0006268349223413463
-0.0017252720440035817 -2.455659623110817e-05
-0.0005083803500220276 -7.446837063022472e-05
-0.0014960260462437663 -0.0004468782700891616
-0.0013556387819199129 0.0013849882279877192
0.0006193968781572122 -0.0016037427425480435
0.0014045680171897652 -0.0008662054709035789
0.0008618653577922419 0.0001944468273453393
-0.0004688342177376798 0.0008148220856947109
-0.0009533763034281131 0.0018433849115081944
1.7135085717325942e-05 -0.00022732903164877897
-0.0012754762083432402 -0.00013383541474025533
-0.00045758923097984603 -0.0008195815730467975
-0.0017444064541284321 0.0009174933102383747
0.0004497689693560259 -0.0007337908647982454
0.0008823666993489713 -0.00020788738435536345
0.0004963779049483215 0.002107914777426322
-0.0019807387050972667 -0.00026935422403404487
-0.0004941460193028537 0.0007607018103949022
-0.0002574620369438833 0.0009621065656912946
4.461714708162394e-06 0.0016344816586648604
-0.00044077686467124317 -0.0001232146052124956
-0.0006672504861563894 -0.0008915193005670453
-0.001082956131961809 -6.67916576148817e-05
0.0011717756889927124 0.000248584685383743
-0.0020371196675029453 -0.0026299935761171234
-0.0010116094212172678 0.00020602180324309595
0.0018593125823656484 -0.0011566528551075492
-0.0036225456275143183 -0.0011875559163790543
-0.0012636085035869374 0.0019847784133892317
0.0005534972712114921 -0.0004927866297421864
-0.00040553834677980435 -3.815948792245996e-05
0.0017489116255379141 -0.003024662754427668
0.0003944479889321472 0.0016895396307131105
0.0011052679414222289 -0.0010226433780661335
0.001779883372470399 -0.0010416879632194826
-0.0009949400054657636 0.0010458579169501446
0.0002049481297550961 -0.000983314421560723
-0.0012568582602372103 0.0015892381973120276
-0.0007309173846740189 0.00150293231075173
-0.00021563135691801233 -0.00013868353830978988
-0.0020728187739391156 4.370582248443584e-05
0.0001496911784762911 0.00022396205929694902
-0.002914339917479728 0.0007327248279182739
0.00041552097691075754 0.00035580867982132943
0.001368685369327679 -0.0019628348932665134
-0.000392398800602771 0.0008044621197504709
0.0003150088399087687 0.0002922994842387863
-0.0005300816618281906 -0.0005567430866541451
-0.0023181645293183528 -0.0005315254892906151
-0.0003547323444059092 0.00279884652422655
0.0007376851085508695 -0.0031588262160214898
0.00022109751480685197 -0.0021481942828226004
0.00040690903903004965 0.0006590335913905954
-0.0019131107799943718 -0.000604869067623546
0.00028686955953198203 -0.0001879288665482336
0.0008839840183258494 -0.0005740026872989394
0.0020758553222318655 -0.0011645489299459716
0.0011978847646602446 0.0010561264735482673
-0.0010538986029801675 -0.0008274619983341879
0.0007395875135958377 -0.0013284641470299747
0.0004674552203553816 -0.0012958203553381886
-0.0012102159017423582 0.0003971637977524389
0.0013150247966283643 -0.0014011487311585298
-0.00030638281792117264 0.0010063880798152828
-0.0007091062274709499 -0.0030686863027322244
0.0022322955145716353 -0.0014323684387254306
2.6664050197506373e-06 0.0015541364107627524
-0.002365494689977023 -0.0010638999946713436
-3.660433578692201e-05 -0.00015392282471362093
-0.0009105024316135366 -0.0016032763724622044
-0.0008012545125979056 1.911059783273673e-05
-0.002432296622721531 -0.0013389502963939604
0.0020464037587033415 -0.0024866421265155878
-9.726912718651591e-05 -0.0005127825444868482
-0.0007813779175492397 0.0004337557896519594
-0.00026024234234366713 -0.0027618690152238917
0.00232206742448217 0.0012430220702138069
0.0011405690095763798 -0.0012697596118851717
0.00018458007628368678 0.0010757581812071884
0.0001066607261468869 -0.0004820086083058803
-0.0034585046462891453 0.0023107057696621284
0.0018049934753357254 -0.0004638282383697877
6.295107000431935e-05 -0.0011641925560456191
0.0011162677931479028 0.0012832749250927802
-0.0008517949816843435 0.0017393254007732574
0.0007165108027387132 -0.0006872619091829997
-0.0027511673490169582 -0.0005668922025518394
-0.0006470238474171745 -0.001280936111833209
-0.000327324429498941 0.0003036224868406605
-7.908051248597389e-05 0.00042171526998024196
-0.0008211185925512919 0.0027362404852490636
0.0010222890297113415 -0.0008833709815083292
0.0018537436024179703 0.0005349348349877362
-0.0031459889049323454 0.0010525970475298546
-0.0039385757143386374 0.0006907746384848982
-0.0019686273445298796 0.0015268393286830134
-0.003390656210872713 0.0008658956696781735
4.1790251551377105e-05 -0.001431072094673595
-0.0006470498934203527 -0.0025305477210341566
0.0007443034897847798 -0.00036796575940506383
-0.0012244356683086413 0.000608515228093193
0.0027157033974563607 -0.0001937283539181048
0.0019897509128057995 -0.0007430446490388327
-0.001638346463520221 0.0027512868262997104
-0.001120492580521744 0.00025600696966439677
-0.0015339844376404004 0.0005134659202280782
-0.0004460140180448584 0.0022307358342541065
-0.0007007284943036515 -0.0016182326068123662
0.0009503261427484659 -0.00025225129807290923
-0.0012517326890252073 0.0010891543079079473
0.0012926133324201545 -0.0007580117698635769
-0.002230826585963123 -0.002550232322753782
0.002383864058981259 -0.000100853102683132
-0.0010825633939087055 0.000712478664360036
0.001084416326744271 9.186122586662279e-05
-0.002197443091997158 -0.0002644474053211463
0.00014506892352964584 0.002920801967823703
-0.001685729791703812 -0.0010492410592278796
-0.0004074990118944817 0.00211225130327513
0.002245014531542939 0.0011263666728620252
-0.0005172093913523992 -8.541002887978318e-05
0.002728338324911111 -0.0005082751782385143
-0.0006532042919385237 -0.0015795118807235714
0.0008668722550706278 -0.0003281548039041837
-0.0004025397857526604 -0.0001510728313744156
0.00017956798521183995 -0.004456096115395754
0.0010474025879376252 -0.000803467909288318
-0.0006856013450712131 -0.0016461314019169534
0.00011727545911462421 0.0031368292067759087
0.0038073926230534415 0.00015493975521390513
0.001991515946978832 -0.0005670746464584233
-0.00034597411928276106 0.0002158539281664265
0.0016738760685399106 0.00041051185247679143
0.0029228587249289202 -0.00010437977788362805
-0.001562996473882488 -0.0015917293016665239
-0.004363156650052391 0.0004594564994414984
0.0008937092167849012 -1.1522681760451972e-05
-0.0026674215573737454 0.00041056017997300235
0.000794133020923726 -0.001966830831580465
0.0002049642051613676 -0.0020426878113391587
-0.0009631234879895272 -0.00063692084292385
0.0012063490400253782 0.0018738339929864208
-6.100901409526665e-05 0.00030213433937611414
0.0017057734371399788 -0.002220700509923941
-0.0004829005051059175 0.0011857380832149117
-7.365787208854514e-05 -0.0009981484280102157
0.0011914175528274621 -0.0003509200594658393
-0.001363716964658117 -5.8135817626101574e-05
-2.2240936429393538e-05 0.00020741459752350632
1.0019788149571459e-05 0.00019631544610819798
-0.00022117016439080218 0.0014013701399866138
-0.0019208238508999402 -0.00033181759854740726
-0.001468911667850902 -0.0010522461568113937
0.00393558277276297 0.0002995515064989482
-0.001417550436101323 -0.0013895474912914096
-0.00027416012728841344 -0.0033560979263284672
0.0013052928158725188 -0.0009844615321233318
-0.00018361327225942362 -0.0016549533303509213
-0.0015938711232553289 5.0533552343245806e-05
-0.0013874956443141763 -0.0011859941807664234
-0.0007285854862833254 -0.0003997997977825271
