0.00018372439673353808 0.00016432153103073497
0.0002414325196249439 0.00025504503406082157
0.003437790292567555 0.001760822364802562
-0.0004644758039412683 -0.0004886801339380606
-0.0025620380122968376 0.0035810252472314257
-0.00022599185152139881 0.0014830124469903507
-0.0017993641936471572 1.6924434205948194e-05
0.0005860085882905231 -0.00048448823353309167
0.0031030697142869906 0.0005133305573477132
-0.0032534271068655907 0.00015915349246789775
-0.002307740733041786 -1.6352885300338774e-05
-0.0010412787130635133 0.0006768868354427785
-0.0009515324293007077 -0.0002927866764132852
-5.48432456134065e-05 -0.00021203714479487728
-0.0023215768676041917 -0.0018013107835918969
-0.0012881607212039748 0.0031617253784212364
0.0012966238825139322 -0.00023618771027647718
0.0012651335997678752 -0.0006078314706603599
0.0003171039724149516 0.0021634568081277837
0.002368693872518186 0.0006515918010613935
-0.0004146364529679572 0.002020329145326486
0.0018310561885743625 -3.502761071692886e-05
0.0019223501625754622 0.00037199037932071605
2.047691348507296e-05 0.0003870961657959783
-0.0010084347361559722 -0.0008728732109180514
0.0010194335896791856 2.6063199785891062e-05
0.00045275025381311086 -0.0005376559637197486
-0.0018893893785316262 -0.0015655597275095923
0.0005294645888100582 -0.0030326872952693724
0.0016025142146300184 -0.0015910104847755822
-0.002297741158548327 0.0018476969628450494
-0.00032129986936611923 0.00037119658517922427
0.00047308564459190344 -0.0007369429956369429
0.0021033350130523036 -0.0005662418307016457
-0.0016149738713989513 0.0019508492254741744
-0.0005325239078064018 3.37256035378635e-08
0.004514691495320077 -0.001798707807226957
0.003060774579236474 5.073836911089973e-05
0.0027197351288386546 0.002117065039829572
0.001157376705682065 -0.000248014785226435
-0.001605656579459235 0.003310179287964599
-0.00018119920594273278 0.0024118503758287363
0.0024446837074719578 6.581416135179619e-05
-0.0021299402806276894 -0.00028778049968493927
-0.0005950399090322691 -0.0010939598229875098
-0.0009277878065122891 -0.0009758195583873106
0.000979396497693627 0.0007549636889653324
0.0005512499537430243 -0.0010349246568629202
-0.001351766282083823 -0.0007738931523709927
-0.0008095332867952506 -0.0010467524558178164
1.6547440360125625e-05 2.2676935666670792e-05
-0.002156983080875544 -0.0013373907535673033
0.0009617406813882777 -0.0005067647829154181
0.0004918669372310582 -0.002366095379448567
0.00030691673714266013 -0.0004450501913980205
-0.001517090667585929 -0.0009801762387158218
0.00026220181502488774 -0.00040266926639355677
-0.0013110185564998021 0.002141682124094398
0.0012973033365271812 -0.0012212459363455674
-0.004479460498518658 0.0029072913195324697
-0.0011125367672825547 -0.000487980466768911
0.00016104653438935577 -8.210155885721024e-05
-0.0016835079736803378 0.0004951277665914041
0.0009026575268426377 0.0004191915442069025
0.0008357488315042742 -0.0014668394630735406
-9.080353349605769e-05 0.0008468617385243096
-0.0002532064677835894 0.0010682045677778947
0.0022315926979718866 0.00023199376606123918
3.907617285705373e-05 -0.003079680484032715
0.0014356009592581397 0.00043182274988157215
0.0015399372714500427 0.0005708461645574436
0.0003966838976584177 0.00023511303064198354
0.0024235077801495236 -0.00033378796545332866
-0.0005898990369957257 -0.0022550260499215524
0.0019367251196962302 0.0008899705805060644
-0.0005233497619379391 0.0006776367431344713
-0.00027460103518868136 -0.0005814964473372262
-0.00017767910797029517 6.461760027346584e-05
-9.027183131143206e-05 -0.001156343148512425
0.00013937316997521745 0.0022979138869987695
-0.00028744537293114267 0.0009982237435567538
0.0005314184191115658 -0.0014398463107321902
-0.0011791219833738687 -0.0006971028536117652
0.0023923774916313374 0.0012098158384186743
0.0010932259313230616 -0.0021380783001092793
0.0018951931023506337 0.0007207540897226709
0.0015449974175132646 0.0024500454195045688
-0.0003031507289658277 0.002166622880020528
0.00035918386312367443 -0.0005054203414190162
-0.00030400080500752566 0.0011790497463865855
0.002039745495683668 0.002527339382298041
-0.0009042111124059527 0.0017118684028295578
-0.0019330145302418414 0.0004519088075777086
0.00199547692105646 -0.0008432656503633775
0.002290467536006188 -0.0006842353911898721
-0.0004821437537867399 -0.003820112945520139
-0.0021897044662139388 0.0002830596736340267
0.00047650948688188807 0.0030547000551062412
0.0015827589495293894 0.0012361677167404763
0.001989485365998612 -0.0009683902994862453
-0.002206714550345817 -0.00047106497319932456
0.0027212016573381036 0.0023948114831582545
0.002373530034850611 0.0026729299788230652
0.0011556489948282961 0.001073731177443899
0.0010256104083687845 0.0008666110750066888
-0.0018141730405277984 7.426899052895435e-05
-0.0019087779952850215 9.095824707636275e-05
9.767849861572626e-05 -0.0003014504412908379
-0.0006486374529180309 0.0003750976087578514
0.0011763067043923854 -0.001775013862541046
0.0004618530461080076 0.001630820126185775
0.0015324291100804923 -0.002250414956106585
-0.0008573254583148012 -0.0013607292150025908
0.0010452210943924876 0.0014703313224241098
-0.0005435641646560921 0.0004830029081398309
0.00047031364333697346 7.884267351046101e-05
-0.0013069943408021323 -0.00038641123440717
0.0021690503387764206 0.0006942631906232835
0.0015928200263838168 0.0006295721580540453
-0.0007149550047968696 -0.0006621490542353759
0.0007395271737302287 -0.0008353847563773226
-0.0005004324829217386 0.0014435205012105384
0.00016384720312037144 -0.0002794224749918251
-0.00026134122367399806 -0.00025236890401858546
-0.0007552907836522165 0.000582974264594845
0.0003019664346785633 0.0005460657738024418
-0.000738691107427614 -0.0003024286865761116
-0.0005529351682977774 0.0001424169687021786
-0.0005443111241850378 -0.0013850539351920204
-0.00038874311271579773 0.00044848355297713534
-0.0019040950603141746 0.0007977711829141668
0.0007427660937898319 -0.0009231304772715083
-0.0015350542623505186 0.0009129148519796855
-0.0002538960831084779 -0.00021695280675802068
-0.0003995931496342324 0.0021560524782613874
-0.0005518424442180578 0.0018657529762971215
-8.631958646048248e-05 -0.0009356184602405483
-0.0023691660141953734 -0.0009110448069534554
-0.00026732020999756977 0.0012085491021911453
0.0014960715348444921 0.0007473000226424618
-0.000343003203100642 -0.00018868769374628618
0.0010385272715586408 0.00044042266338098214
0.0005802330389291934 6.586316370175128e-05
-0.0002909185296019849 -0.0009332747264839403
0.0010112668559473452 0.0009617699959177248
-7.62836248117262e-06 0.0004227083945844716
-0.0010645621960594096 -0.0010536300010625748
-0.0006429224781007147 -0.0003030515333693994
0.0001876086809808533 0.0009627701589733464
0.0004366972378216712 -0.0015043194459220008
-0.0014804622879710213 -0.0009787288512419317
-7.668348871306625e-06 0.0029352706743577713
0.003718440252817328 0.0015745456781167916
0.002942541826093824 0.0010487303304738216
0.0011855089691099087 -0.0017046378955403452
-0.0016599764917150526 0.0007011330289966621
-0.0005159508111790614 -0.0009643788979577011
-0.0013434482172592936 0.0008543386251371962
-0.0007998795886560558 0.0008258995622589146
0.0013516567261751876 0.0010723656546814666
0.0003072573262265274 -0.002023546802117707
-0.0010298860990807302 -0.0006527348040696669
-0.000426726181445897 0.0017522479971252556
0.0011477181026165518 0.0017891883891785147
-0.0009590484180688687 -0.00044929005620464616
0.0012664974475742876 0.0007709859189520562
-0.0007287254772574494 0.0010269441323936836
0.00013472008500663908 0.002556141949364393
0.0012305993901043017 0.0013866206178840032
-0.0004921517035960069 -0.00010117041139125413
-5.690773871343468e-07 -0.0004904621067548657
0.0002723486535840248 0.002753499601158991
-0.0010406315166382742 0.00038305765264544356
-0.0014143253839049802 -0.0008962199274534078
9.554849132927173e-05 -0.0001564180118657291
0.00013218322475563404 -0.00036362053084341864
0.000395076136699914 -0.000780999921110794
-0.0011239712843936587 -0.0003626480217708564
-0.0005110321209878623 -0.0005215732533644022
0.0004693891452148593 0.0002241387332880141
0.00024971109169976205 -0.0014837365970188027
0.0015825785554892473 -0.003073183466671962
-0.0010985273021228484 -0.0012971620056860392
0.002242041219498984 -0.0015515695010755938
-0.002531649963679993 -0.0006288702787226779
-4.032494803268806e-05 -0.0006708155110312169
-0.001412158955098208 0.0011623438703900013
-0.0007294635672135636 0.0006436637033491692
0.00036316790356275463 -3.106161666020887e-05
0.0009031920261704086 -6.874302028335429e-05
-0.0008218894719087839 0.00012457693876049858
8.3367897069439e-05 -0.0007705623957402656
0.0007323572675626773 0.0004135101092611247
-0.002046013093893979 0.00010897462589719816
0.0016035896581702794 9.513301783790755e-05
-0.0003476690852779471 0.001413567765554258
0.0006221029126178043 -0.0007244608371731168
-0.0008817947844282114 -0.001495561143308292
-0.0018348575834236474 -0.0018414347479831811
0.0008329293041414195 -0.001830168909602391
-0.0003397332124949787 -0.0018113456396715165
-0.0004028055527162271 0.004832588289257652
-0.00024267696365968478 0.0010248293628090373
-0.001993450018003913 -0.001233193067212972
0.001904822902231137 0.000681595807705566
0.002664268444635844 -0.0016717193506565907
2.5206610051159916e-06 -0.00011300175896274752
8.330782689223042e-05 0.0021090065511283566
-0.0005847449410084172 0.002682388961387668
-0.0014207137532715201 0.00022254219963845957
0.0003822017136107888 -0.001377421060160142
0.0011255484239341379 0.001977614727107363
0.00034449936242767274 0.000616073365104656
-0.0002198268862170108 0.0008654881201039802
-0.0007847103494187585 -0.0010982347497773028
-0.0018739629785717044 -1.8209455822793757e-05
0.0011150921765458316 -0.0010308253628272923
0.0009646262148254334 0.0018361523430462491
0.000929801733604325 0.0008504064650790429
-0.0002058736657754596 -0.0014596799425072846
-0.0006169599904961068 0.00010727367906213529
-0.0006159332386373443 0.0004904375603232723
0.0004684122374471348 -0.0011164423816886508
-0.0008878869538313289 0.0011566366862142744
2.675107518903382e-05 0.0001279137239846095
0.0008311644685825131 0.0023802347389620237
0.0018869094923407727 -0.0015773922098345394
0.002642318778000136 -0.0004095472352683586
-0.002050478373358732 -0.001694113719927046
-0.0025030873884346852 -0.00018375189399138953
0.0007362167287335324 -0.00045152082430476015
3.701166455357652e-05 0.001994778215136631
0.0002248465733282532 0.003240880093026774
-0.0013137708080988625 -0.002526188841638885
0.0008602372495809236 0.0006035702407206333
0.00034502958436975225 -0.0010115504792656447
-0.0011011221188719903 -0.0005844467429739275
-0.00018439898686435063 -0.0006724718529764783
0.000565572493625913 -0.0013754799599388602
-0.0017351447452412473 -0.000295557914944585
-0.001309651279109289 -0.0011534155913719595
0.0003701135993202011 0.0009768628008211577
-0.0005344041496954308 3.795952749109928e-05
0.00018222534741411204 0.0012012624272833812
-0.00011472829045244694 2.633015123039449e-06
0.0012055413061955904 -0.0013128594941719497
0.0010988891817907804 0.0013820110897647213
0.0009416950801087905 4.5758899938500705e-05
-0.0011214243229412453 0.0009253965439653919
-0.0007752123231390035 0.0010479913471541549
0.001391363128313484 0.0012822644098676361
0.002717632408155001 0.0011956460583211583
0.00025954840368373245 -0.0005113974768359117
0.0010077556146924486 -0.0006558397041971907
-0.0009124235749365662 -0.0022342954036581575
-0.0006629319671941243 0.0013264111410356554
-0.0001279630633376729 -0.00030351342254744364
-0.0004814024537031066 -0.00022627024299377155
0.001711392159910669 0.0005342021280293416
0.0007899595283886206 0.0006314921168033313
0.00026714575955189717 0.0020067554531543385
-3.528987150938858e-05 -0.0009033784706071916
-0.0004861924087160196 0.0017789566361792867
0.0009846025263761575 0.0029438715697383366
0.0017017851631104238 0.0011797111495716855
0.00017526758085424591 -0.0017330821602655215
-0.0015022054519408235 0.00031232951474615664
0.0004414301820635202 0.000613649036509369
0.0005522381400807599 -0.0027067179394736677
0.0012386346946103941 0.0007596256769657461
-0.001754428986276201 -0.0002559842749003393
-0.0024903555531949687 -0.0004296387028932379
-0.0012628779858526286 -0.0020963236421229045
-0.0018503280520542867 0.0002716690356976591
0.0018053786426906876 0.0008247130137537905
-0.0006021152220292438 -0.0017564078130691367
0.0018095118631026791 5.725786522243731e-07
0.0010842405376493766 -0.002329977879122387
-0.0007837725230382661 -0.00043156445147260984
-0.0003635761508723693 0.0015891325634859647
0.0002493405848043708 -0.0012886947914301627
0.0011125977265908527 -0.0013045270756477103
0.0010086050058472436 -0.004170945242970981
-0.00024536121996173387 -0.0003323574900265655
0.0006254662066215676 -0.0005926345609141652
0.0007160858662781937 0.0010993236076262296
0.0005818167271097179 -0.001730687454801201
-0.0005596296864859517 -0.003326376726561214
-0.0011681108423202378 -0.0020258175494397407
0.0006651644660034138 0.0008499236135827663
-0.00027529376208550665 -8.45736353237935e-05
-0.0010742586111227867 -0.0015436504765277935
-0.0008382083629784003 0.0004905999338845805
0.0013335397264470923 -0.00012339175038004576
-0.0005266895419307732 0.0019347259942967408
0.0014558109512263283 0.0015361859775546737
0.002109186395421869 0.00013243399906795242
-0.0008221350847779352 -0.0007080505361011505
0.001251003364244712 -0.0002572114819835671
0.0020129788897426015 0.001199346595917567
0.0020170336615479454 -0.00043806899292886506
-0.00015895208799302575 0.0004955844948888864
0.0005743168746282863 -1.7111691711598653e-05
