0.00012878493958179226 0.00022656915003698626
0.00019676584586673929 0.0002571159761159869
0.003112060934035851 0.0067665224224824315
0.0029053451945087196 -5.912399306801321e-05
0.0021013146793845117 0.0016840773723782562
-0.0013570400966331443 -0.0033514503182674837
0.000610685232714837 -0.00022160445872853644
-0.0016869377296483581 0.0012691756433813649
-0.001087675307183312 0.003572872889805769
0.0017182127081850304 -0.0015016925998339577
-0.0028024193596028527 -0.00034936505671098695
-0.0032746141105405866 0.0024636846743275004
-0.0007236738541554909 -0.00248171491368266
4.714742576874587e-05 -0.003061705670235713
-0.0022631897533138302 0.0016846396507675446
-0.0002666131241997572 -0.0017379010914281379
-0.003974479201987752 0.00277484033747068
-0.0013446146488208324 -0.002121976256405407
-0.001965491608443869 0.0010813147493058824
0.00033203350848347524 -0.00029268311076074375
0.0014349600500746622 0.001724466994590457
0.0002452552718032306 -0.0014604353009270079
-0.0021854151573496446 -0.0002572456336317364
0.00026126639515273954 -0.0006430500351638157
0.0003498331438538566 0.0007772334232945009
0.002417086327113426 -2.8072588572576542e-05
0.002352667311841908 -0.0007457703623949812
0.0003095139112419317 -0.0006772634455324254
-0.0006322977028332369 -0.00015421109941303205
0.0003149843171171228 0.0012071779641448256
-0.0010702493377886316 0.0015367450404898879
-0.001152726074560871 2.8792582316439027e-05
0.0015647015403026277 0.0013640746327585503
0.0003454010837747394 0.00198196266698523
-0.0008914822957830724 0.0009896030979588577
0.000989951601273439 0.0003603007580441504
0.002978479736118077 0.0037742850509293077
-0.000954934504819759 -0.0031762960264618517
0.001256974833079733 0.0033010007580753426
-0.0012528231084926475 -0.0014880211745890996
-0.0013764305358695567 -0.0006942365010281636
-0.0006964205777666339 0.001437501251916294
-0.0006303579027514432 0.0025839000895080642
-0.00012263037416310407 -0.00238983561062129
-0.0007801580953654762 -0.0021285790903584826
1.6151954000040493e-05 0.0011645770835059619
0.0017403594057558596 -2.5940053157592666e-05
-0.0017788287323780047 0.0014157778336732684
0.00031702223246931135 0.0011732683550956286
-0.00015355843705426342 -0.0032681055654185218
0.00011611010489174831 -0.00018576516216086355
-0.001658389030028371 -0.0007933187466944584
-0.0004364018411494743 0.0004439595320974485
0.0011148092950258566 0.0008104941199467463
0.0026591428196855865 -0.0014314181293146628
0.0005880769612041015 0.0017382567852684695
0.0005461747629861067 0.0015821899302169045
-0.0007947846064415262 0.00017093314354675758
-0.00012539692776668135 -0.000764412005462734
0.001454302000220685 -0.0019045128834652822
0.0027293941911764137 -0.0010122061305049706
-0.0008585761064459557 0.0017672316647847188
-0.0011417044044854025 -0.0006558083996910251
-0.0008205831313729859 -0.0010968582474920946
0.0004981948511928433 -0.0003710272144440948
-0.0027571411944994064 -2.0834224242112052e-05
0.001287203839958589 -0.0004714872507655058
0.00036218936187344707 -1.8549054945211793e-05
-0.0007033133997331343 -0.0012296803544564004
-0.002936978718156556 -0.0010309444995281445
0.0020486032776262267 0.00023187802459435417
-0.0016019203027114023 0.001093763632512444
-0.00015886700284152328 -0.002023049784672301
0.0005145589051651135 0.002345857769750534
-0.002163923251670235 -0.0003550910814523827
-0.002177832850596186 -0.0032201533410363215
0.00265974597872593 -2.5057468024206066e-06
0.001492545364491527 0.0011592934969711943
-0.002020904023094642 0.001997591438568274
-0.002965301147194429 0.003955949249561058
-0.0010445239051661162 0.0004593240239754572
0.0022772650223468194 0.0001559574947273507
0.001433323223007374 0.0019325683538398276
-0.00095250655970645 0.001291709962141458
0.002654234414521812 0.0005741038547522197
-0.0002687726921287583 0.001123119621430208
0.002055743950316443 0.0028538848178452964
0.0012960018363555286 0.0009022957578745885
-0.0009963595852880646 0.00011430600021451548
-0.0008750562868016049 0.001485495027802761
-0.0023191274956634238 0.0017516702155277806
0.0007120379646530427 -0.001619139984556345
0.0014815123806514606 -2.2402197595407508e-05
-0.0020142930453351353 0.0013271231655214452
0.0010615231565427863 0.0007599717680994548
0.003236253169631504 -0.00047801369512447063
-0.001005892531324124 -0.0004998708823407833
0.0025442760186786804 -0.0015725155845472474
0.0031450141853067424 0.0013886296010992242
-6.290086471086657e-05 -0.0019023483366861452
0.002266846473729592 0.00035186287877465676
0.0005714335898582071 0.001030201829936674
6.051244021314492e-06 -0.0005171430881415873
-0.0005030778506352039 -0.0009128500756770927
0.00086032309886497 -0.001553076979927819
0.0008136667299401236 0.002425217139011969
-0.002781844169559897 0.0007330032645433182
0.0014922171591512442 0.0002273777517476684
0.0011084805857228554 3.5528128721701066e-05
0.0015116412134737788 6.397563701185397e-05
0.000523272130457433 0.0002965617598230836
-0.00032732499542494835 -0.0013737624030829493
-0.003109834280249128 -0.0006690552749756618
0.0019160089089123018 0.000331117791315938
0.001068310779640124 0.00216690165574568
-0.0003665929947555625 0.001952912370477784
0.0006910077298943548 -0.0005122955588118183
0.002590713070061483 0.0008316979682772819
0.00046637467018100366 0.0017686129685212135
-0.0018352194145564462 5.983978714366903e-05
-9.305779847043639e-05 0.00012318314109471538
-0.001101749023927406 0.0006907936464131415
0.00045372987988013256 -0.0008019083603601277
0.001195172649039463 -8.297233086119714e-05
0.000156319420178762 0.00037197873917361643
-0.00027578125887044267 0.0017564087739268192
-0.00017135241706469902 0.0020674765877072656
-0.0007195539752603664 0.001077968450168355
-0.0005382579820433978 -0.0005343942868318085
0.0018359458321760276 -0.0005532104831691984
-0.000313219736065535 0.0016191722474099216
0.0005465423729764542 0.0011463296820816312
0.0004851796364511462 0.0007425462558062484
0.0011799407280365243 -1.9154363532741473e-05
0.0012938785085923445 -0.0006712678682347169
0.00022924380208597637 0.0008416070428128101
0.0007812542907788111 -0.002782667996449817
7.177598090461545e-05 0.0005701000550261461
-0.000506694966034759 0.00017863414475896976
0.0010371741403849585 -0.00076944673257223
-0.0013993148754353009 0.0010637428027507145
0.0008108902016726247 0.0003387558965281987
-0.00024647491465669603 0.00023403622075464551
0.001083945747156466 0.0026465751977846307
0.0001255255599728529 0.0006054731026384468
0.00034645831833985205 -0.001097303172981933
0.00017442671722822867 -0.0021858500133442285
-0.0015854820018421439 0.001987298603415734
-0.002920088816425174 8.927999086369681e-05
-0.00044500828810048666 -0.0004693525050047144
-5.9322289962768415e-05 -8.990154231606919e-05
0.002403988054864035 0.00195368145335201
0.0015824887158008114 -0.0006344375791684059
-0.000410003158142862 2.8325129824637986e-05
0.00047779089924111995 -0.00017505909690588808
0.0010186032813363829 -2.623226653817342e-05
-0.0010229615073056428 0.001204584751579192
-0.0019820066630218793 -0.001787581536207263
0.0003747389509756874 0.0011586372489115662
-0.0007045934281982037 -0.0008384583952095301
-0.0002541993403147866 -0.0014164272505129854
-0.0007298968641546782 -0.00019782877431696858
-0.001889824966528045 -0.0007648921635103631
-0.0005737817580419096 -3.336494298271861e-05
-0.0005514685715484833 0.0011436646722208436
-0.0012804352347164432 -0.00031252402925185116
0.0002595674808386935 0.00014854782952653406
0.0007792675537993736 -0.0011924210841393497
-0.00041206058309839434 -0.0008444850353557763
-0.0001772890462764645 -0.001641331017127328
4.414824598955898e-05 0.0020102182092739695
-0.002485201632706687 -0.00023129517389373309
-0.0007685939249566043 6.712314800498659e-05
-0.0012186168247962726 -0.000695523534335543
-8.592168299971228e-07 -0.0006166729842513662
-0.0006896284991314844 6.336648115819794e-05
-0.0016854458881296718 0.001383150281260589
-0.0004886291434838113 0.001071217621206618
-0.0004138773334125597 0.0019246323215016796
-2.5856853392053117e-05 -0.00016468981742562435
-0.00192656733632915 -0.00042272872797796213
4.388671137481072e-05 0.0015293301389550276
-0.002457689092949232 -0.0007538182308460179
-0.0005787398833993446 0.00026870727873291205
5.876340435243758e-06 0.0002724633341553351
0.000423534182347088 0.0015648684781076523
-0.0006461791508370513 -0.0007573501689420154
9.468550335761326e-05 1.434194821922052e-05
-0.0007701012075216541 0.00012918722273147978
-0.0005311245343009232 -2.5821821647419403e-05
-0.0012070539330088798 0.0015256148797047535
0.0005900662944545784 0.0016115175500481672
0.00011411299484287854 -0.0017617694229616811
-0.0014364506227553641 0.0006674827718721695
-0.0003517490421166405 -0.00045866452462511745
0.0009689837264098876 -0.0008564967982440954
0.0006750538412142689 -8.373089662679976e-05
-0.00022359332130388667 -0.0008447603506690994
-0.0017454474694261226 0.0011187024954475524
-0.0005629345076054905 0.0030864357728297414
0.0017412562406854488 0.0012486116073484
0.000383602667064985 -5.567678599533283e-05
0.0013017732616612022 -0.0030341355293529455
-0.00032447200682897225 0.001987935044719545
0.0038318058056267218 0.0009501023463877764
-0.0010616097000446466 0.0010629230269239972
0.00046684266615659096 -0.0006390762673210308
0.0012870261310654505 0.0007727573939379382
-0.00048694659600034997 3.3355814766547997e-06
-0.0010471623519866648 0.0005198704478141133
0.0019457583524599216 0.0006241274585526756
0.0008003975032469437 0.0014955887964127911
0.0006826351759626591 -0.0006539619819900574
0.0013115706442251504 -0.0008295704902560313
0.00015156575713890907 -0.0003319293379566998
0.0019052460035193842 -0.001117904046729075
0.00033158546608990156 -0.00020970691075558303
-0.0011291452178452631 0.002477091196528359
4.674776068148651e-05 0.0013482354697728351
-0.0006343855954483981 -0.00021740990429884897
-0.0013624997674581952 -0.0012231603078023431
0.0008518895723898303 -0.0008187487865443644
0.0017069899177297827 -0.0023037646281696485
-0.0021132018595237073 0.0010958723772389743
0.0003716309255683801 0.001429565205198854
0.00023488329258756122 0.0005390078422745098
-0.0010029603814653626 -0.0021054049755920437
-0.005239906442331586 0.0015619503343279998
0.0002282164512416827 0.00015961867343261684
-0.0011769885434663836 0.000967523876595646
-0.0006421844884192912 -0.0016248377033400065
-0.0005453884542063616 -0.0004909584119033598
0.0016465083318028093 0.0016044843785658848
-0.00046630385991705553 -0.0023558840228449065
-0.0008825363534180483 -0.0018158602514829617
-0.00034740215234653677 -0.0015753243729465308
0.0005617489418140876 -0.0009490460351227291
-0.00050994804571552 -0.003253272410121307
0.0010252691172941686 0.001112333217090949
-0.00033054521433214563 0.004815275274176129
0.0012764723830564905 -0.0031377269195638695
-0.003747923205465293 0.0017769163099519653
-0.0009684053163479554 -0.0018855504936169437
0.0019444696305199538 -0.0007388635971507128
0.0008317314054321152 0.0008030112028788829
0.00016392655327397435 -0.0018535162109948576
-0.0004844108444145554 0.0017508731664593394
-0.0005313440782985753 -0.00187246743887408
-0.00041435041350625546 0.00242068826251533
-0.0010406857478543698 -0.0003311339093415082
-0.002587390702872939 -0.002032325190015404
0.00028756255304206656 0.00018239886987036707
-0.0011582895314302497 -0.0010389156516889513
0.00016963598857118513 -0.0013073394605786358
-0.00045437074380086335 0.0010793690092710919
-0.0028531544030975186 -0.0006909327822010185
0.0013879218332078717 -9.940625399950783e-05
-0.0006315177969878282 0.002598420324896057
0.0011037588432309003 0.0015447878850393198
0.0026298859692772585 -1.385111730522473e-05
-0.0003495809138309445 0.0014226798435961223
-0.0017385866988951179 0.0007486597058590238
-0.0008057233070988601 -0.0006318947855301288
-0.00043813007523007223 -3.27084087235119e-05
-0.00369515528009305 -0.0002121317416703035
0.0010634168074222733 0.0005295963525153958
-0.00010537081276937213 0.0005094725684051071
0.0017155923952852593 -0.0012827148705035222
-0.0005648094596297193 -0.003347317447849767
-0.0020601408158770038 -0.0011245848397947644
-0.0005553291058382882 0.0017204682363764162
-0.0015425688085839865 5.427471343186538e-05
0.0032735066392953686 0.000795242333132629
0.003425868466899805 -0.0001413289075537653
-0.0010967230246704345 0.0019084058951399125
0.00038845259205113627 -0.0014966700484009981
0.0032315919417902376 0.0008246815282969472
0.0007461390742331567 0.0017190432416117906
-0.0008766282556835561 0.001371247422676814
-0.00167536827530379 0.0007721904418850268
-0.00294089493589173 -0.0007130842404230563
-0.0024432430078523983 0.0013836203866569815
0.001118964321755599 -0.001624240010561827
-0.0027241433344563967 -0.0009543194894119295
0.00017576178828069384 3.176523443426893e-05
-0.0020804289421999887 0.00046973804446771145
0.000647796568679626 0.000514400248913074
0.00018981621882111093 -0.0004982662645395089
0.0005061074578405601 -0.0011683266459225215
-0.0003984513516259836 -0.0041011316571543015
-0.0012570800781128608 5.8138964654031864e-05
0.0016108663442368908 -0.0022108364081300535
-0.0017269378226587387 0.0016996521310923905
0.0011327274318760688 -0.002235049464941851
0.0009499989998412769 -0.00013575257113866747
-0.000460103550450348 0.0006600170263575352
-0.0010338977827395064 -0.00042225938816297005
-0.0028859594987654105 0.0024395707408310617
-0.00045719286742230655 -0.0015356390940034239
-0.00019475454335457593 -0.0006853841155128553
-0.000989207838814917 0.0013781700875986715
-0.00024021193613912295 0.0005269366291730446
-0.0012661758747398294 -0.0022675585953511016
