0.00016059898111328108 0.00022642862558901118
4.285756244603636e-05 0.00016844627490749463
0.003155966096762268 0.00455028047982807
-0.0011120417004741958 0.0012603194015280345
9.380260465071019e-05 -0.0005992914885708634
-0.0007384521179729755 0.0012032979371415897
0.0012378799032951055 -0.0008995262768107408
0.0025932526700384218 0.0013895904536438165
0.0028445821808334706 0.0013511224662608044
-0.0020744850356709285 0.00011114158433210241
0.001528596451333833 -0.00035199374080268606
0.0001094132671274211 -0.0032065168178189124
0.0010218672982259414 -0.0008223976525819261
0.001349416936070931 0.0011285497475310192
-0.0006496656255673351 -0.000884493284828365
-5.3231679563132965e-05 0.0005211504452143605
0.0018362621343355628 7.416920643590392e-05
-4.8561749135093414e-05 0.001983486238997635
-0.0007711095073869334 0.0015622548242189384
-0.0007681093995658033 0.0008088791537299171
-0.0014294182720147846 -0.0026394427716324655
0.0012105081819659548 0.0010484232560249362
0.0006278988182831106 0.0006885235074700708
-0.00021778445497702275 -0.0006566386426976426
0.0014815548912455873 -0.001616659740821222
-0.0011406610702887063 -0.0039587317738758385
-0.001665065142946306 0.0023303904704162952
-0.000305631784148795 0.0006972040955520375
-0.0010904239552155116 0.0001233406241525596
0.0013910837026402134 -0.0015864821094009605
5.371257452147629e-05 0.0008719177523455621
0.00018922010860149716 0.0020377987213303153
0.0020657704284922835 0.0018066844299162487
0.0013247502053486558 -0.0006746819485084747
5.489454665397655e-06 -0.0005370303511554266
-0.00014847282758179703 0.001281297126684515
0.0014775186200360045 -0.0006827663391798696
-0.002099419293287619 -0.002057142516674436
-0.0018110453189207835 -0.0014146974677600095
-0.0003975307521031405 0.003224534068787579
-0.0003756029458561524 0.0024677025825070482
0.002676207163288196 0.0011667240406103303
-0.0020147588369151246 -0.0005905037575701216
-0.0003979167419715555 0.0014040597856007937
0.0011975663412921566 -0.0002727670497360625
0.00017598765569842544 0.0010266734910315903
-0.001587573472744209 0.0010159534592206376
-0.002259056498176874 0.00021240188298162835
-0.0008058263793694206 0.0006303242246536762
0.00013904691409309585 -0.0008592265712247593
-0.000530785714350834 -0.0007513682654623883
0.00245771018229035 0.00015190597913769578
0.0003722711988533439 -0.0017879992709660276
-0.0012295513905565905 0.0006849124270609215
0.002927794519194356 -0.0007800330286452331
1.369472103436138e-05 0.0004926288305181419
0.000742514372497828 4.909194727103054e-05
-0.0013477662209384184 -0.001639388877851165
-0.0006173317996150651 0.000550954787347691
0.0019091908377273715 -0.0019079012770743216
-4.4299327913655624e-05 0.00010042132135222821
-0.0036544749029197047 0.0035110861193871695
-0.0016960386193286333 0.0035182289608235717
-0.0005793483555037004 0.0012270941925025265
4.9163605320568596e-05 -0.0001661567684102166
0.00010579179674839811 -0.0010784581018392525
-0.0008160331626609874 0.001985946039989046
0.0010197381328461914 -0.0020319664087526334
0.0009194834312207053 -0.0011545387321251375
-0.0004965859410059541 0.0001233816334898587
0.0009222544095026037 -0.001576285181264311
0.0005778393479638139 -0.0024068893467788124
0.002846064975916579 -0.002050353074783196
-3.080383425821513e-05 -0.0008185586203311001
0.0013022513118537413 -0.0022913553145529827
-0.0004908774249488018 0.0032351732058411623
-0.0008585679201924874 -0.0009111068291912012
0.0016236563386670083 0.0007849812188830125
0.0022307304593230204 -0.0016824743658240924
-0.002233428007000458 -0.00185944108681304
-0.002076881929809627 0.002424665825338946
-0.0008479940919639199 -0.0008669153442750373
-0.002787391345692732 -8.330641521244259e-05
0.00015552296135142287 -0.0024122815808291405
-0.0027750713901182255 -0.00019812902433721634
-0.000542466638867876 5.695720044599514e-05
0.000508962557488455 0.00021372585310288058
-0.004257437112035471 -0.0019059226829292693
-0.002168347157833487 -0.0013842040546241884
-0.00040669009319610407 -0.000802835849255079
0.0007958374780694032 -0.0008399218618685791
0.0029321713602415353 0.0029795443649340385
-0.0012228532766525406 -0.0026868361289210485
-0.0018950782937543144 0.002129053377104981
0.0022140149016934884 -0.0003977797022053554
-0.001090698326486003 0.0008753147251230971
-0.0028212078537004797 0.0035240101595522856
0.0026636946682906055 -0.00017801232155814902
-0.0016899654639059424 0.003865832420480006
0.001455196843188364 8.811638207069557e-07
0.0010274406414694296 0.001620526671994313
-0.002740981016462725 -0.0010058723807258353
0.002549426843545049 5.73737003831642e-05
-0.0005285062380005509 -0.000170196114159625
0.0031448677098860254 0.0006478298905051641
-0.0013195079879062357 -0.00042596102538768705
-8.013352315155032e-05 -0.0011962851243535306
0.0021443689694400896 -0.00040832967525626353
-0.0018595585119244764 0.0007415392950633789
-0.0005775486592848817 0.0016884130620115896
0.0013976885425487965 -0.00040210252409136747
0.001318809922419749 -0.001525284753719124
0.0011191666758937407 -0.0005130160621102867
-0.001156929138426904 -0.001582327232474546
-0.00022098114938704202 0.0024107982138058177
-0.0002540812080919361 0.0010793197649692666
-0.00015983544650406543 0.0006599369671870687
0.0007270332957862377 -0.00010794647839897812
-0.0007892667423411324 0.0014913816494729333
-0.0010195378086714623 -0.0013563028185484324
-0.0001351869132348536 0.0004434174804054592
-0.0014905165228629902 0.0005916995284319034
0.001124244687705804 0.0009341736112043648
-0.0013855007511721698 -0.0017963460672110016
-0.0002873429396302307 0.00041271431242174
0.0014339727193768091 -0.002113610406137052
-0.0006993899210237677 -0.001678925348126057
-0.0016638750120445203 0.0016070787729013938
-0.0015087876889251822 0.0004342748510565415
0.0004128390044588966 0.0003134502004274808
0.0016930247844766664 -0.00047953896105999445
-0.0019011294156854085 0.0026497638099996696
-0.00027395925855853244 0.0012811494304568183
0.0011258734246473287 -0.0008768138665224386
0.00037109255108777454 -0.0002859051978317648
0.0014985777283172148 0.0024650458231043814
-0.001330218611969851 -0.002312583154759687
0.0016433392081090562 0.002129667542500824
-0.0015457225575203684 -0.0017410225665125774
0.0008892136092749624 -8.652097216373931e-05
-0.0012532452566475225 -0.001713821238037426
-0.0015445180323703008 5.3090866360240365e-05
-0.0004969143333459121 -0.00013044598529470688
0.0007865182491023836 -0.0006604351368106688
-0.000728612715493314 0.0017402017090753612
-0.0010274467526587806 0.0018085084016672447
-0.0006956785880715481 0.00033784511904142724
0.0007487882125503267 -0.00018468240402925643
-0.00011759936587947858 0.0007788567090278386
6.979270391637694e-05 -0.00020211290544921547
-0.0005787778046422111 0.0005368659275203604
0.002007392841624277 0.001226108523413649
-0.00046930343236737114 4.040113904100667e-05
8.076276795051152e-06 -0.00042121483686295133
0.0004985465775832798 0.0006701714139454215
-0.0011727364137963869 0.002192968650549231
0.0005733568956160038 -7.787132244048938e-05
0.001343852786411734 -0.0018058259696200228
-0.0007590955989987497 0.0005188324906704974
0.0001538435647896257 -0.0012388051078931319
0.0018028254095034198 -0.001205658954058368
0.0015264105186972687 0.00054163347658365
0.001690787507083673 0.00016512329522719456
-0.00020860656967860774 0.0007201459169171819
0.00041029667311234553 -0.0010314051391592668
-0.001137253614524258 5.25500182618438e-05
-0.0008950250445770659 -0.0005926483257922611
0.002166962659594925 0.0015179197850306197
-0.0008051732825040531 -0.0021307065455580987
0.00039550453565279043 -0.001431743527496359
0.0016226611208386829 0.0020635185908674646
0.0019083225480211411 0.0006544200880483342
-0.0010925383524948643 0.0016725566778276412
-0.0020473156029054713 0.00012956803781426237
-0.0009274973205425808 -0.0017277041896734632
-0.001568644030813164 0.00136085555930042
-0.0018906523152980093 -0.0003058373143416664
0.0005127276744281242 0.00038113368364300015
0.002432115762579077 -0.0008315707264479848
0.0005328274891570644 0.0009326496686228977
0.0014195975398207863 0.001816341663652425
-0.00038068766371074863 0.0028989617601081485
0.0009060910084485234 -0.0003068558069156492
-0.0007092989922368948 0.0003264648386383272
-0.0012509275249464075 -0.0017886013188381194
-0.0012005952128730606 -0.0017908752360038995
-0.0008977499808749701 0.00037521477191993527
0.0005479471097526912 0.0003851525315633114
-2.0987363890349633e-05 0.000637006953043029
-0.0008522385486989984 0.0006163336287951239
-0.0009272670033445612 0.002088343432134324
-0.0003690799395704168 -0.00014484773680889125
-0.001450852445282411 -0.0005103965686914331
-0.000593386337128275 0.0007281137884759013
0.0015204367186653534 0.0007798142238301207
0.000883118460176424 5.1371638413130717e-05
-0.0014286920976769953 -0.0007287129585183595
0.0017296075939630525 0.002706330660380834
5.697391390204719e-05 -0.0010112637796235865
-0.0008516648051553795 0.002067147410270796
0.0008442554650444424 -0.0007758807921204449
0.0002800936227049296 0.00015553838441394714
0.0004140588191526124 -0.00015583967468614805
-0.0011762630353858105 -0.0003624138953174149
0.0004133106693885525 0.0031633191483298813
0.0007558540927734541 -0.0008606284987616012
-0.0026925433300109105 -0.0012020940678587886
-0.00017785084604844857 -0.0008491107543594183
0.0024823628949331195 -0.0003791757255902885
0.002048326968529126 -0.0017454899692567868
-0.002499922219257757 0.0016366363464430222
-0.001163359483310904 0.0020716184197307978
0.0022818145190778723 0.00025184133399865544
0.0011132324299476123 0.00032007218739564595
0.0011159205998466646 0.0004457647729874314
-0.0012919385222946093 -0.0009395655484126698
-0.0020189526089541433 0.0004818785332218843
0.002359723196814079 0.0008935961712609826
0.0003330783661851506 -0.0006059075897581069
0.0010757238428818672 -0.0010610169379111944
-0.00047554478185117614 -0.0021288578397546673
0.0014672710123752944 0.0012348040833773336
-0.0018142600098313842 0.0021289383695529563
-0.002625229265781395 0.00031507327757349806
-0.00036621893498810595 0.0038576830930944794
0.0012989126865790982 -3.563670409765229e-05
0.003244407025577401 0.000934447292699137
-0.0014483610287550595 -0.0006607678742817941
0.0005241945629952081 -0.0008802134909109726
-0.001030824913985651 0.001377000442067896
0.00037472491522455554 0.0019484005542352942
0.00019330922950335977 0.00045238628547447093
0.0030239787698517723 0.0018399775840324693
-0.0005931752576830987 -0.0014927094174335854
0.0014841993772824287 -0.0011331385054360002
0.0022822057193659655 -0.001753018240031651
-0.00032234074686193325 -0.0016019051557220262
0.0010905021770362972 -0.00010355296808475381
0.0009055784551282452 0.0019263875981380143
0.00030031907322639533 -0.0010589749148187425
-0.0008706791679013216 -0.0012346136672345197
0.0014060975261795169 -0.0015179555621973428
-0.0005870804735354642 -0.0007871310923635489
0.0004897734070667256 -0.0007266555393878958
-0.001597425548979831 -0.001988447491298061
0.0004480508587521506 -0.0015470209518418962
-0.0017088198993180552 -0.0015200544039117986
-0.001274041868798741 0.0013186052719520005
0.001365639097895783 -8.563120739702679e-05
-0.0008455990879826577 -0.0004990737196031879
0.0002715773007102286 -0.001868730900146248
-0.00043617128504798376 0.00017121065988655594
-0.0017258026246003738 0.0009581428995586118
-0.0007706327344133399 0.000531586234391308
0.0003083286975720865 0.0006049468508427546
-0.0005605275142616425 -0.0011601351315900124
0.0001202730662195597 0.0003876058436150427
-0.002728897782732692 -0.0005930304439531036
0.0010472314730869698 -0.0028935017715795235
0.0014432215961732637 -0.00296348574491763
-0.001875024595616346 0.0006173392825667585
-2.397279714246742e-05 0.0017222939011541838
-0.0008909585086083424 0.00013010122424829353
-0.0005093116474719102 -0.001700315734582799
-0.00405773029423979 0.0006621940331479047
0.0005109094593042484 -0.0016674246902622187
-0.000611410290142561 0.002012631314129084
-0.001254511864567783 0.00039536261776839174
0.0016174561268207774 -0.001444531251395746
-6.331450232527611e-05 0.0006659599939363276
0.0009783303685016564 -0.00023743609490756696
-0.002701055329177453 0.0029201872342355583
0.0010316830029594318 -0.0005057851071213442
0.0005959346284906363 0.00021084360223943397
0.0013185402370331722 -0.002343413991285944
0.0025362696191861865 0.0003168594529501003
0.0020803406398364633 0.0013848246870426764
0.002095601780460104 -0.0020834032408204445
0.0011755132691756624 0.0009813586773848779
-0.0004711533683575316 -0.0009034541509616834
-0.002354219094108099 -4.552594563607209e-05
-0.0007179946809718963 -0.0009548840796640047
0.0013567400316499966 -0.0011019129498259885
0.0003658644613531337 -0.00036965756928100457
0.0025500906563078636 0.002668545575622752
-3.231243194750113e-05 -0.0009509321357613048
0.0012317556426987982 -0.0016012628287308166
0.0003141655590335923 -0.0018025361365513438
-5.055604109272695e-05 0.0017865773117479598
-0.0006078316907311802 -0.0031832592397751597
0.00010051887566996245 2.661717967122645e-05
0.0005607674978121489 -0.0005463655479090428
0.0003097222953607533 0.0009792665435810418
-0.0012963827602354638 2.790608696158372e-05
-0.0005493559962946499 0.0006306986054615876
-5.9580891356583306e-05 -2.3454111899303845e-05
-0.0011606204760597932 7.743753459507247e-05
0.0005926773455580449 0.000810864910960474
0.0008246117614368217 0.0021975810057949787
0.0005642832492761667 -0.0003402699234182668
0.0004803839756895475 0.00045040925035821797
0.001558863161742017 -0.0017641296014449049
0.0008663118175232615 0.0012424723106226733
