0.00017783434388820207 0.0003105927203835689
0.0003177272713811617 0.00011947761576339535
0.002616486516679799 0.005126115531284775
0.00042490831849930136 0.000276021545540238
0.0008766038694860802 -0.001062478372683506
-0.00265059340448723 -0.0005194759121183673
-0.000302514190146185 -0.00029061195574741494
0.0005639195916943295 -0.0011269621245080133
0.0012464942993355918 -0.0022418843941538515
-0.0006137215131384324 0.0030344122068514264
0.0001271462538132078 -0.0004942770145792226
0.0022869270001349834 0.0032735362330882857
-0.0003917800720475356 -0.0011117889952090452
-0.0011650835106142552 0.0008314892612250704
0.0005348632475887267 0.0015237488933787075
0.0013681447847739918 -0.0033039336534786586
-0.0019352475738913769 0.00016578138789658718
0.0011950369853602856 -2.45539331614431e-07
-0.0048851509722317565 -0.001971254003514653
-0.002098301916691019 6.034333030088503e-05
-0.0009042838759116969 -0.002218297628550303
-0.0001450361490640266 -0.0004523542855522659
0.00013511607228441257 0.001478854726490793
0.0016257379717102031 -0.00211187903990852
0.0009735110487049868 0.0008969416792371294
-0.0015104007944348092 0.0022858576458003035
0.0006030452514042256 0.0005590889135092261
0.0015406850830388657 -0.0011115063048482562
-0.00037468571624356937 0.002390148691293366
3.8108176031324794e-06 -0.0010319331349484095
0.0002568119922084404 0.0001268375729405149
-9.544316597162575e-06 -0.0002871152638862359
5.274316389506456e-05 0.0009492413347005603
-0.0011045124970014322 -0.0014020162693097562
0.0011072825780972715 -0.0002055694775215808
0.0017013317037567232 -0.0004446293762858731
-0.0029208502041821005 0.00025321309548771096
-0.00016080558471462302 0.0013466257845203547
-0.0004857657386360058 -0.0005345305908965947
-0.0005150196443285973 -0.004532031580934272
0.002097599132173001 0.0008904837593955772
-6.501711742763437e-05 -0.000993529479345224
-0.0017750967056438 8.395720461853647e-05
-0.00189576186858873 -0.0006360326881340191
0.0015156474708423286 -0.0003090491876144222
0.00013069521062151956 -0.001599973630325376
-2.408698334536942e-05 0.0013020053737303314
-0.00036246578191617197 0.0005435564131602434
-0.0013977959786481765 -0.00028771926341981957
0.0010901319483504702 -0.0013427475486702549
-0.001652961459071588 0.0005172439868287792
-0.001072940998594959 0.0020396000833861573
0.00031057906553833025 -0.0004568384285065061
-0.0011454445157047964 0.0005767836478741017
0.0021459814772866637 -0.0017820617989756245
-0.0005409682903873928 0.0021720970985870214
0.0020607095231606875 0.0013072158444333314
0.0012014674881421317 0.0015410686752127133
0.0012147668829560157 0.000910839848649719
-0.0035577351133498033 0.001530187850338617
-0.0008270346287291577 0.0011387586509066948
-0.001386687330298528 0.003518559360310966
0.002112314279699418 0.00032239176429468174
-0.002067481798719555 -8.525577702648363e-05
0.0008881297578604918 -0.0029408211144156073
-0.0010805820689986428 0.000898230187141976
-0.0005553850586289087 0.0026900680234898788
-0.0002624513936340076 -0.001958535910858392
0.0011633098319085737 -5.9362711821951966e-05
-0.0013626372365120615 -0.0007150715152882105
-0.0015960017182839823 -0.0009806575677844343
0.0011292127967220645 -0.003124468867322453
0.0034727950547708336 0.0006786746922591348
-0.00035095334425926 0.002064651671987401
0.00171761841501531 -0.001465128983082564
0.0014054699482084307 0.0032889965401048183
-0.0011009788602010322 0.00041160312795973663
-0.0023186456902995352 0.0007734354019996196
-0.0010461535983118254 -0.0013287946141817414
-0.0016931983159267918 -0.0001784377688077336
-1.8873798553665085e-05 0.00016552463478544086
0.0005616213906235467 -0.0014077173948082772
0.0021800311368751057 -0.0032016713238995063
0.0003027653510881744 0.0007923167687937121
0.0015324065041328772 0.0006764330913398574
-0.0004600789764078682 -0.0003196275568657408
0.00034826706493755645 0.0003301688534918019
-0.0011375283023006832 0.0013071952888749417
0.0007138583452484091 0.001373713214801156
-0.0002572066681524296 0.0004704723199380524
-0.0007987637951150573 -0.00104016304674977
0.0016728474854447047 0.000791641659521579
-0.0020162332649360597 0.0015630268249403627
-0.001794517476407415 0.00107277489334326
0.0006028472448609742 0.001282016157122108
0.0024877755158951203 -0.003948903536033935
0.0008045104522306187 0.0013514081654435483
-5.050065837534316e-05 -0.001108012983460151
0.000232499673057674 -0.0015863252457371032
0.0007864171098507209 -0.00175937012445179
-6.369209703638937e-06 -3.195116159146833e-05
0.00010574635779287252 -0.00172040919623742
0.0016576522953324888 0.0013093797282375706
0.0007695815284042474 0.00015715910896056632
0.00047800422737909204 0.0017320357027334223
0.0020611037125448568 0.0010179506102695553
-0.0001831139881758636 -0.0022807233990779557
-0.00021964398335032613 0.0008371275714636472
0.0003300362848926915 -0.0024064668118808333
-0.001244890077344944 -0.0008344551644344151
0.00012128558324086554 -0.0018237278291920059
0.0009209602842323004 -0.004165955186378218
0.0008600340987128261 -0.001615609712479381
-0.0027051529300884743 -0.0006734945387966839
0.0006921943563279223 0.0011354948704547735
-0.0012218271320844157 -0.0010299168811325507
0.0033162425855115304 0.0018213346222728333
0.0015916570178316784 0.0016894860723504028
0.00018921155132421355 -0.0004100885682744848
0.0010328417882471907 0.0004441672033336956
0.0005581240757532803 -0.0001461690080706047
0.0002903823177236946 -0.0003694188033608828
-0.00019063036657611054 9.369459079086885e-05
-0.0009870121358734974 0.0008838564472555832
-0.0018406201521239253 0.0013604120590044388
0.0008818705380397335 0.0007969324043685104
-0.0007507375969633837 0.001452925547175864
-6.559061314498676e-06 -0.0016511550451725491
-0.00028744093636820083 0.0013244366806805007
-0.0003315960631329447 -0.0018068636836907359
0.00010103301778997776 0.0011951923813833234
0.0007690801410572299 0.0003272779705665983
0.0020640622395963547 0.0005332039899093351
-0.0006381556406139793 -0.000728209327247014
0.0018665311994013755 -0.0026447784530040184
-0.0013837280734460815 0.0010406239001961746
0.0008745088628401003 0.0006203837907655034
-0.0006920081201871028 -0.0007492931818867001
0.001497109440677335 0.0021788665033754934
0.0013956438659548172 -0.00032580945175005824
-0.001297907831067248 0.0005932787876133564
0.002133282758255039 -0.0008143065160331354
0.0003578494038828093 0.0011552702457732712
-0.0015626142009783526 -0.00015058206896433342
0.00036834441987186367 0.0009365652443341426
-0.0006783198478125097 0.0002805352267283043
0.0029290286270419945 0.0015782256484495351
0.0006021383061179217 0.0002432302448086837
0.0015806305725312225 0.0007458714982356777
-0.001550864475262734 0.00032002755896376803
-0.00029515242524696863 -0.0018241159788353041
-0.00017536590139154845 -0.0004216432778270163
-0.0007962201209396298 -0.0015458661629221039
-0.0017732193487962475 -4.0553533113647e-05
-0.0009415406955081469 -0.001028111998245921
-0.0004423849812707802 1.5585642064420217e-05
7.943447288299601e-05 -0.00033159546049507156
-0.00035177339831253025 0.0010553172497680483
0.0007137225781727149 -0.0005891928501357956
-0.002416034639698717 0.0013352426236483846
-0.0013777585563910979 0.0013580998223272672
0.00015103477554323356 0.00016623671055767867
-0.0018990455436621993 0.0006206415377421553
0.0007403159211854071 -0.0003612401532606643
0.00024933475085164077 0.0006546055953505581
-0.0009840229525336934 0.0008905775179318902
0.00040957486116786836 -0.0007928187609901498
-0.001153116918112609 -0.0011470456277544417
5.1369490881638515e-05 -0.0033834687103904363
0.0014679128686368643 0.0007602267746063582
0.00123669560196827 0.0008119932754751796
-0.002280094349835371 -0.0006396307796616221
0.0016059602074406686 -0.001751963452048023
-0.00018815298576668827 0.00037823634018682744
-6.676787269747545e-05 -0.0021715741695955675
0.0015098918830189613 0.00136570167047824
0.0023584407992402476 0.0010169925085132274
-0.0015297437993302188 -0.002271086022499531
0.0005411689812086645 0.0009179262181587183
-0.001481850696266039 0.0022684389043938335
0.0014622624746223327 -0.0011418964805470916
0.0016755328085048796 -0.0004933055113742634
-4.822892513792811e-05 0.0009031862739096082
0.0014311823066789932 0.0006435643511876261
-0.0009712409067821976 0.0018615766726616735
-0.0005719925211628464 0.0001558081078667143
0.000835904551336474 -0.0006055152676895332
0.0012507079494351173 -0.000185446812282649
0.0001414175575931022 -0.00046257424584075064
-0.002049213526914222 -0.0009676273525577267
-0.0011413734462811878 0.0005292130077870439
0.0013500020066386338 -0.0008293532648824295
0.0011771186242625132 0.0008422914639720994
0.000725229705057026 -0.00042602394305695825
-0.00030833458333311934 0.000589810719081785
-0.0009756812765632827 -0.0018934674474708644
9.434841353201798e-05 -0.00013186355667814279
-0.0005233416777055707 0.0010564577215769898
0.0009644144001858992 7.832415630136367e-06
0.002475253632234528 0.0022823767108513288
0.00015102246493754005 -9.905511100221625e-05
0.0007747113404885884 -0.0007857480163791647
-0.00017918432139384964 -0.0013527018619796582
-0.0006540781439432616 -0.0015087140132676823
-0.0017178387208019383 -0.0007889522558359725
-0.0009073771057609308 -0.0012814265689057463
0.0003277157619311572 -0.00116565279133376
0.0005969454360749825 0.0011098342650974274
-8.229972917152061e-05 0.002070792816093306
-0.0007640822763133715 -0.00023235374916708666
0.001713981226571249 0.0001419122592986335
0.00041325824730050533 0.0011397302161584703
-0.00015900420167288214 0.0009182813554880121
3.364622864833308e-05 -0.00254986301659245
0.0010868844603217067 -0.0003700394229688491
0.0010352589623091133 0.0008824562177080867
0.0018005647855946336 0.0022287642650402812
-0.00048212254284062263 0.0018938872860098253
0.0030655989862612303 -0.001761448012093721
-0.000311009212621094 0.0021812810164892594
-0.004842326834116477 -0.0002897014363315075
1.649716358873742e-05 -0.0008418103799789503
0.0008445224356565808 -6.930219185661195e-05
-0.0004685760804163375 -0.001519201318727305
-0.0008538143293839058 0.0009214980306853248
0.0011088012906701784 -0.00023980989621639226
-0.0002952391211903375 0.0012512452495461357
-0.0009692717071299392 0.001236965668488092
-0.0009181250804064007 -0.0004950398075455351
-0.0013391165178525532 -0.002277469895868765
-0.0015234857422401027 9.342819600242985e-05
0.001415604952809952 0.0008811754736226836
-0.003134427126015876 -0.0020889099817667967
-0.0007708999126387889 -0.0009410049900021906
-0.000785858341437469 -0.0004467439449676004
-0.0012577896588501479 -0.0009892006548444302
0.0022307711624070395 -0.0028252885349358643
0.0019110582527179423 0.0041165007081307315
0.0016265924377983445 0.0009687574843243027
0.0016203317891272642 0.0011008192259666489
-0.0001594068985862808 0.0008794684946597547
-0.0005941259800188789 0.0015315021196283388
4.621224307261406e-05 -0.00011657785531196004
0.0020326078903110706 0.0013437149789404122
0.0031892290593107343 0.0003063141785418279
-0.0011638541947995408 0.0020092802378645323
-0.0010959415696668025 0.000421778723995021
-0.0020051638057828423 0.000694400007272995
-0.0025042081304656287 -0.0006390792873740951
0.0024711748317711676 0.0006252331050873102
0.0006721070493670847 -0.00041946970967271947
-9.929809813682078e-05 -0.001393746898749601
0.00020047366767504451 -0.0008750415513107861
0.00012045979195049473 0.0015262852467073475
0.0020880431059104123 0.0007007929959927068
0.0026095740002732223 0.0007723490615122071
-0.0011643554075518043 -0.0004613238268725455
0.0008411600350208706 -0.0011869636488167994
0.0015571698272306529 -0.00017680122137469234
-0.0013687935651346343 0.001222803013623552
0.00439605453066416 0.0005738033067382206
0.0003834073342343709 0.00013776468597028133
-0.0025213263344151713 -0.0008024103549072208
-0.0019534092916947015 0.003051899600387976
-0.0003929461266978865 0.0018913027152804493
0.0005415410516867485 6.041482251571491e-05
-4.862037173588055e-05 0.00012650712296557434
0.0009431566991521286 4.6665553730460194e-05
-0.0009195552731655757 -0.0012140350326061598
0.001389846925325006 0.00030872140467768706
0.001023718140799611 -0.0010476250733930086
-0.0010236423748678895 -0.002311302659286672
-0.0017702738138465394 0.0007350840310841886
0.0018033414849580088 0.0001913725197432012
0.000780440408761775 0.0005051620113488328
-0.000282640001378666 -0.0005550187957267017
-0.0017802227792825713 6.858603464105269e-05
-0.0005586714821452769 -0.00264182255703745
0.0008231012527475474 -7.32038008798714e-05
0.003048555574787098 0.0019615814793752314
0.0011358812778610677 8.84563595964047e-05
-0.0007420783143336356 -0.0008547421221023722
0.0011757846443949463 0.0005740108862002638
-0.0011953864860120636 -0.0014094953297754574
-0.001697731609374555 0.0006548994716926783
-3.8064016325584324e-05 0.0015213176003237075
0.0010850489950193682 -0.0002783513361394273
-0.0014128017949034944 0.0017727864019069042
0.00047393709466744984 0.0003148259837513155
-0.0026849505147036475 -0.00013033653740358964
-0.0027747662234278354 0.0007118367314155007
-0.000342911308577349 0.0006916443931029534
-0.0003900642154203515 -0.002054873420683532
-0.0007280417531575824 -0.00171504389616179
-0.0007671511979891699 0.0002770871521239881
0.0033558916082865008 0.001194800311219366
-0.0001625168169695608 0.0010112803242296874
-0.00120682092712688 -0.001680264645893835
0.0022432154722392753 -0.003366262120903635
0.0014446637036851075 -0.0005488262033287616
-0.0011346532037083677 -0.0010190830939616907
0.0026456369539493855 0.000908426434375687
0.0005133450155179955 -0.0009223940487597857
