0.00024085418664389967 0.00015753223295421538
0.0001520415553792793 0.00021667186279651822
0.003897492789295612 0.0040254247804844745
-0.0020678561050491784 0.0021939842466339138
3.680744041596634e-05 -0.0008805773599772145
-0.00070824990332349 0.0008157586575264515
0.0007059424408658575 -0.0009490850661805294
0.0004482089679930288 -0.001129547021310457
0.0005911245394300086 -0.000998757483050717
-1.0101268593956559e-05 0.0006897147460588472
-0.0005365944028342579 0.00044897049673439323
-0.0017594641658472548 0.0004524498614645181
-0.0030042453490981332 0.00030112074493163
0.00012804366269990788 -0.0023909250062297514
-0.0023795980665632923 -0.0017186943323315234
0.00048587106888327975 0.0003404863222462269
-0.0018357392304153538 -0.0005865865444332651
-0.0008218273083328031 -0.0006043697266889313
-0.001088301544222865 -0.003595073763558116
0.0005326404911101092 7.767892609894736e-05
0.002389029937006386 0.000979536825252519
0.0013081328853365413 -0.0016709860316845423
-0.001704211323398389 -4.9292681128381644e-05
0.0004448253815737232 0.0019034146865182405
-0.002070961933932118 -0.0005265740897045551
0.005261551426494729 0.0028914575395112014
-0.0016929173903340218 -0.002651420169880993
-0.0005955711364541162 0.0012189447112246204
7.644206189144096e-05 -0.00013563104898144533
-0.00016849453925639403 0.00015524106577858554
0.0007464380308216447 -0.0005188162338154042
0.004418053325421082 0.0027363951967884015
-0.001393856383637329 0.00027438663809064754
0.0005501334425208603 0.001084877166414456
-0.00023701804119467584 0.0012921817891572587
-0.00012572667222785522 0.0013301834753711155
0.00021792335948949017 0.0005688201867624994
0.0003919669269355286 -0.000861467983289403
0.000695844554781201 -0.00043013790262569286
0.00021161053502427297 0.0012114929036946896
0.0015973388344005758 0.001836142197910029
-0.0014712744286355655 -0.0013314605039019126
-0.003800664783028212 0.0041367102994386154
-0.0014463393689450963 0.0008121225667760584
-0.0007627193433934478 0.0006237087135392523
-0.0030197768550348355 -0.0016847475741229795
-4.5735365114002104e-05 0.0003702921737824195
-0.00257320348701493 0.00020784210592912652
0.00014852221533074163 -0.00019065287934452103
-0.000631664581192547 3.342556536135709e-06
-0.00019928854860828824 0.0011073767995310765
0.0001914423984883985 0.0013046886381511758
0.0005245589704085821 0.001462480842714119
0.0003940034662127062 -0.0018457830265018226
0.002477927603817335 -0.00016782473068580698
-0.0008604584814019343 -0.00048591568426361453
0.0011803895050808194 -2.7481385064538754e-05
0.0011694282431609368 0.0012771394135563069
-0.00012796534829146586 0.0015135918324436545
0.00041721382142387124 0.0011757231082035343
3.171728013406114e-05 -0.0008425094895883493
0.002248010280683239 -0.0006368463815496512
0.0010219508288347552 -0.0007744757571982564
0.00042219278675651134 -0.003102569788074004
-0.0026727506792860764 0.0027145519840700003
-0.003851348540821752 6.783564105086005e-05
-0.0020692830088512694 0.0016057719390605283
-0.00048238506935961603 -0.0032813872350048105
-0.0009593144116810338 -0.0008456335250445961
-0.0027553387777586535 0.0027557888118712906
0.0008065312853259486 0.0030816188401767983
-0.0009700934770597488 0.002697666413916988
0.0013705475282754216 -0.0012268025445349227
0.00071993882864536 0.00021207766773445036
-0.0015618336792110725 0.0020455532986386857
0.0006270608528264187 0.00099206538754088
-0.0003270986610953299 0.00029007492983905333
0.0005009556544771481 0.00012915814191731358
0.0014751530699834584 -4.572520410679558e-05
0.0005815137752451449 0.002312970846611755
-0.0020623073984522584 -0.002197862794945598
-0.0003754654550030869 -0.00042423399334959143
-0.0006198192636101869 -0.0007020197633612436
0.0017717131998065381 -0.001932334657831442
-0.002132814323218363 -0.0002806900182044961
0.00035264505824819236 -0.0013839637242624959
0.00021902140943512105 0.0016992208671162629
0.0004168416548548006 0.0028876392844575977
-0.0013452943161277688 -0.0019018670508394266
-0.0014928059200662771 0.0004244764962445722
0.00015899459111935556 0.0006392700196353189
0.00033188717296138355 -0.00021602155308987696
0.002029964365928865 -0.0019679494402028022
0.0013791616732150797 -8.857270466765773e-05
-0.00010286068045371218 0.0031818110021154563
0.0007401821407572265 0.003883122318113277
-0.0031444073318109516 -4.9668977497224114e-05
-0.002043825056952841 -0.0011156011629014145
-0.0018988975336639523 0.0006011296100406152
0.0010721152394616846 -0.0032244569143660153
-0.001825462636450294 0.0004706968733252055
0.0011321852400099342 0.001731281361610921
0.0028235125599259357 -0.001670329890000939
-0.0010145149587548626 -5.663539044932861e-05
-0.00027457604038666554 -0.000660749159953528
0.0010562006116029597 0.0008434264660944873
0.0008526637663157713 -0.0002700956569958987
0.0008343994495424998 -0.0006584868010110126
0.0025088611253448368 -0.0010765137827425896
-0.0015285809374757627 0.0029458743142995124
-0.0005014491284015855 0.0016433697007474772
-0.0003835256135119386 -0.0010201322534664871
-0.0006563484733433319 -0.0002040396840299543
0.0004472720491100654 -2.531893531454237e-05
0.00034949072338671315 -0.001151854509393667
0.00041844112121852277 0.0008988360097781485
-8.083045928863508e-05 -0.0014330105030842006
0.0004612803390473918 -0.0004076494180855627
0.0007944200536948994 -0.0005324429118348345
0.0012447039985580646 0.0014375336015537007
0.0027405947282066762 -0.0006415405870616128
-0.000599108955242267 -0.00039125484857507333
0.0009943435410735438 0.00039632183070119185
0.00012199981178904315 -8.193114366691076e-05
-0.0026275484940868647 -0.00014152973423589557
-0.0019085446159233933 -0.0011447827708321507
-0.0017316682936868648 0.00024282087549795455
0.0016266502804309206 -0.0026460518362329323
-0.0004505856550001301 -0.0003501725289763464
0.00022826445219548835 0.0003521575864793285
0.0004470592812235964 -0.0017143778215434763
0.0010130222913260522 -0.0013939566922603023
4.6072234641916135e-05 -0.0010440721124490861
0.001798832731322032 -0.0008948265513076
7.637290362309607e-05 0.0005590378782927061
3.0537141565803326e-05 0.000909301180386496
0.0015920584592105103 -0.0005121493343425791
-0.0008840666319878188 0.001838480733176124
-0.0006152272308693936 -0.002656958108408884
-0.000827290860735743 0.0018104419729295586
0.0018044075863758624 0.0006229646305209342
0.0014070434689046867 -0.00022539359307174235
0.001218191458805583 -0.0010233699564774373
-0.0008368974598308073 -0.0005662966192665303
-0.0002712173897741113 0.00026637504992454937
0.00017187901564782806 1.38996489439678e-06
-0.001050796100786741 0.0005807349117741271
-0.0001706710090093888 -8.009186124900613e-05
9.085151605266543e-05 -0.0007375079135744634
0.00034243286324228087 0.001315892707048436
0.002348593756070342 -0.0014083576582648168
0.0017937588257516128 -0.00015018003167599955
-0.0010461122049394596 -0.00020975192936057905
0.0005699430457767474 0.0015186438112472307
-0.0017790914765496372 -0.0015925931370927267
-0.00025575990767903484 0.0013667467575764018
0.0014512295870817728 -0.0017342962893416565
0.0002428776826766923 -0.0008366357776628157
0.0003384750436327318 0.0008972173108083096
0.0006111976578693926 -0.0006608346414492495
0.0009444453008278864 -8.822246027649308e-05
0.002266363086801783 0.002113795059054453
3.362452582044601e-05 -0.0010494670169164644
0.00027379638959951094 0.0003567548136950439
-0.0019223280868220297 -0.00011142273177813289
0.0009048899892372264 0.0009403741779097654
0.0008577408477692989 0.000798935361449162
-0.0019721401314303573 7.509255897865934e-05
0.000872251977475419 -0.0010776744451398484
0.0025770715116356408 0.00031012890846844057
-0.0020476841951402778 0.0013739286587790098
-0.002554697952890586 0.00041306020825025843
0.0005904960361227792 0.002867741215366828
-0.0016164159051447568 -0.00021895069501965
0.00022283575600486687 0.0007138361444457419
0.0008896740973808931 -0.0008143793728099487
0.0008637327353751553 -0.0010441142803098373
0.0003811623701177812 0.0013009496532353907
0.0012246005739377458 -0.0007660106942905938
-0.00016618683923021207 0.0012581326308842837
-0.0005800418403040414 -0.000704102763430283
0.000922098578396838 -0.0004061442833106151
0.00028250559956489253 0.001497116981201678
0.0003551309925696989 -0.0004573551716721361
-0.0006121624056486749 0.001799862199923644
-0.0004879753957478396 0.0012137287807613762
-0.0007297166999005617 -0.0018405979262739016
-0.0011389998308644254 -0.0017460932267640583
-0.0008736413478550692 -0.0002727512660085505
0.001233304810616273 -0.00036752925024246234
-0.0008764679580303778 5.647339567638484e-05
0.0018834475220393212 0.000908035799836105
0.00010580702393466648 0.0014973336433176498
-0.00028057285691470183 -0.0009679899207833439
0.0006314850020167905 0.00025320318669943843
-0.0010169746169740909 0.00237956699975735
-0.0009156302609727664 -0.003485581189709973
-0.00041228164685323457 0.0002896333177216173
-0.0012692737323659429 -0.0022435746906126707
0.0020474124499118324 -0.0018182703709279768
-0.0005529878017773032 -0.0006986616418962698
-0.00042979748012660383 -0.00012591175868077384
-0.0025623017521788833 -0.0023223022656263395
3.335853029582516e-05 0.003942002715878772
0.0009395386324397632 -0.002851129307640835
0.0017179282713245848 0.0001278430174674906
-0.0006733345414473769 0.0005118399263391759
-0.0015317704326929431 0.0025670135103157197
-0.0001574253201228503 0.00034497518382042635
-0.00014400450956109486 0.0028154374199474176
-0.001759417621948909 0.0006939197960806882
-0.00018945890901709734 -0.00031068716366210717
-0.0001911401568269112 0.0010389706902727274
-0.0005023619087783706 -0.0026729711978706796
0.001864323153595659 0.000729866384788858
-0.0017699324779765306 6.700569251277335e-05
0.0007025020970013744 -0.002261364281568991
-0.0016091797939741116 -0.0007957849036564855
0.0012503658204110447 -0.0004011538914080703
-0.0013114915730791743 0.0013985442697979568
0.00030108096964685094 0.00016214699321617394
-4.613935118722927e-05 -0.0005726334315480141
3.632505959584426e-05 -0.001435628356283437
0.0004982408569116351 -0.0007923931826789186
-0.0018569429596925243 -6.455597995808086e-05
0.0011105546154277415 -0.0010782019282977032
-0.0009028212680160312 -0.00046587496056344434
9.371947470264961e-05 4.95011219904856e-05
8.448854146076163e-05 -0.0012107645287293984
-0.0018174104041299409 -0.0036133753294585514
-0.00016750792902079577 0.00027531173952767573
0.0004961352807888029 -0.0021396618305958037
-0.00038045782152611754 0.0008068125574603688
0.001872681623464097 -0.0004814620954738335
0.004223781332661818 0.0008828896213223798
-0.002093717595985292 -0.0007634168635006589
-0.004388135525307546 -0.0025578300493487886
0.0019433712324854998 0.00032819872043554285
0.00022179660637239133 0.001529030121836725
-7.3644922833798e-06 -0.0021933529676778497
4.6562440724291574e-05 -0.0014471070740931426
-0.0012380492184102803 0.0002380911489784105
-0.0013671317134731585 -0.0003055055362378486
0.00010172550470208818 0.0018463967973136332
-0.0005041932229079081 -0.00039780047205195424
0.0005747834655955102 0.0006125179705869762
-0.00142164690470359 -0.0021780423312638478
-0.00019651878805873366 0.0016760559310578587
-0.001676328016872947 0.0009993386222765706
-0.00235042805554945 -0.00287979946557686
-0.0025109303858923443 -0.001599953804971878
-0.0015555796115833932 -0.0009367744645534976
-0.0013848063550472782 -0.00025673336633092353
0.0006479690634626753 0.00044691937026035904
-0.0011830356415508175 -0.0004189499614111325
-0.00097909374068975 -0.0003111811577069949
0.0005130244194432771 0.00036290016997196834
0.001976774664931174 0.001853869325459122
0.0021506352922266345 0.00044736916480768993
0.00013190078480662115 -0.002025944273583016
0.0003238864166043027 -0.0004582932946968291
-0.0005672268147012127 5.197186191042161e-05
-0.0029273029914127905 -0.002404346526545215
0.0011402847410307674 0.0008146639324973332
0.0015914397187543631 0.0017895796318741339
0.0002496499077334505 -0.002196927354960553
5.001502236066167e-05 -0.0008955284529337449
0.0010900457586626958 -0.003564184644018493
0.0015726888369454158 0.0024218325050162316
0.00034633812458231746 0.002277165012583831
0.0013700741604021505 -0.0018030131527776475
-0.0027046724107909624 0.000493151713368162
-0.0014892061224958501 0.0004667441923444903
0.00018121457508065794 -0.0017183542435668933
0.002678580123885217 -0.0005166334277852493
0.001186740248775128 0.0001957516097180529
0.00018007697057753155 -0.0009000818553849254
-0.0004696029255138255 0.0007451579102742504
0.0027685810365214157 0.00043827024564865603
0.0014536551164287782 -0.0013498627552545122
0.0003605549885816278 -0.0005964313641336907
0.002088620921294665 -0.00030122526641177287
-0.002124558527121009 8.176033611573953e-05
-0.00025072952418960984 0.0005101972017932708
0.0001095485861147961 0.002914148961935886
0.0027283863963731424 -0.0020980280799346817
-0.002658882336902067 -0.00010245092431210126
9.775595170442084e-05 -0.0008045870806957595
-1.3145008266050803e-05 -0.002393072840949884
0.002402467728102431 -0.0010998241429936507
0.000737443778866038 -0.002908818738674787
5.460973120640855e-05 0.0009912506749233645
0.001110721538594743 0.0005460782107108253
-0.0030763541820436322 0.00020798449250465897
-3.768301364246733e-05 0.0019785250948666554
-0.001216632894093734 -0.00026817408574340195
0.00013044030251809272 0.0009333557108777229
-0.0001927246516850986 -0.001266930905434954
0.0002501345556143985 0.0012840815519526074
-0.0013607402390021434 -0.0001611709681602153
0.0006806348384801254 0.0005240888689980594
0.0010397303459768342 0.0005695657613927171
0.000530107110658344 0.0010025355742700143
