0.00018206588733883652 0.00024701085547430227
0.00025480101865337347 0.00019376999674809058
0.0062374812748748655 0.00373728578504758
0.00012845252997473902 -0.00046253880639776933
-0.0009538380087395165 0.0019052262441077246
-0.0002637810936722382 -0.0005939421680931923
0.0010157584009948299 0.0010423276453055263
-0.00010657480658878856 -0.0033857270434818573
0.0011689140983683851 -0.0007070144538804209
0.001745999397575394 0.0004038532458497306
0.00039233327541934345 0.0020072567607047833
-0.0008151379669756507 -0.001418198292993796
0.0001660116467330151 0.00039913433880213483
-0.0016241272264713752 -0.0005685806085239039
-0.0005980194776898768 0.0007030779093846488
0.0014565725750550996 0.0015543872211917743
0.0018065883961399362 0.0016728788713639788
-7.038658926054918e-05 -0.0006840073930429125
0.003059260854945499 0.0016364997125622946
-0.002619162394259207 -0.0005286353906123208
-0.001379100004492123 -0.0003653285910748251
0.002431359218492827 0.0002843597735418829
0.0008811679032724041 -0.0004364053816765402
0.0019287969996605546 -0.00024851544093625646
0.0011601618209451355 -0.0025017148614074817
-0.00027409998245023253 -0.003184543786906659
0.000795083061456607 -0.0004114763116468862
0.001326402646406119 0.0012217309333285025
-0.0005599592174410964 -0.00018249235243754318
-0.0005647355062663955 0.0006672860823171887
-0.0010597681293546845 0.0004469833221364901
0.0014609329516135302 0.0005277889314072863
-0.0038417977776869544 0.0008135695138788743
0.0005519067438084534 0.0017406794038568878
0.0018586186678848878 0.0002813627145582814
-0.0004865893613994179 0.001524208875988084
0.0012947503381915792 0.0035159807067134496
-0.001123354243611142 -0.0003321377648963401
-0.0007880605901103325 0.0005336790953329703
-0.002547672574679441 -0.0024639656368606825
-0.00024092365579996206 2.5328711802820315e-05
0.0005643004808047106 0.0016224849297218147
0.0011898765264365637 0.0010667345367052288
0.0006818352939488777 0.0026516777230333045
0.0007784833258527367 -0.0011865789291812493
0.0008018923244882156 0.002382526759445127
-0.001148643527863334 -0.0014085590397787003
-0.00034058645086985266 -0.0019098792823942208
-0.0008882593753725566 -0.0007822120351649629
0.0028118176613908083 -0.0031833606337206446
0.0006354349618499089 -0.0003673526515127328
-0.0004481230589451813 0.001370625903025789
0.0013248384099807566 -0.0011495497003561899
0.0023053390796376073 0.002169606202106933
0.000875120009243879 -0.0005909094643938534
0.0006137487945836193 0.0004440111311897237
0.00207077194536039 0.000870459175299633
0.0005811116707520159 0.0012035806804573544
-0.0024407768725853494 -0.001608825841233518
-0.0016968491129439774 -0.0017226137135424539
0.001709071789120611 0.0019488501552832062
0.002062840170038987 0.0005213257894919371
0.002446181928512967 -0.0009215356075893137
0.0005188938960820025 0.0028858276237630504
0.0010551194395216946 0.0003926990614339249
0.0034441575882767045 -4.8124090213606254e-05
0.0012489202937789943 0.0012130784423163203
-0.0016958339349997433 0.0004895795767644966
0.0007061395206551006 0.00032781786324514984
0.0024227803795376056 -0.0018985996246838296
-0.0032266079636631426 0.0011543632954135036
0.0011338656609937328 0.0016985210011652547
-0.0019264067256806337 0.004013367043608521
0.001554136742651048 0.0010777471053329002
0.0042061732218054365 0.0026654198043462394
-0.003082754705766537 0.0016404124880678309
0.0006569261573875571 -0.003702954365210355
0.0009693518272047778 -0.0014713603197585615
-0.0016980486261590317 -0.0007834984693726234
-0.0020509935548347264 0.0009496980800749497
-0.0016785805687132933 0.0015432141724624929
0.0006380790946358798 -0.0037147815021293567
0.0008558105859287944 0.0016170969239823962
0.00024308080040100018 -0.001032671978771695
0.0010441516430576368 -0.0015225296892759626
-0.0007458381221005116 0.0008638540434310134
0.00019409202595330232 -0.0010659891404245373
-0.001869691919562237 0.001079030060820579
0.0018749014156046646 0.0008368950711679323
0.003006580309775949 0.001844637119883472
0.0013413717287868187 3.3381326035633635e-05
0.0011525948341634864 -0.00012942197022600106
-0.00077322711211989 -0.0017680728006633565
0.000736551311099123 -0.000987478466129352
0.0017688257396561967 0.002059927018344703
-0.0010800136435145438 -0.0001905640687996457
0.0003603569659896492 -0.0006710402898046821
0.003207219505501441 -0.00033933136371867953
0.0047242829231692795 0.0004951913265256032
-0.0003455151263975134 0.002529854399965428
0.0006656804070746443 -0.001013980652844409
0.002017924775020439 0.0007131258864255764
0.001286980913462685 0.000998045477115742
0.001825823912561151 -0.0011899259678061725
-0.00020207890771207788 0.0009905062845012658
0.000554879051225837 -0.0005181082961954428
-0.00017519652567615082 -8.117792260711791e-05
-0.0028010933390121085 0.0006526433217479733
0.0022060717518429538 0.0008691888309801974
0.001285000668360232 0.00023847392441261149
0.0022377938300902306 0.0008112281008734872
-0.00032808304075866447 0.002359524605317145
0.0009767956844193234 -0.001970439683287206
-3.336760804339748e-05 -0.0017267779308865938
0.002207873380632296 -0.0005971397363410138
0.0013380447459139793 -0.0004017003765176376
0.0009544349716454424 0.0007034399321354023
0.00015531517825589556 -0.00019077682559769083
-0.00036315408678805274 0.0010631565378715956
0.001125427273967485 -0.0005306195743003903
0.00010663237630480767 -0.001184401105555844
0.0024609263162165642 7.14880778859366e-05
-0.0009672745194369193 0.0020238735609124044
0.00014995094169375253 -0.0003514337887077774
3.6156410639096624e-05 0.0034886471137522425
0.0004378691191940423 -0.0010603580187430292
-0.0007586243898353309 0.0011819496510818406
0.0013445543844347024 -0.0009958894644723684
-0.000939834192114175 -7.537946708376962e-05
-0.0008287000583285715 0.0004959682949063846
0.00020339830298972636 -0.0015778500429550703
-0.0004529966037031143 -0.0015882493088160848
0.0009760571303076556 -0.0012405225096672886
-0.0004870757807114228 -0.0008874526236891278
0.00011575908877783094 -0.0015160809193208685
-0.00010897481577580408 0.00245385696146789
0.0007395311817108031 -0.002700377987071296
0.0009087193036100683 0.0003925880653116142
0.0002646164814886869 -0.0015844099061455815
9.254402387121925e-05 -0.0012779648561653193
-0.0009616003564825796 0.000283854013163117
-0.00015572069245517906 0.00020723698052114826
-0.0012333900254020114 -0.0008333787711872579
-0.000576680213564876 -0.00013586924602178947
-0.00037081831373910455 0.000675596251731347
-0.0011494456189495767 -0.0014776681032524041
6.442012211268381e-05 9.429209324699908e-05
-0.003186164915919676 0.0024822837999790674
-4.077507311620399e-06 -0.0008281289347160673
0.0005700645733580071 -0.0008819882869926747
0.0010666571935300856 -0.00022085209571330426
0.0007312117270657794 -0.0023405304943788312
0.00023915969636868707 -0.0002602812677193002
0.00016401085092091413 -2.0641671313652763e-05
-0.0020173811180931784 0.000678705182430597
0.0018849666184467702 -0.00011440476355830251
0.0007599421078656213 -0.00037888317400404153
-0.0008796071762902703 -0.0004094501510698753
-0.0022980294169013833 -8.724024467203686e-06
-0.0007752248509533152 -0.0003249663912263583
0.0013908448247614796 -0.00043028739421766996
0.0007950792417515814 -0.002830794817589355
0.001321582008145648 0.0002641661754763802
0.00012244728270629325 -0.0002380527785894828
0.0008485966978929411 0.00023079584450945147
0.0006803007913354648 -0.0014276544134500693
-0.0014920849723869735 0.001565518970625289
0.001351088936424296 0.0003356385123555447
0.0013173828685185875 0.0007527784794090278
0.0008690204920880473 -0.0014029210103007079
0.00020264488739165523 8.061469872239625e-05
4.521934731252076e-05 0.002010974808347699
-0.0024847196303865635 4.432138273175581e-05
0.001702107136129328 -0.001147695428189432
0.0008209798967504535 0.001967069776209091
0.00015008374034509368 -0.00038181174289432355
-0.0019301277792376714 -0.00036315525468252094
-0.0006560706769289382 -0.0005371812327169421
-0.001175806455938453 0.003357117554598262
0.0007785470724204364 0.0034419368885185747
0.0021040532656101435 -0.001813066550510228
-0.0006447861099388577 -0.0009178320989095248
-0.0014850838358030965 0.0002514133742501331
-0.0004660527195010481 -0.0002952411058207123
-0.0008138632979264912 9.865477366721704e-05
-0.00010433839341937626 -0.00018408563691051934
1.427149743327352e-05 0.0024101547171289776
0.0014790445652107978 -0.0009710951387471672
0.0011147170678789413 -0.00011649258539325982
3.273448065246861e-05 0.0005789358417682855
0.0009870526289238082 -0.0009973336127419158
-0.0012474385292679379 -0.0007611809565378924
0.002631162493552932 -0.001428884178571088
-0.0006557681168992983 -0.0005266832348329549
0.0004983892485186068 -2.6190809877567524e-05
0.0012038207112418074 0.0008138642790953967
0.0014146206152870473 -0.0011420631604057438
-2.2384539547411504e-05 0.0011826197103252025
-0.0010216360534762781 -0.0019247682980739903
-0.0012853701010851013 0.00020552124926688148
0.0005114800131805928 0.0009664064604632937
0.0009088811462969338 -0.0008483046833994071
0.0013882778096586264 0.00044859198623710026
-0.0017629337640532546 -0.0013785173653194504
0.0005639803753777119 0.001475636493962252
0.0020302827152586795 -0.0018151917265518064
0.0012155835347591316 0.0022934919387771024
-0.0032635245867386324 -2.1728031190113727e-05
9.914446372131174e-05 0.0008070372552681526
-0.0034515267481228626 -0.000987632208460331
-0.000617161630663989 -0.0015334714606192862
-6.621789445912907e-05 0.0008553560023346561
-8.804612493296883e-05 -0.0003348216688153994
-0.00043597640843795623 0.0026065797784973286
3.357291903876095e-06 0.0014689959459243073
0.001169608784768142 0.0022279254000077994
0.0006902047569196619 0.0002769169198910523
0.0002495992056388183 0.00097471365346258
-0.001224060934661775 0.0008448536758277765
0.001014858965847015 0.0005667935631939505
0.0008210421516699731 0.0007137251305843334
0.0005574239230730163 -0.002191040450804077
0.0004997398837285665 -0.00027933038476753933
0.002237119887099628 -0.00011213897974335634
-0.00259580158374806 -0.00041761094054945213
0.001704253590004513 0.00014483293618154804
-0.0003697679970602575 0.0012350515550713216
-0.0012486370340886671 0.0003263185861416255
0.0012215715173200126 0.0004435756682576339
0.00019827782135424293 -0.0015551156749661085
-0.0006869276674863154 0.001539309587370156
-0.0008522078615718479 0.00021397995542329085
-0.0018017031354659121 8.522955587411923e-05
-0.001153515609694743 0.0005509723419437764
-1.6438820334618038e-06 -0.0014129879799966059
-0.0008715396736179503 -0.00021676325550782155
0.00045452979086142844 -0.0009475214412128032
0.001570021184832822 -7.456644476509218e-05
0.00013673346944516435 0.00010682016288984034
0.0003708315527586005 0.0008416335004451617
-0.0017775247434072563 0.0006283405577793873
0.0002236841057173423 -0.0012477781546280302
-0.003738241090810263 -0.0007704090399209745
0.0006670359046716781 0.0005156081641988236
-0.0020380925957840285 0.0001226307395121187
0.0028274890633293672 0.0008377792314422162
-0.0010966585027134953 0.0007146741051185435
-0.0007491071379147875 0.0007218130420051371
0.001758272728309601 -7.746828787975008e-05
-0.001317412761808485 0.0011632764012692227
0.0013485066524608488 0.000307939723368432
0.0005677265883552181 0.0003253692249028958
0.0008026439697380846 -0.0012176759259035475
-0.001296337234627146 0.0026056040397883506
-0.0012301612207447775 0.0019445440081582283
-0.0003712427195918239 0.0005791776944635091
0.00161573692601339 -0.0004966730078325956
-0.003137105603836273 -0.00040784520447610813
0.0009042525505450955 -0.001300137306439422
0.0009831906596638336 -0.001975497408865456
-0.0016364211116137084 -0.0007888225375451386
-0.0022778689509653782 -0.0028426694742357548
-0.0012401107607919223 -0.0006379182647053712
0.0017480881304619887 -0.0016017191460122834
0.0007510466438875594 -0.0005304579637851718
-0.001082204753376412 0.002264298034993123
-0.00014579457545467667 -0.0025585383508947915
-0.0030793399632487025 -0.001954927275944701
-0.0006392229906598552 -9.136453449752696e-05
-0.0011853310767026121 0.0017702627600542826
-0.0002941305420294888 -0.0008043145479270522
0.0005784357875760665 0.0003571080672737436
0.0013112721973851929 -0.0023449051552857573
-0.001041871446553031 -0.0009218481111946294
0.0007417013106709369 -0.0010923343476524588
0.0012073173419772413 -0.004316086428813773
-0.002135585637993443 -0.002341473387707278
0.0025171922372070805 -0.000839918177347105
0.0015736168276867032 -0.00216210748794309
-0.001262520775047589 -0.0003143441049619801
-0.0009619677005980392 -4.2896731199203274e-05
0.00036677303767320086 -0.003043286246971061
-0.0024679875962132667 -0.00036807211585787635
0.0013201017445899999 -0.00037367119935160755
-0.0004734496468495801 0.002735303104532141
-0.0014922790550816805 -0.0007315220259379913
-0.0010218616685188804 0.0008609770534707122
-0.0007032159957168054 -0.0019429431748409956
-0.0002844382876789681 -0.0027820799174566903
-0.0021501932567189095 0.0015338956169900643
-0.00029390333888150785 0.0016530761318145986
0.00020177553371729325 -0.001032038469824874
0.0017493037917733945 0.0004433009624457605
0.0003827432666374226 0.0014557705234139533
0.0013362229271505655 0.0012271510095603513
-0.0008575680978819702 -0.0016385031047767352
-0.002066771218370942 0.0022249022737882095
0.0003253181784508456 -0.001860381064531045
0.0013106819450024135 -0.0020708137000764164
0.0011973652510647891 -0.0010224513622267832
-0.0017459713301102766 -0.002059202184142269
0.002219841727891773 -0.0004993732783489126
0.001173773705301353 -0.001968290342202679
