3.492870037901469e-05 0.00020910762037440188
0.00027615840845433793 0.00023678549943159812
0.005717802746986894 0.004381221551836111
0.0006059969298441431 0.0038463081344762957
6.520258061072202e-06 -0.0016977859870337837
0.0031066101816521778 0.0002651448041087748
0.001751841200694993 0.0013265407918470061
0.0009635083190478189 -0.000409173532020939
0.0014683629482669075 0.002168476888730953
-0.0013352486222526954 -0.0011769902809709947
0.0022102325923325293 0.0009257575641909487
-0.0008792655516166578 -0.00043670728119676216
0.00033136501192082264 0.002510537925405638
-0.001409438001169583 -0.001835512502457342
-0.0003048913323535773 0.0025520549506694227
0.002451577053405308 0.0013370128863620604
-0.0013864306718457278 0.0002367643696064111
0.0012482820071055298 -0.0018494501379864602
-0.0015979710410139653 -0.0003107005398293001
0.0009124423980285121 0.0015662529487431344
-0.0002585940556918576 -0.0013679771642194358
0.00045604257341305546 -7.270763292291913e-05
0.0014887726722431218 -0.001023128937452945
0.00026552414960330235 -0.0010840448950435266
0.002643196994808211 -0.0013015236913276327
0.0025913523610155897 -0.002134159458243441
0.0006800549650241242 -0.0003918218014119789
-0.0011190048799779966 -0.001604460924225458
-0.0007246957712953955 0.0012325889490998412
-0.0004758685871649852 3.056492811577576e-06
0.0002861437425738334 -2.7164690406684327e-05
0.0025245402150520053 -0.001168219513409657
-7.23636237481514e-05 0.000740777200269353
0.00017973739333036453 0.0001837388023071153
6.89841426928111e-05 0.0013647348744660454
0.002644785585484606 0.0009369103190755648
-0.00033700772223820425 0.0009626701767475334
-0.00010935178379027501 -0.001589129500593606
0.0009572860742253607 -0.002071183146456387
0.0007754924137370855 0.001047546049237259
0.0006251891432511302 -0.00017484724127197026
-0.0012742192710213447 -0.0003405632617398015
0.0025723383341815006 0.0003210306092603254
0.0012738422903537127 0.0007921072094824569
0.00020528050660672945 -0.001098777842730784
-0.001537012540311085 -0.0015897243740602863
-0.003345980956255414 1.4186792123130485e-05
-0.00047552906888530716 -6.094220862661784e-05
-0.0019286093088200255 -0.0009519055656909253
-0.0003063676447811596 0.0004978206871914083
-0.001643252368346672 0.00034026831424898595
-7.56405546889234e-05 -0.002550765786873343
-0.0013935180985810026 -0.0011920721107586496
0.00026807008007385036 0.0012248212426220438
-0.00032666015003925033 -0.002361994553613323
-0.00021891892854914162 0.0019276945121418376
0.0015845054728534519 0.0013774260797326686
-5.6468993458698616e-05 0.0006042109900913998
-0.0013548189989564714 -0.0007079756582055483
-0.0021296479569428667 -0.0017160053167309668
-0.00254103246850202 -0.0010269800882925385
0.0027118691637420325 0.0008333144196284311
-0.0001439342564527818 -0.00036526104045425775
0.0009491424736779805 -0.00063796092428709
-0.0017625587867551638 0.0007347098138088105
0.0009598620273406096 -0.00024029842116733618
0.0002504515104605763 -0.0020140674529635686
0.0017165553894480513 -0.001942124926916665
0.000695628177336751 0.001583548615199461
0.0006039577239742542 -0.0008853202819991665
0.001904393782996457 -0.0003648995454079451
0.0038740564025255713 -0.0008466586027179989
0.0007964464451313168 -0.0021727819672323887
-0.0006979593643708616 0.0019088411571772034
0.00024670061617066194 -0.0006461282868011056
0.0015680640414295092 0.0007468741379416374
-0.00043823413356543233 -0.00020713756199210244
0.0020700110970946054 -0.0012195971288677708
0.0009195976337467845 -7.962148326683661e-05
-0.0010157437171743708 0.00023008396111028718
0.0008452833761847296 -0.00041114886069848374
-0.0002346804138034725 0.0009335904765961386
-0.0012501893793618918 0.00018904965645777266
0.00099917994443244 -0.0017670798538840429
0.0001610083992238973 -0.0001934083335208845
0.0029572864451270844 -0.00017314682723093707
-0.002363736700079128 0.0010345702604527757
-0.0010672913660630867 -0.0008858669696557855
0.0013680790594485074 -0.0009530914651466292
0.004812578087915622 0.00041806626366371334
6.842644935622039e-05 -0.0017269269358920576
-0.0007056756539730069 -0.00018736743350931964
-0.0013706519150339584 0.0053139016570321095
0.0008438359472123584 0.0013241750333997714
0.00023710288600772673 -0.0009762286755191659
-0.0002003989465994989 0.0016495258248974349
-0.002647098174907458 0.0006536966486101609
0.0008740268214159382 0.00022882400454369084
-0.0001693372752598064 -0.0009979166873960194
-0.0007570955399700901 -0.0025481191939295453
-0.0013593971344134511 0.00013808866071134287
-0.0009903336397700123 6.21082381219247e-05
0.0007957082144474766 -0.0020689772452090545
-0.001253072825672269 -0.0007068382220789245
0.001629648672235438 0.0013551554115233055
0.0003300117178040389 -0.00114548401434425
0.00032396382082618006 -9.776212798732918e-05
0.0009016235934110182 0.0012437306520685126
0.0004450133942358457 -0.0004893544007092195
-0.001720373549263724 -0.0007532829174842779
-0.0010904537265832121 -0.00017354952608504687
-8.16381567641019e-05 0.0006158966835713892
0.0038580367849703552 -0.00022906554891850606
0.000680007337816812 -0.0009801057407002843
-0.0005281585376603814 -0.000637219900420456
0.0015131449075212063 -0.0005929617142752544
-0.0012199540085069864 -0.0013326311532338864
0.0007830355262512022 -0.0016453133733880536
0.002274000025075615 -0.00026081860953656457
-0.002809948825528494 -0.0014700737732953855
-0.0011037939239229775 0.0016937399544511814
0.0016795567562064597 0.0013551058021903143
0.0009787712327118208 0.0038376694138017465
0.0001492429753787889 0.000548463991738423
0.000889085242173505 0.001276182701329797
-4.131786460909917e-05 -0.0008163078706294927
-0.001160514678243493 0.0007291995861986386
0.0019060867223725574 -0.000513409158207207
0.00043305653166252766 -0.0012439174061735856
-0.0006264019846942095 -0.000433353458474265
0.0007564599940379689 0.00022695183908722505
-0.0005397299453124119 0.00019467090561307854
0.00010978871975803198 0.00043368005295600995
0.00010266483818818338 0.0013579376270586216
-0.0008962654537481677 -0.0020790744483190965
-0.0009341485576581617 -0.0005857164199147017
0.001334368568334903 0.0013590405384178257
-9.490310623368496e-05 -6.030726848235146e-05
-0.0006510997648800385 -4.2758590322681884e-05
-0.0019913685082524617 -0.001026107107429745
0.0006047031571584377 0.0016774101676634038
0.002553660978052907 -0.0004031316367088363
-0.0002455599628985147 0.0004545189356456892
-0.00042133034388742275 -0.0007914494461094852
-0.0005036407266240152 -0.00143824102961061
0.00010664127721208767 -0.0011945382497553492
-0.0011153765889682715 -0.0013828202103102175
0.0003237965224411017 0.0025069702864809725
-0.000253724537788545 -4.7132399526251684e-05
-0.00047221818924110765 0.0016700812655698436
0.0005052215295127913 -0.0019651564245296124
0.0008255677099184628 -0.001058776378058807
-0.00013577555176386762 0.000413709299361041
0.0008824523640217487 0.0004152732784714903
0.0010333891049170583 0.0001636606761286783
0.00026544830558929985 -3.1130008048930616e-06
-0.0002435669982160597 0.0006170252096153844
0.00036892627418043465 -0.0010416240155072742
0.0013856816967536371 -0.0023436503869759574
-0.00137127904820429 -7.75120415996478e-05
0.0005177450982129434 -0.0009403119356835284
0.001537149585198033 0.0020717160587706545
0.00043423604976862467 -0.00012858405611865806
0.0018228816776559844 0.0016217279520797739
0.00012085945098884474 0.0013324957273312024
0.0018886913567093284 0.00019969232806423803
-0.0014118479011444082 -0.0004423036090513245
-4.955900193363332e-05 0.0005447172996150336
-0.0006615732184325683 0.0003588822595848551
0.0012962200521825415 0.0015957644764748743
-0.001959957620381966 0.0008957673094311163
0.001992836387322533 0.0005833664394709198
0.0012460981004473936 0.0007827764032296349
-0.0006211202444104866 0.0001328654512451646
0.0019892920226286304 -0.0002722546189247408
2.496901450718025e-05 0.0007211407486819693
0.001249425924530158 -0.0007152258245936024
-0.0005223765575665809 -0.0020562785989542663
-0.0013788119539428433 0.001169386510769079
0.0013850291121625489 0.0011358862614114697
4.545389504002233e-05 -0.00014159376422479583
0.0014023932424626834 -0.000485164852522798
-0.0022048379372885053 0.0002841456733891749
0.0027762447441308617 -0.0002070652775968607
0.0006962551472896384 0.0023801855465638484
0.0015902748727424781 0.0008169101779482845
-0.0010431386644853137 0.0008099317819506984
0.0004426374221837507 -0.0007309181678928718
-0.0019372585759176181 -0.0004483306416140276
0.00026699626064776723 0.0005105504604864961
0.0003137170545443705 -0.0015840613736752478
-0.0007372862556209986 -0.0006791061105904104
0.0011210754373074281 -0.0016921838242285562
0.00010725504604069731 -0.0012493960783486364
0.0008383600628142242 -0.0011659953741177819
-0.0019364286023451599 0.0013079233029593292
0.0017211664970054245 0.00021485716522449334
-0.0012002977086570518 1.9550247154208026e-05
0.0019557098376931864 0.00019570164539961144
-0.0014868841435840994 0.0019581496844457
7.013991423974026e-05 0.001053924980179895
0.0009156246631455646 -0.00027966207139082676
0.001503696910240314 -0.000699876277130325
0.001178664776479027 -0.0008377692081353908
-0.0014588637822978425 0.0005954573642234745
-0.0017739667728527042 0.0015881025563220421
0.0005738714197274317 0.0008785537808093971
-0.0022862709355523365 -0.0007663233411362972
-0.0001800042664793345 -0.002493465254079885
-0.0012563636088642539 0.0010280761878116247
0.002444607259815051 -0.0003592887477118503
-0.000952358655453528 0.002334367852073097
-0.0005718090258651003 0.0011339374987827649
0.00029103090863194856 -0.001182157818950129
-8.0857914305138e-05 -0.00215972110337649
0.0013347418122518968 0.0009389217913284454
-0.0012001943552376298 -0.0010718096051977558
0.001078211706641783 -0.0012548482898628273
0.0006601574159491843 0.000205023886384256
-0.00015240534215334457 -4.764419030928044e-05
0.0015013057813394325 0.000537057730895654
0.0016685223867410818 -0.0010055751513948794
0.00027857104166400685 0.0016791643222026321
-0.0023839675445797614 -0.00015895036886839377
0.000961702195692357 -0.0024672404758033814
-0.00015056269395468332 0.001424779628659889
-0.0008132932405813655 -0.0009196193442519863
0.00023560616082344646 0.00047869759504362715
0.0019390738674114351 -0.0004947209902695982
0.0009458015972536446 0.0002090591487607612
0.002582612953652367 0.0005198109482397436
0.0019757285403224994 -0.0006980051005803096
-0.0004940948965870671 0.0006949769686680383
-0.0005830114500775078 -0.0009553523993206108
-8.860862482199982e-05 -0.00029622387994988853
-0.001499984553727234 0.0009554283907314937
0.0009228889001711736 0.002102789623906445
-0.0019228773304266233 0.00014860576075897817
-0.0027404720950762887 -0.0014399534032230779
-0.0004133234075549271 0.003947043926645308
-0.0011458605441386966 0.0030720795540940798
-0.00024669903013636944 0.00026365972205293124
-0.00040453625960644294 -0.0006092268816618262
0.0021649635489426177 -5.0258211548551e-05
0.00246489467979678 -0.0008104014422211315
-0.00047881914411244215 -0.0023102290004518274
0.0009736028187072797 0.00021167751894070444
0.0005358469649061241 -0.002160704175481826
0.0004289306982036787 0.00019061855564442566
0.0007601025840066657 -0.0011627680005585172
-0.0025310608741830436 -0.0004088499702244772
6.069507388911196e-05 -0.0030571368799406744
-0.00021024840292370494 -0.0020458927767055555
0.0015671231903120794 0.00030820522728792956
0.0010707729880764087 -0.0021412747647188606
-0.002093624764487311 -0.000549937567190703
-0.0003022628774186495 -0.003966632610764616
0.003013713083187661 -0.0006412147063189017
-0.0003408531537839522 0.0007333742873045554
-0.0003854326978150552 0.0007288840134029499
0.0018037995686878174 0.0036505851847314433
-0.00033282428971162666 0.0015402033300100533
8.253523344749645e-05 -0.0015883162901189738
-0.002355418928939279 0.0008542869443235503
0.0003926098981231323 -0.001744621083646022
0.0010563406850988002 0.0005077410779474256
-7.28700667172947e-05 0.00033953824572292444
-0.001532086722103478 0.0007189635857885991
-0.00025461116179599367 -0.0001522338032585061
-0.00012121446258127933 -0.000270550734016088
0.0010074290337256536 -3.314391688464085e-05
0.0008925676157441278 0.002566241919964676
-0.0013394562634237535 -0.00037423973480592873
0.0007479967758884932 -0.002262767734437145
-0.0010558654207913306 -0.002319354566134946
0.0010703096565212792 -0.0013535158351564078
0.0022000891353785705 -0.0022521485378329026
-0.0005459538132857453 -0.00033203449195200917
-0.001695352757038961 -0.0009846337258228267
0.0024422585626963284 0.003893785936429945
9.502861300916098e-05 0.0011098173582079834
-0.0008297510911506549 -0.0004346227239539889
0.0025969837122843628 0.002415330412601794
0.0011067982136237628 0.00194505683701543
-0.0009396094822771288 -0.002087535199482949
0.0015627221506405934 -0.0028192027949372573
-0.0005798779505356767 0.0003240506211380371
0.0014216534532985753 0.0024338975746443325
-0.0011064902019312975 -0.002481672940871948
0.00022124148440605884 -0.000979844021905427
-0.0010202591350631771 0.001601226417835366
0.00019611439863955585 -0.0014570089395770126
-0.002301768932191153 0.0013923654395402128
0.0015273173217412186 0.0020294313653516113
0.0015374378419644005 0.0007945029469324065
0.0025076954783159557 -0.0008859123982344213
0.00038249505877994413 -0.0022664596123679005
0.00048615252481541807 -0.00026025990513842064
-0.00039042352189016757 0.002564705191604875
-0.00010425667396469785 0.0006167952490692692
0.0015875789132044633 0.0005793603277452088
-0.000998590626593087 -0.00023843384290191835
0.00013467084148653143 -0.0027722144692066976
