0.00013077502407831675 0.0001341026335859189
0.0001723918942901802 0.0002331741023540452
0.0032857163190472714 0.004391048413848634
-0.001455413578039188 -0.0008968320997605409
-0.0011837410458035472 0.0018781965538915938
-0.0031302417103804105 -0.0003079347904006168
0.0005635192929520625 0.00030380607251559525
0.00019301323668088977 0.0005910287132111656
0.0009887438033358233 0.0008637424234621829
0.002746609495323872 -0.0023308812366607617
-0.0036887566269776435 0.0024396863238838767
-0.003060006648157428 -0.000971400466922636
0.0003764784304233231 -0.002588786377355302
0.003821028070052248 0.0005626094266438371
-0.0004890113594587633 -0.0041858812205746955
-0.0004567266769176529 -0.0004595307655095279
-0.0005741160908034245 -5.1267610668834655e-05
-0.0026269431283802475 0.001173464509971255
-0.00023258550497313847 -0.0012974434478130502
-0.0022269708997383632 0.0019722653332625863
0.000520018874946605 -0.0017884722007043743
0.00038132539845623823 -0.000636259719947347
-0.001291065123703726 0.001711888542054135
0.0017788231679324988 0.00019672405670293473
0.0007403238507343956 0.0005078529072958995
0.001679331018041456 -0.0005587272535182671
0.0004175706539575143 8.558042598830349e-05
-0.0001281704631414847 -0.0036452368671433264
-0.0007609370110080292 -0.0017003852775860594
-0.0023896173105798367 0.002847012661583377
0.001030172111538864 -0.0031204760245243162
-0.00256671118604592 0.0003362170088018264
0.0006942631541224117 0.0004568114504551797
0.0005564954725257752 -0.0012034279953740345
-0.0003330906654936775 -0.0015804134716486174
-0.0015666380952745987 -0.0011634667743327947
-0.0009712940513587482 0.0001553495780007913
0.0006161077213291104 0.0014807211435617794
0.0006065693123998031 -0.0012691653494812986
0.004661962286950692 6.446684479723906e-05
0.0009251965098135962 -0.0019295944267769555
-0.0018673085771582806 0.0012396310396727667
-0.0011642254419494899 -0.0007126085416946411
-0.0003298648979146025 0.000947611280115293
0.00027233499074386244 -0.0024120071377479713
-0.003890463852271993 0.0020787242119490322
0.0002597698557171103 0.0011407498477852191
0.0030119042763725504 -0.0005737574804267867
0.0005745406185628033 -0.0020278765861196936
-0.00022586912006163738 -0.0014591274273140558
-0.002071647631746923 0.0008378743034284348
0.000843136617368221 0.003227747365533816
-0.004149001278176249 -0.001998111222147678
-0.0012772484892745973 -0.00102503397007452
-0.00018492339177225825 0.0014530070476025533
0.0013666623383112976 0.0016079334661386216
1.859519055240211e-05 0.0009634345450383876
0.0005172860264536016 -0.0010996655869057303
-0.00026733025616632473 -0.0011780191927991772
-0.00028672760550983793 0.0006250908940046951
-0.0005348722633750913 0.0013733975946335164
0.0012285796794269394 -4.356615406976428e-05
-8.291159846202953e-05 0.0018847932154761047
0.0002521710742090068 0.0016379864901233975
-0.001504027735666041 0.00010210069594159702
-0.0010134939511765137 -0.00013333900555045547
-0.0024808913001137405 -0.00302916355513409
0.001427400220499065 0.0025173831644109863
0.0001936480845480436 0.0005977905080106641
-0.0006972922817604539 0.0010408605622527771
-0.00011357465476712353 -0.0036488615508426894
0.00040553708123408313 -0.0016389567714035005
0.0004316692391729791 0.0009227239531905103
0.0008750256067678646 -0.00035082367350601083
0.00016491219282928249 -0.0032206354791829736
0.0007364547694451258 -0.0008924038536320521
0.0006637167355432516 -0.0006015627017379515
-0.0024036446218988904 -0.003387616704602801
0.0006124480131873876 0.001453435977041356
-0.0006112070628319864 -0.0006427663564699841
0.0034002566049602806 -9.680991841790747e-05
0.0012411927242505592 0.0011642969470794869
-0.0006044132784938116 0.00011559193714259014
9.012337038844285e-05 -0.0001988709874699438
0.0027327438718129397 0.0011609026347524848
0.0005269968000147707 0.001015129842692626
0.00024102853860730333 0.0022192266385765956
-0.0015284838967120605 -0.0019223025808135282
0.002451344417320209 0.0005424565459297607
-0.0004216974803724609 -0.0025103540976864555
0.0005921219890339354 -0.0008660257933760756
0.0007746815426040806 -0.0007789810123482171
0.000743710779254484 -0.002220670636928083
-0.0007054791892981976 0.0044111923497742326
-0.00148833321978881 -0.0030192693103828867
-0.003413187138509594 -0.0003873513079427404
-0.0001871784821722654 0.0011852408135643083
0.0014513240683922033 -0.0007788055393048776
-0.00039301126500381395 -0.0020269400109594335
-0.003062525107086308 0.0027290757484905647
0.0006321256002043373 -0.00117488471782679
0.0038418466371227585 -0.0001393028311108005
-0.0027433098712456444 -0.00048757017152705536
0.0017111514924538578 0.00021909965840243153
-0.0004031172679376253 -0.001443043941207228
0.0008644385958457228 0.0011602256538816287
0.00041687888198712757 0.00266705342633558
-0.0003042501893588625 4.182598714625848e-05
-0.0024113430163537806 -0.00010387512913585844
-0.000482562905279759 -4.954523943183577e-05
0.00038597196771897514 0.0006306246135757292
0.0012951529588325578 -0.00035974678045874546
-0.00036343964628466984 -0.0004920472535564237
0.0009127796597631012 -0.0001637021036510287
0.0015731134240953891 0.00031174413547351346
0.002757512004720742 0.00046494616109098115
0.0013311167070785784 -0.0020842284874674558
-0.002537497457209367 0.0010657144397392348
-0.0011820769816899247 -4.426050213844782e-05
-0.0013450851374400689 -0.0008738705877265479
0.0013993930759581496 0.0006504233690219904
8.378694940763408e-05 -0.0009058336434357683
-0.001722784552165075 -0.0009979384662429402
-0.002449360971301789 -0.0010756778301143316
0.0003781912105934445 -0.0012708911479239013
-0.0022958295432139466 1.567760014525325e-05
0.0015972156968166876 -0.0011353193321183696
-0.0013453244489912166 0.0002565962608604938
0.00044222057680595196 -0.0005860973993022175
0.0008080530586767282 0.000708830820144906
-0.0011074741377107595 -0.00025398703398059563
-0.0025980606635047036 -0.0002576969426730129
-0.002533399654366616 0.00037699325887813995
0.002008461054969532 0.0021130086779970504
-0.0005806912724316439 0.0001272113076221339
0.0004946312364651497 0.0007586140366430929
-0.0020125831289845154 0.0010076774645311909
-0.00010259171505658693 -0.0003869200057572606
0.0005468422065872728 -0.0015992230142532402
-0.0008216052422802677 -4.0108776866909265e-05
-0.0005664300170225461 -0.0008623273420192932
-0.00036207943021172975 -0.0005948537300395635
-0.0020007374307405633 0.0014080079716321178
0.0012029924714179842 0.00030379115231548155
0.0013224193034491074 0.00014374821773210775
-0.0007713913801699559 -0.0008171381765270606
-0.001460330374380038 0.001194667518885103
0.0021395927085323353 0.00018369620475099205
0.0002644424735957169 0.000866249434973474
-0.0004335680515132509 0.00034281327534607203
-0.0007627993038694182 0.0020268743845735532
-0.0019854659016415323 0.001339522080638688
-0.0007276790760358397 -0.0012310311221940093
-0.0010024038839387725 -0.0007859490615243638
0.00019131045416473542 -0.0007558143532003412
-0.000784338279328224 0.0007528275949119875
0.002381463947740678 0.0019388874930122387
-0.001830509763242198 0.000923930823252008
0.000986560176732167 0.001244718647839763
0.00036918690509733294 -0.0011028483483922116
-0.0006311053452752164 -0.00010931260809714798
-5.354866907622249e-05 3.163812008514677e-05
0.0003208369670339055 -0.00023283448643945985
1.0326759919103984e-05 0.0005172258650764654
-2.0213849065997446e-05 -0.0001892076423070989
0.00033394605655730545 0.0008857178480565876
-0.0003863772804378754 1.4808814362734295e-05
-0.00031864428985517896 -0.00017354738766959794
0.00012607769763898314 -0.0009430913417984332
-0.0006043011646981869 -0.0008164698433759573
-0.0012177291255946637 -0.00015009209268870204
-0.0006442991662656486 0.0013214654590880592
0.0002542010643009661 0.000881603878751835
0.0012613363399177195 -0.000978568726321688
0.0007006722919052499 -5.8052929340750825e-05
-0.0011601061371183062 -0.0008684123406449227
-0.00022171430169031785 -0.0009557155098068072
-0.000851102963205096 -0.0016647520280558986
0.0010987043134774305 -0.0019702465998195614
-0.000706922479463654 1.1492334838598601e-05
-0.0007128722828322372 -9.372345083730676e-05
-0.000213236618199635 -7.800349188767656e-06
0.0014751613473902036 1.7073801401706942e-05
-0.0001834661599592174 0.001060720671912207
0.0018808513863096162 0.00046506394262973375
0.0026892354569257723 0.0009816888433551918
-0.0006574198315810358 0.001095366445762724
-0.00016934333774097822 0.0003188609701258556
-0.001510192508394641 0.0009435870432774853
0.0004345938145887354 0.00230362992094531
-0.0008348161652219728 -0.001713149341169745
-0.0006371497614055838 0.0009284873584074667
0.0006624249892640599 0.0014715047454359625
0.002085740658985362 0.0002450167601342271
0.0006249781977722404 0.0003943753524699983
-0.00045382377050880304 -0.0003240400993544909
0.0005778550786422271 -0.00031612292957160904
0.00015310318811711436 0.0010445506998197863
2.471187047113423e-05 -0.0015402678503861635
0.0026585712379144956 0.0012484174188548624
0.0003988934801864108 0.000649337913530286
-0.0012431433508298412 -0.00026148573453929223
-0.000497841565664911 -0.0010170333950139244
0.0021507987053745376 0.0017988614882076764
0.00040229897056923505 -0.002127427576006918
0.0015530716129007031 -0.0024012445435400626
0.0018573315447274964 -0.00016959017732144332
-0.0001643370427249764 2.049513097130302e-05
0.0004558860581841508 -0.002014113220220781
0.0010276108946179806 0.0005651202459837137
-0.0011792280369043078 0.0005124393187043148
-0.0017685716017411457 0.00047617339952630666
0.00046513618816690095 0.001591158733250313
0.0015544519780404454 0.0022287115873393533
-0.0020522523129755995 -0.0013536494949697477
0.0015519220069041399 0.00012626941273751583
0.00041181136851231907 -0.0020414998151716073
0.00042385595190516407 0.00035429852799154297
-2.0835532212624103e-05 -0.0014525045862715576
0.00029044449221451605 0.0010987530085382266
0.0016786131581368385 0.0003753908981170517
1.6836350930407793e-05 -0.0007067132990259767
-0.0019784320540433176 0.0008272759108612969
2.180820931214983e-05 0.0009957330298826868
0.0005055276748560853 -0.0005741428592314598
0.0007041370664245797 0.0018727694553625123
0.0035871216331710884 -0.00040541170221341925
5.4742702493383463e-05 0.00179788267155448
0.002390186907576795 -0.0006608239629803664
-0.0006916272664862235 0.0008074000258089484
0.002095762589916396 5.802172718223049e-05
-0.0007273043612380071 -8.006334712351973e-05
-0.0006784925383251356 -0.00011117389184380536
-0.0012372589409920004 0.0009827828983293803
-0.0024528555004028627 -0.0015220869906970077
-0.00036944321295055834 0.0020651136422908927
0.002516915592929141 -0.0009503913177937022
-0.001651107200018599 -0.0011578265058937943
0.000461478271731107 -0.001615402925153154
-3.280666640259429e-05 0.0016081117975309776
0.0006210508672859585 -0.00020479918470318157
-0.002322922460992624 -0.0014470585206553873
-0.0010030914157087994 -0.000649118941718147
0.0017718583393975086 0.0010160853396664821
0.0013497412628809804 -0.001020220480740366
0.0008180728626666427 0.0005816983802149537
-0.002772451462417435 0.0009470748915506027
0.00019917292252561564 0.002041536659396718
-0.0007324296396719361 -0.0007584949658849703
0.00042515402369753294 -0.0015185784459877574
0.0020052315790251678 -0.0006028003737234981
-0.0012683472279547336 0.0012245955638321973
0.0005112968063789824 0.0025176715661686918
-0.0016228936403066292 -0.0004731535419856486
0.002310757867126873 0.0008757846160609022
0.0002675157307350589 0.001495582998999724
0.0007126248273326903 0.0012089711029910446
-0.001192427050000055 0.0001610986784236455
0.0006764371169249775 -0.0005972107252021473
0.0004196525471333243 0.002624372221768658
-0.002894276087715192 -0.0015038078908116632
-0.00018663546183921506 0.0002345015759641026
-0.0005548123407290871 -0.0008292843681529156
0.00046334439903514106 -0.0009283549199319316
0.0019993525389027634 7.021781697397845e-05
0.0019287659577201888 0.002340683892257888
0.002848671360525325 0.001161064454627056
-0.0015281995559225357 -0.0003608554897250722
-0.001574960819204897 -0.0009033351686544321
0.00010813627857690823 -0.0019476996510610538
0.0005938881382334651 -0.002515987765470613
0.00039657682989638804 0.0006980438612035193
0.0018312406788191181 -0.0010076892917123893
0.0007781242802793469 0.001058533237202427
-0.0012889038677550162 -0.001653671497823528
0.0020170580416896022 -0.00022946784287805464
0.002133289105958718 -0.0017209301985406079
0.002226341067850181 0.00022836519846147004
-0.0010111674401433476 -0.0004930411033072186
-0.0011289413447613062 0.0009950462975881064
0.00010250156477692624 0.002694161169393308
-0.0023628064425648128 -0.001251389263765913
0.0011674577527753425 -0.0004995803405781097
0.0006699745570578857 0.0007993632595442437
0.0006020859796533231 -0.0005481614227696635
-6.217560578782529e-05 -0.001255031077688748
-0.0019463843751427136 -0.0005661431722085813
0.0005733456655790652 0.0012245095923065577
-0.00221890783970453 0.00029691916030434465
-0.002531223838898252 0.0005916580831506619
-0.0005166728905607997 -0.00031859393640821306
0.0009425170686962594 0.002523289704557317
-0.0019684559789396507 -0.0008389863556679096
-0.00012197006860869444 -0.00024339074580392622
0.002253739574865465 -0.0011175744885296753
0.0011883499065658421 0.0011987356858883607
-0.0032870732824533074 -0.00031262550879975425
-0.0024310653238557188 -0.0010380884025782255
0.0019229194094778001 0.0019362146306399599
-0.0012254847318210007 0.0007892921771668287
0.0014211991327233585 0.0009076215155747361
0.001368670627594127 -0.0017817152725243955
-0.0007468659244193762 0.000463356266456688
