0.00010453444649320078 8.840484415024942e-05
0.0003293567124742397 0.0001819568433943287
0.002931537760421714 0.0029965999133852884
-0.002590221462306104 0.0007509663532676238
0.000770064114579602 -0.0027918053449648584
-0.0013837324208931148 0.0011845526804764345
0.0013853068943149066 -0.0013826890887502178
-0.0013008645821225057 0.0005799508358348338
-0.0016369053743684155 0.0003017299901094304
-0.0009801810961741636 -3.283021028651539e-05
-0.002637573264862516 0.0032480539470678975
-0.00029720491777877813 -0.000119253955368544
-0.0005157157187860924 -0.0016191949413431822
-0.001083536193040267 0.0011197242010807186
0.0030411527180465225 0.003900763507440403
-0.0008062072573720282 0.000682231348410806
-0.000935828579156489 0.0008452540576895766
-0.001455268567647219 0.00014764487791354492
0.00023838503542817925 0.00027347664044665056
-9.162429699101239e-05 0.00021674773013211069
-0.0004896189633849038 -0.00039078245063121973
0.0017572505646584204 -0.0004706325121632373
-0.0003009026366854952 -0.003951861277937697
-0.00109916307571171 -0.0005955000106849354
0.0014542149610248932 -0.001340721811562002
-0.0005882042051910002 0.0005317038140651489
-0.0008102517138185165 -0.00012985780611868094
-0.0015207386504799427 -0.004100546548977788
-0.0005480653446969689 -0.00022606463582836153
-0.0013615976248397522 -1.1374184997874946e-05
-0.0004433202842025073 -0.0018762183869835641
0.0009019250286911972 0.0005115131396294049
0.0007061973255800128 -0.0005550805824891913
0.0015424324158548719 0.0037111295207287614
0.0015428144290715714 0.0003830474882233877
-0.0003008916711637829 -0.0023350076517472777
0.0006179884286680792 -0.0014069750632157631
0.0015350255800650292 -0.002516697337545906
-0.0004162446859356914 0.0013372136397244603
-0.00027245101896106823 -0.000995351255581414
-0.0012656532864629695 0.003686581185369661
-0.00013582802876394354 0.0015383381296239327
-0.002281106408651611 -0.00084390287868112
0.001937706567816477 -0.0001010242578672167
0.0003691816892589448 0.00144386866680682
-0.0005397286358962889 -0.0002875342179821023
0.0004985106579838103 0.004602032682421448
0.0013229175843328484 0.0020028154694757324
-0.0018899956845971468 -0.001036563570483605
-0.0003820012247397157 -0.0021785858960780874
0.00124062633431641 -0.0022832884890874065
-0.0018980996504895276 -0.0010314505741670786
0.001449573318322965 -0.00042905678755232075
7.111613256752129e-05 0.001081449993335057
-0.0012734493605962992 -0.0004494752267937452
-0.001367669577311206 0.00019283605748789278
0.0011681372055329694 0.0010481775594201885
3.641070371255413e-05 0.0015695783008395673
-0.0008053514025645613 0.0005781432025275702
0.0019941377591280707 0.0014809339920181697
0.0009265043306565489 0.0015084605372943218
0.0030774405634831034 -3.350751119052709e-05
0.00023674058855785874 0.0008209838707304566
-0.0003686683302759156 -0.0006427844972127616
0.0009192358229692849 -0.000881346033838138
0.00045171994113640937 -0.0028009960574268207
0.0009317870856827695 -0.0016488038348232387
-0.0014489229685065654 0.0028612582648259006
0.003107794539923659 -0.00016754244016399747
0.00372392692917823 0.003739743072392943
0.00022356302078543048 -0.0013960775715008914
2.253470454773993e-06 -0.002052760856438409
-0.0006058893051699087 0.001085399972992883
-0.0002092861199274349 -0.000645645189738076
-0.003105925069269163 -0.002028228499396286
0.0012591580909611265 0.00045166615867029
0.0007071360026905887 0.0015078795372628507
0.0017854987559663118 0.0023699519000033227
0.001927162423151352 -0.0009734933464963852
-0.0005186321362010658 0.0029461273744889804
0.0001359230779909763 -0.0013244227716790345
-0.0003727906974370186 0.0003774885828814353
0.0017063406614661737 0.00011963319969608866
8.02648435225457e-05 0.0009382362003773199
0.0013489004611641198 0.0014455107205909403
-0.00011445777151123544 0.0023988942949281543
-0.002111589630534338 -1.3402416023026678e-05
0.002735315849186225 -0.0007416959397329475
-0.001116829125901779 0.002021339735013224
-0.0025372963050223334 0.0017893305884920684
0.00055294735728776 -0.00021344544079143914
0.0011272585416898682 0.001778156646070844
-0.0014298064565499027 0.0005358986032454617
-0.0020126670813804706 -0.0012236387269705454
-0.0005181722288036836 -0.0028887016708370617
-0.0016291942360211926 -0.0006133758854747048
-0.0017583622661081924 0.001414239410600083
-0.0015321489793203576 0.000682615487050307
0.002889319002735334 -0.0034069775657717977
0.003471564188908098 0.00021527794371042818
-0.0024978854042514336 0.0002543973195950703
-0.0027375211754607507 0.0011143071332516809
-0.0047036295572065534 0.0002018460337609023
-5.521138745223716e-06 0.0006033075339771289
-0.00011366473018457185 -0.0006782576277119636
0.0006058267435796477 -0.000700682935757858
-0.0005422291012691497 -0.0017978826847581755
-0.00045367041784485527 9.269671273297024e-05
0.0008499201181656874 0.0028616276121298354
0.0015336711946074982 -0.0008060274521576285
0.0025671962195408723 3.8171113551595275e-05
0.00038050486990632654 -0.0008976943755407029
0.00038096394052455207 -0.0007080058796842567
-0.00046270589934947374 -0.0028171306396673475
-0.0011848273843347412 0.0004868687180998904
-0.0001051481784405266 -6.953705153162026e-05
0.0005208923024172681 0.0008631337688070225
0.0015641442015774092 -0.0011691176077759146
0.00042425348598383453 -0.0006323270980946607
-0.0007726209475307585 -0.000934774213791289
0.0002529568471915246 0.00027709563371657644
1.5299343131377045e-05 -0.0012503873134335323
0.00014124919093368615 -0.0004415596054336029
0.0013404044607374325 0.00011843590249253893
-0.00021037561617871992 -0.002041962402475465
-0.0011656040640063204 0.0007060163743240146
-0.001035467974573795 -0.0007549995524936203
-0.0003537474375985609 0.0007285602634880909
0.0009351402375456637 -0.0002906766647733602
0.0006941340234966219 -0.0011178054220499195
0.001052868666754521 -0.004289477283749948
-0.0010672645689586038 -0.00035740035678118333
-0.0019726188079847396 0.0017663993232477388
-0.00028594509616884607 -0.0005025859389880897
0.0015956457805539075 -0.0005197771726191646
0.00039394485820746274 -0.000949841459700872
0.0004279418972305462 0.0015807056803781307
0.0003805009150712121 -0.001964721142104189
-0.0009934991785477756 -0.0003166699949679181
-0.0010086124816898077 -0.0021631964621421605
-0.0008575768409398827 -0.0017355632724073533
0.0006433511756676596 -1.582463783842136e-05
0.0005955349519717941 -0.0003123453164350079
0.0015284257421425457 0.002403849911526303
-0.00013203723938077513 -0.00038924646698364895
-0.0008191452754201077 -0.0002702316181550847
0.0002954395963885197 0.001235779439046675
0.0017184483659504843 0.002104818232985092
0.0008764003363285507 0.0017526207071935844
0.0011059936115932637 0.00038421823711537315
-0.00046172966489684903 0.0014790917451890121
0.00019333452074046792 -0.0009713192807860379
-0.002391554434287819 -0.0027785925158929155
0.00029182390926764043 -0.0012239706240135097
-0.002376696046562386 -0.00014381122727156605
0.0003385870060572059 -0.00029631410686348
7.089101887991148e-05 0.0015993511563620441
0.00020570945633654501 0.0006299764695030073
0.0021179428889281605 0.0005318598955343916
0.00051816536004327 7.121791254336819e-05
0.00036681461054458324 -0.0009400022066955369
-0.0014369981724908104 0.0010518230486555582
-0.00026752810951364566 0.00012327562621377222
0.0010106659030973025 0.000130372864368219
-0.0016673203933235555 -0.0006827632156200241
-0.0005295685988003015 0.001108115135964942
0.0004032247654403315 0.0008472747216499279
-0.0006766850384924334 -0.002347088663602294
0.001842847162366948 -0.00040137983839356675
0.0007095894396185476 0.0003877807468115582
0.00043959765772344804 -0.0001605634324276172
-0.001976495822618047 -0.0021167133581891317
-0.0006110125073532327 0.0008458425154799763
-0.00031083877626421574 0.002344497279443354
-0.0006692503734174308 0.0028348910958932642
0.0003509048301019579 -0.002911845222771587
0.0005479570701079162 -0.0019087968875245687
-0.0011851898585967108 0.001337423814840975
0.0009270797274493982 -0.000764748054016314
-0.001264803653488819 0.0006165266157893115
-2.0269893639982277e-05 0.0021133119114625366
0.00031939539832913626 -0.00047091723151094654
5.8962286691634234e-05 -0.002129993823906634
0.0004962848467795108 0.0010239735048077326
-0.0010956386053617123 0.0008554129973620967
-0.0004959220214809306 -0.0020110975319231677
0.00027025811783229346 -0.00071163251477988
-0.0004330245309016583 0.0017669209789522213
-0.0005249413783359017 0.0003763496057290204
0.00019200068584514143 0.0003550706790088717
-0.0007035536108610751 -0.0008299020291133759
0.0014832004652054881 -0.0007281531038088289
-0.0015510268092735566 -0.00041462878157842503
-0.0003651839704588956 9.621964279793244e-05
-0.0003056923103168161 0.0023746746873526984
-0.0007352344442566604 0.00034554707901490815
-0.0001586745560441878 3.920810635911105e-05
-0.0012164724748669636 -0.000450927316914862
0.0008827748268238251 0.0024805817898620602
0.002020880757876744 0.0006789553499242174
0.001069274445939418 -0.0004326023204156199
0.0008573355513304561 0.0009130900113819363
0.0017641530547608765 -0.0009667821115592145
-0.00010764792965467549 0.0024106929995278263
0.0005874370394597656 0.0006572853816041843
-0.00026884803673213743 0.0014841550229386595
0.00047533760463939714 0.0001754592934056269
-0.0002644211315441796 -0.0005104178925615778
0.0010718096626316216 -0.0015586432258107462
-0.002373573141158604 0.000933055235331846
-0.0007666276309994624 -0.0022371444893715094
0.0008835479120784041 -0.00014876294656830728
-0.0008091031849908499 -0.0008449209119353901
0.00013345908321145218 0.0005146626991115759
-0.0020366990333228114 0.0016144737205092674
0.00017104815097136 -0.00023314666487880164
0.0003803182594395844 -0.003127177579948678
-0.0012763193213488945 -0.0007219814548021198
-0.0007147577727198034 -0.0029666128241303507
-7.499729550945241e-05 -0.0018224425217180256
0.0010988797438293138 -0.0002917562553194257
0.0010738670868387897 -0.0015108423213688778
0.0012127231593982647 -0.00036897704993246977
0.0006655177204744613 -0.00200143872585253
-0.0007115169797928468 0.00037401346814976654
0.0020896271407957845 -0.0008386633640342479
-3.162884736329696e-06 -0.00034645698375943994
-2.6393766881162373e-05 -0.0003460506966619812
-0.001021261739814001 0.0007231403040353435
-0.000809791978130802 0.0005879490190580837
-0.00044158631121584134 -0.0008819324329618443
-0.00017542075998077912 -0.0009424766217532677
-0.001294994732004893 0.00043448283730322543
0.0013986560203739424 0.0004965229567528474
0.00029629474332793795 -0.003978157927952057
0.0004741077711634784 0.00024725448332843785
0.00117758176055162 -0.0012166309242332269
0.0007043392191718146 0.0008622135973132703
-0.0010673657440843694 5.688218615903064e-05
-0.002714119156077401 -0.0008596604181742342
-0.00022800030607848868 0.002073611389366798
0.0005757998298992461 -9.097046900157649e-05
0.0011317023272207805 -0.0013610927339362104
0.000355852481149166 -0.0015901427080163364
-0.00024169812695291258 -0.0014155875899519146
0.0012498611344835906 -0.0015473341346674164
0.0011640930643173945 -0.0021074008087949635
-0.0006033596213041778 -0.0021231863151568615
0.0015505696526213993 -0.0016862343162040957
0.0011912667282809914 -0.0009010152787855976
0.0018323736889855266 0.0020883395218780506
-0.0014553635576207882 -0.0017071502753604959
0.000848646155959322 0.0011790529148687856
0.0017676252908507238 -0.0012026391782823834
-0.0020419672379398887 -0.002620906257562668
0.0016607571846054313 0.001713988772174394
0.0017484206039165863 -0.00011478221635397438
0.0007403571530232513 0.003456728196968543
-0.0016235856532127082 0.0012550710879043751
0.0016230043007156541 -0.0002235369593471776
0.0005642172581856434 0.0015932268727336409
0.0018184842852250593 -0.0012132856573911415
-0.0015546479350723227 0.002375046662244666
-0.0008423148931005837 0.0002906954948673236
0.0014868748618367567 0.0015323549459358105
0.0030070161878560757 -0.0004171120034507211
-0.0003211994324479621 -0.0013692011173578218
-0.002099457739902771 -0.0010123066740860183
0.0025449983216705154 0.002432122531965442
-0.00233020750083398 -0.0002718278173955179
0.0013804795146957352 -0.0010687142141847798
0.0001084351416426818 0.0005558011345751416
0.0016688706309016235 -0.0009666436935620272
-0.0001869899710770722 0.00028303337661731635
0.0012058794087966777 0.0036619160457990233
-0.0007503692345396883 -0.0005405099792055163
-0.0012415407866081078 -0.003574392578152486
-0.001233708298145721 -0.0009691499699821611
-0.0004914363984683181 -0.003604799960071937
0.0016666720808027932 0.0019915557165070797
-0.0018856032603729912 -0.0006165195883141076
0.00012198985896033292 -0.0022895078063272525
0.002351215573011885 0.00010575744140153026
0.0005187192412228758 3.0098543921342325e-05
2.5637475140855082e-05 -0.0019201203604885227
-0.0019931861202054785 0.0006584806336092347
0.0020116252358807723 0.0008534676403928905
-0.00045926873695293166 -0.0003745696951745144
0.00012683719652215852 -0.0015154031537163734
-0.0012847353574186207 0.0004456609257863208
0.002500659716774235 0.0013137970389691007
0.0008303578378521016 -0.0014732560177213516
0.001413735224961663 0.0013752855559096377
-0.0007451047062161038 0.001484517710918862
0.0007238603389630854 -0.0002468842239929447
0.00015840564429691614 0.0008161023213074824
-0.001003340353843924 -0.0012759191502101277
-0.0010151189251610393 -0.0030712771665471184
-0.00043513276967247416 0.000397527761472054
-0.0032443931134709778 0.0005550642461551665
0.0001673496432364841 0.0026183978403233996
0.0002450659226520115 0.0015017332574041703
-0.0036840788346528615 1.5258235581390569e-05
