0.00021126719878956273 0.00017826259704221484
0.0002584698513417518 0.0001714106736657787
0.00295444532210627 0.003887930949037499
-0.0018546414933410151 -0.0021352006460834574
0.0013213517485426152 0.0009215273279135774
0.0013724632777420472 -0.0006646411896471174
0.0013802616161887181 -0.001793200512408856
-0.0013608702301454504 -0.00222983161106544
0.0020023941920878177 0.00044325373193393545
-0.0008417247159315251 -0.0026301868712717462
-0.0008347562275331479 -0.0030391995275516654
-0.0011524722505759915 0.0006386900175628142
-0.0020927147881516085 -0.0014052273971676124
0.00101828038436387 0.0001796100903902861
-0.0017750446219768814 -0.002699800159090932
0.00023791639466987004 0.0015850709387630496
0.0012055722858098602 -0.00047518559867717206
-0.0012077614542434483 -0.0036070696722092176
0.0026618433171955672 -0.0010691313242848519
0.0004793751302163642 0.001921094157177385
0.00012355093579558097 0.001300801853218261
-0.0010420651260646238 -0.002567986920873786
-0.0006215112370451739 0.00011698609563599933
0.0016749031468976075 0.0006203893254647075
-0.00023700025439434252 -0.0028379593736695013
0.0029407344074155375 0.0035070903540682487
0.00014552218634467497 -0.00043184198131388847
0.002006873693410429 0.0015826866109575305
-0.0013886234966288629 -0.0016536496259352072
-0.0002239125551913674 -9.756884712058837e-05
-0.0013746213797756024 0.0013356792800999417
0.0011451439113134088 -0.0013812887558654033
-0.0010228260957655386 0.0010552486029119302
-0.0005514419591335704 -0.0006456494625483797
0.0005253415453731082 0.0025191439880778094
-0.001322014880722176 0.00020921063501897814
0.0009162252178164356 -0.0018847073047332911
0.003625163998843879 -0.0013842546811670751
-0.0007950121994544095 -0.0008303620886107062
0.0006793166191338502 0.0026731870535705526
0.0015144280609808082 -0.001160422176963327
-0.00013262376875599152 0.0010614801435601395
0.0002519849850222902 0.00024302056354880055
0.0008075632675256065 0.001945841391520291
0.0007905379734977049 0.0020514231260077074
0.004034551825163192 0.0012416567399722745
0.0005196897845110484 0.0001722302069465044
0.000254110278228994 -0.0015540226041508701
0.001469142542261084 -0.0034649725124617776
-0.00041452226795438455 -0.0006443965764196167
-0.0008804650023567506 -0.002470688695661313
0.0017985574175051115 0.0004383845756839922
8.743231508501628e-05 -0.0011336058491224121
0.0009586193718761282 -0.00032928875211773307
0.0030476090783932304 -0.0011816440315935632
-0.0004227232017304724 -0.0010169978857965149
-0.0012093278776146904 -0.0014256738118209728
-6.9879460332377e-05 -0.0013661159612553984
-0.0009855819590853406 0.00010119479623960797
0.001286331826421898 0.0027506905745191767
-0.0009776160268081535 -0.0009906440567549785
0.0005057437036536755 -0.001138554179523694
0.0011791221370658466 0.0015611301292627034
0.0017558817443482453 -0.001588187471726029
-0.0018101499705240709 -0.0028254242359304228
-0.0006094112008677277 -0.0005317659015186511
0.0008497744687909778 -0.0009066914850019845
0.0006329887197633806 0.000187848613435598
-5.978577946975787e-05 -0.0007234830273886713
4.670389393593625e-05 0.002363540363906157
0.0006056242415271873 0.0014663372202628915
0.00046955129508905027 0.0006771521386516512
-0.000800141263166343 -0.002277895672166956
-0.0006958615303433718 -0.0005880520505418117
0.0007365551079639176 0.0002381194089874944
-0.00012239380023724763 0.0008375194869493951
0.00021208816246496594 -0.0015878479045254579
4.3055779585273994e-05 -1.1592999474514164e-05
0.0017911844060069708 0.00011609488942602463
0.002648620648106091 -0.0002210537045293822
-0.0015843556789288573 -0.0025304718343816144
0.002332312257163048 0.00012748090825292498
0.0010418704308275241 0.0026384138473857397
-0.0019704494221169824 0.002898890432746849
-0.0019334148380799694 -0.00025773208646173625
-0.0026451340289745297 0.00384500632712104
0.0011878355591411062 0.0011828303225901455
0.0012025457262753731 -0.002008359943470443
-0.00021265379441929132 0.00013224352619084433
-4.911315893802391e-05 0.0018271414318068314
0.0004551764133239591 0.001166343701693618
-0.0004592868279923788 -0.0002920290405337263
-0.0008152017912646217 3.097786890749393e-07
-0.001659211064979264 0.0018237183387850226
0.0034781048093491555 0.002214824281955395
-0.0005211437436134154 0.0010839523412541278
0.003659368026003237 -0.0012098359992631156
0.0008807081388932707 -0.0007099871486469496
0.002531046086395713 0.0002638106060627401
-0.0010842757469695543 -0.0020761521362886804
0.0014339144280267014 -0.002685209521678057
-0.00017037021596900216 -0.001148588143592772
-0.0013890762718509096 0.0011321805837185856
-0.0010391623340814424 -0.0011166378168005538
-0.001331004562514926 -0.00039345160708627276
-0.0012333742169440074 0.0017739696557222706
0.0005883036699665434 0.002236335910879638
-1.661445208901663e-05 -0.001504389805475519
0.0014356509438022325 0.0009320201633540543
-0.00159362308753517 0.00017945878071987212
9.90898628153811e-06 -0.00025048504595251984
-0.0009611452279810322 0.0013160480437270424
-0.00036162369351398977 -0.0002877018271492653
-0.0012935057360028064 -0.0005820586799137131
0.0015232067788197876 0.0024664183506677858
0.00089648041169338 -0.0005609481603440309
0.001252969892512388 0.002335352173728635
-1.837276714858969e-05 0.0006187057858871276
-0.0011765054702854612 -0.00018195110240955706
-0.0016248916504819416 0.00030967991850373335
0.0014768831931407293 -0.001898934062073571
0.0018125578280032363 -0.0002557928276627348
0.0007013556257138017 -0.0013515793118450891
-0.0006926615695160919 -0.0005238666888837763
-0.00032069683572559916 4.427403192465179e-05
-0.0006124277014916297 0.000612530904037853
0.0008602133508714239 0.0018762138369946835
-0.00035576976075009424 0.0014085760079773982
0.00032934552690047685 0.00027793278721106136
-0.0018939777991892213 -0.002284742894862301
-0.0018344222780486412 0.00020135125972707568
-0.0013990854221944348 -1.5598457425878678e-06
0.00019434692815045263 0.0008165486936645777
0.001011983096759056 0.0008857371095320009
-0.0002915468716046596 -0.0004236213949282
-0.0013020959851663789 1.3173078644984777e-05
0.0018929971251659824 -0.0011865843339189752
0.00099660086171904 -0.0006902048702807838
-0.0016420935293273138 0.00020934528081795317
-0.0013988829226202894 0.00116339727001579
0.0012334122486544182 0.0002590905156827746
-0.0010516912303200048 0.0013112186657141347
0.0006124086521820325 0.0005494223643004548
-0.0012890512387098033 -0.0003425833486763382
0.00010350738979388029 -0.0013475415061457525
0.0010480012270513348 0.0005798626399581342
-0.0004068745553155411 0.0011580630159637405
-0.0005813315641082484 -0.0006872714574299778
0.0009488035542359609 -0.0006152723241004195
-0.00010388406212855795 -0.0020222175889677446
-0.0019114292573953649 0.0014327275803248988
-0.00026496986322643683 0.002038146194961235
-0.0009357098819686985 0.0004475642539070022
0.0006872795334277331 -0.0005724452159375506
-0.0004383502423410759 0.0012682585961654989
-3.0638619228757856e-05 -0.0005100842241399947
0.0006041444082659323 -0.0014260691472913155
0.0004184460533976093 -0.0008190301995384363
0.0007280598623415231 0.0002664832313277
-0.00011627094544034817 0.0002692271713386812
0.0004889184626814755 0.0003986552114633036
-9.325674815022933e-05 0.001245583654115271
0.0023813582235027333 0.0010981016663692469
-0.0003833234827339149 -0.001851392492134066
-0.0004731332255893738 -0.0011594554274650297
0.0007803608932898308 0.0008490665393196436
0.0003379073758685785 0.002356040328406633
-0.000914189461306422 -0.00020092248627349282
-0.00018582488565885665 0.0009015221124174783
0.0013971800117804304 0.00017984230899470262
-0.0003223653575506098 -0.0005502318913922786
0.0017963712145002985 0.00040678812327207456
0.0014763004756274615 -0.001977010657862899
-0.0015129378170206408 -0.0019241067667046866
-0.0004483231889253748 0.000560216242176932
-0.0002870297786044715 -0.001088071849080888
-0.001248294025779715 -0.00190560804622832
-0.0004628525391248188 0.0007463274542992608
0.0027054449632433818 0.00014423189676206167
-0.001126650798684252 -0.0013821509894098509
-0.0007668409581622051 0.000722690970141069
0.0018799232783387994 0.0013763633862446797
-0.0022213771826471384 0.0019404821413098164
0.0020665540744363034 0.00022817023332870069
-0.0010527820836871461 0.001645295138300626
-0.0016748055987913686 0.001228713840279399
0.00017094997365898603 0.00036619233303712174
-0.000166239247763213 0.0008880916992478854
-1.3225456004307276e-05 -0.00011699826049130118
-0.001088807730571048 0.0002312331123731621
-0.001299923978968096 -0.0016431877601212697
-0.0008829707423863598 0.0017065287600006903
-0.0007044583237019365 0.001971732596146265
0.0013952179210571388 -0.001704934927111549
-0.00010188003652779044 0.0006204385010561219
-0.0027365209201617243 0.001349369074985939
-0.000946579702164158 -0.00028520818441017383
0.0006865163751305712 -0.0018798403631695461
-0.0007977683849068327 -0.0014334160026058173
0.0015037705743922802 -0.0013288153035394042
-0.0007949997232362823 0.0008297521693270383
0.0011641799283160447 0.0004020887921835918
0.0014545946110562328 -0.00038674330295267526
0.0015189746707858962 0.003494357310809517
-0.0006407006144250434 0.0023497873307495535
-0.0008528068061618091 -0.00023525691574594615
-0.0006307321371595804 0.0009339467907604342
-0.0027472257174689244 0.0027156392203881072
-0.0015056225497626923 -0.0008369066653487314
-0.0015657662407568206 -0.0005052552988242922
-0.000931787673405168 0.0021028070257574265
-0.0012625345709892846 0.0009456247235899974
-0.0008628857903781224 0.0025264434906474755
0.0002727700460524342 0.002411628032339949
0.0020861421640435175 0.0003946911512990074
-0.0005827719231902832 -0.0007812899303141199
-0.0002582847550574982 5.406069140711262e-05
-0.0006683882233530867 -0.0005230048618273616
-0.0011838143757894883 -0.0020332291837437226
0.00031675109191283313 0.0004259846762480354
0.001239558044173552 -0.0015286698103494443
-0.0005803120477748114 -0.00028844541175339567
0.0012103833748325972 -0.0010309649772063058
0.000992497488390403 0.00017433005089370211
-0.0016745938144476994 0.003021647969214242
-0.0017465170143456086 0.0010379129020503858
0.0018647719410773498 0.0004448554237173464
-0.0034066014812644567 0.0010067848054490245
0.0017800217248572661 -0.0026327346509796
0.0009791355814039874 -0.000637734528886397
0.0022973331277900935 -0.0015262966206076578
-0.0030699274489165 0.000871949454996517
-0.0019696126260917604 0.0026215332481188108
-0.003518467734987143 0.0005278290575421002
-0.0028504463156365004 -0.002562939088827476
0.0010961658147930532 0.0012574264660846764
0.0003010038725273564 -0.0011126687162142785
-0.0012422804271235077 -0.0017544361223064656
0.0025191988587094675 -0.0008136432239740655
-0.0011182951273491096 -4.991069774494438e-05
-0.002131182102133766 0.0009273671734425725
0.000719547930812368 0.0005961434169486359
-0.0006046768275906998 0.0010746599945712688
-0.00015968580515623944 -0.001990563059285973
0.0014108481240405308 0.0034456067523018457
0.0018878418488560288 0.00024177239911493757
-0.0008384315589983172 0.001575733266230207
-0.0028505279151840057 -0.0001845790360883091
-0.001478298200744302 -0.00222854234991816
0.0007290144030304663 -0.0019842755943241517
0.0006721839557406594 -0.00048804211407605156
0.0006094349419562474 0.0008361929672228508
-0.000752820151431572 0.0007947641714013459
0.0011179623585350193 0.0004178101498421317
-0.001740976338174674 0.0010156815528207569
0.0003681266848366923 -0.00034615100380758364
0.0016282951921702698 0.001697719201372226
-0.0012524733413798205 -0.0014663877887930387
-0.0032272976174259464 0.0012346642117635747
-0.00023690521986460475 -0.001353371686408089
-0.001868349678238977 -5.625332248545188e-05
0.0016076757509867216 -0.0004161043197025517
0.0006339259658888901 -0.00018271143736539377
-0.0023968186147816147 0.0024120786883811514
0.0020123256361644303 0.0019129635548720404
0.0008071212005586782 0.0003411950314470763
-0.0005362597617720655 -0.0003159185695080554
0.0010197907905751308 -0.0001392796200546068
0.0011064404513299927 -0.0009215332740607317
0.0012180320399068447 -0.002395182800699421
-0.0007626667093907952 -0.0012940090915006313
0.00172175821375684 0.0009165436961782272
5.67345099335219e-05 0.0013537291654687246
0.0017763396690896767 0.00043740775742386425
0.0014910150059385529 -0.0016418602774699218
-0.002436830436511803 -0.0002557488887839422
-0.0009330314773187616 0.0005130390521168275
-0.000879290327512807 0.0013553985931823557
-0.000835299598662452 -0.0005857295618237462
-0.0006057612022235575 0.0007569885897297536
0.0009096173700486361 0.0018860976324902939
-0.001202989720307519 0.001418269400527362
-0.0010314943188409163 0.0008920712035202933
-0.00020449400095518975 2.472587826507764e-05
0.0012893360174668143 0.0006158351316509099
0.00163750847588623 0.0009666153471117296
-0.0009617331987960059 0.0003381766261496009
-0.0010177358352945122 0.0013808558249102075
0.0016877125074489159 0.000425066758945898
-0.0013009395585250284 -0.0001757330000229757
0.0004926463435412491 -0.0001129848379186577
-0.0008591636584323816 -0.001598928693704067
0.001804703709851537 0.0014670438229451158
-0.0002759980079400271 0.00011246210676073408
-0.00027494779048491694 0.003379986059979416
-0.0001256872103484227 0.00037102514573200066
-0.0019663163734013707 -0.00300521198010992
-0.002512288456650459 0.0009115065077492917
-0.0003761142774860277 0.0012942504703652494
-6.549865525246208e-06 -0.0015652242053732855
-0.0008503715672173 0.0010582736097372915
3.339376409661518e-05 -0.0007298198747402621
-0.0020640067452186097 0.0009239245061248982
