0.00019062959742585696 0.0002283398132448227
0.00035209377960375757 0.0002785858105744593
0.0025878264576671903 0.003670690323152999
0.001697675540391167 0.0007947645279855407
-0.0004251517494229512 -0.0027493160335286954
-0.0009233603158207207 0.0005055259973953545
-0.003512457337484555 0.0005735262855990328
-0.0010548421363778073 9.15998451750933e-05
0.0011225015940757679 0.0023598672605287243
-0.0009132289324719478 0.00041396060826551576
-0.00019045934275709547 0.002744262565940712
0.00019060073276307477 0.0014478638032455803
0.00015264842621166196 -0.0017057439695735716
-6.874761797863533e-05 -0.0016701719483172214
0.0002558948249638355 -0.00031768424685685965
-0.0021236028240681952 0.0028835573677402884
-0.0014736386774077614 0.001586395620802695
-0.0004219798448372336 0.0006000526689377996
0.0014861233610637505 -0.001248993161225666
0.0006590419635034865 0.001135959891170058
-0.0009010119724501292 0.00013502465996068178
0.002493917870600396 0.00019321957245254693
0.000768237057822436 -0.0020979358564430835
0.00052213098906079 0.001370364966946765
0.004330673619469207 -0.004363851689638354
-0.0004574939829648108 -0.000982229141726414
0.005189102388082784 -0.0009050338095169738
0.002077154397248769 -0.0016430112896522677
-0.0029568500867099444 0.0008464383465326458
-0.0003530274070137567 0.001081502801011782
-8.867756532892337e-06 -0.0021812369357337214
-0.0038259755125048347 -0.001720102142586479
-9.760947294163211e-05 0.0020663931561787554
0.0003091866930387348 -0.00030137203639758736
-0.002794332869615997 -0.0020931217704415737
0.0010349733766067326 0.0028358820934858723
0.0006362048614981998 -0.0007611164020819694
0.000720582019121324 -0.000255221839427607
0.0006283588291865974 -0.0005527821823431015
-0.000618578427453791 0.0003833685584135392
0.0013530539835842268 0.0034822650029960127
-0.00047667844169717945 0.0011433971266189753
-0.002944125439055776 -0.001353285535441564
0.00023002247429206192 -0.00306897171258187
0.0003805272128607575 0.0003958231004882163
-0.002160446968224739 -0.0010289313076290408
-0.00014298107550049106 -0.0004645764521647191
-0.0014297146667689765 0.003268945473391271
-0.0029203709015904614 0.0013491962973320195
0.0004497022545686767 0.0007391436163766657
-0.0027625169359861918 0.0003999569405359376
0.0008387327645174096 -0.0013447452217690437
-7.561291096567032e-05 -0.0020551443441562487
0.0005361691550109246 0.002623466997178066
0.0010890233312451103 -0.0008217616442174778
0.00047763743091054444 -0.00031997046845582604
0.0014474192766387908 0.0013088573411521563
0.001325910905412077 0.0019990823567245485
-0.0012317923542780934 0.002635528985772775
-0.002984169684941712 -0.005569521816797594
0.0022800885598579846 0.0028713089826057784
0.0022051620219494606 -0.0006275533175396569
0.0006206820781747626 0.0014599779678173969
-0.0003915700773561235 -0.00024510800052196643
-0.0022929817490283306 -0.0014708502785606681
0.0006108697422531044 -0.0013401061032905267
-0.000525366788178933 5.6856036925705893e-05
-0.0012330963931450184 -0.0012053961935092805
-0.0008184437978008854 -0.000409599062609443
-0.0005613111427488644 0.000741558446289651
0.000418320711442182 0.0010246241430590304
-0.0006006001110348943 0.0007579570556476565
-0.00042501996315150886 0.002995497469413017
0.0017556920331525327 0.0006847631569237754
-0.003578395856435022 0.0006631520019824447
-0.0004131035239272893 0.0006394252643286172
-0.001980268979878605 0.00012695408132787283
0.0019318256738094853 -0.0002786528278340409
-0.0015108218475474125 -0.0014673267994264457
0.0022928687046530937 -0.0004048560560291582
0.00199103634375541 -0.0002334660546776853
0.0006960436173405279 0.000657740004323985
0.00017631043486742982 0.0008051616072883763
-0.0010765980969610572 -0.0012614692816824485
-0.0008137963664213159 0.00034706496702417835
-0.001021138855756518 0.0013792607803978561
0.0007506448130149757 0.0005771762000193961
0.00016149039868749453 0.0012361043414362632
-0.0014981807346279717 -0.0007670819168655473
-0.00035240370958810013 -0.0025080969616444082
0.0007345767082948787 -0.0016034202342595097
-0.0007207375971025501 -0.0035915093948916082
0.0015300552711255636 -0.0016965229806996799
0.002225027844901835 0.0007907562810645681
0.0001550498468494899 -0.00091103894036668
0.000903601787362427 -0.0006242301142623616
0.0018647341306600813 0.0015597544112770536
-0.002608109802366162 0.0016047439583564596
-0.00033995988171250306 -0.0024524980102535645
0.0015170508904597435 -0.0020946203727911735
-0.003092141503585438 -0.001338886839380701
0.000561894146203455 -0.00016603363913886792
9.096784903942752e-06 0.0009767069802404384
0.0003168767128454578 0.0003428227698142808
0.0010381745365812779 0.00018165552902885192
0.0003857429530686386 -0.0031769376847450626
-0.0012273439901750803 0.0009072948290848573
-0.0029065269866200803 -0.000255631517444656
-1.9014130591278132e-05 -0.0011075877855457265
-0.0011254091635815935 0.0004292925049651476
1.09994103724116e-05 0.001124522707198062
-0.001215541798152483 0.000644538198809339
0.00042016542088652313 0.0008176529509375086
-0.0015210140668938728 -0.0016151296412956866
0.0007608763914881291 -0.00011359514266000454
0.001324073876765763 0.0017393991176093372
0.0001315532371931874 0.00011721107680833705
-0.00017409674768814452 -0.001836870208488965
-0.0003141177835001874 0.0017258329248853468
0.0009408307586914261 -0.00041076809594756266
0.00035723132439759116 0.0015886321029410268
-0.0006675740438576262 0.0007829835733795135
-0.00019188309784911925 0.00016113681684596572
0.0005132584632766878 -0.0022595087139554272
-0.0008476573574371451 0.001564180593093266
0.0004031588153027798 0.0011247727154030554
-0.0003437854441140012 -6.72052017833783e-05
0.0003083228279547006 0.00015632856179822522
-0.0012079542639048752 -0.0025807812409253173
0.000827069817077695 -0.0008227808029967058
0.0026375515634623325 0.001511998463118118
-0.0007630678167227214 -0.0005633801368729053
0.001977953745418428 0.000407062175390515
0.0012032361321923472 0.0014984012865144414
0.00030039602891839044 -0.0014572793514518842
-0.0002995478570959767 -0.0009029303400646106
0.00027704377972376975 0.000828482796166649
0.002431894249598774 -0.001202610693086643
0.0011887586671087975 -0.0006649281846687781
-0.00037127994395802835 -0.001870971780145688
0.0020308096660888414 0.0009769358807460186
0.002048832625522928 -0.0007472664504092892
0.0004100789577071947 -0.0018622518089916004
-0.0008137656044342827 -0.0008326538050965416
0.0011276815966848365 0.000989927781987531
0.0008146176260478242 -0.00019540753667100325
0.0002078880799212132 6.778190875159228e-06
0.001444926130869542 0.0015872478713877907
-0.0010877541398261613 -0.0014712618167877778
0.0010381999141709183 -0.0011151531430294865
0.001609269318658561 -0.0011214188072297521
0.0013256975360032037 -0.00070773444378131
-0.0021274176156429615 0.0011973964599093004
0.001291820840457458 -0.0007682380061611506
0.0022090580396501615 0.00022559826235041028
0.0015830377285663817 0.0010601831651127216
-0.0012768955722268268 -0.0006877826475206173
-0.0003349978452091404 0.00022588958563065693
0.0018789264287155604 0.00045268808689383894
0.004505177098066393 -0.0016353302759786379
-4.8338183317126036e-05 0.0011976060250816038
-0.002154860854023454 0.0018435627523531058
-0.00023260870562284586 -0.000724587958141126
0.0001235063710270436 0.001638767020906981
-0.0002855337633537849 -0.000485820708851668
0.0005970860021659518 -0.0008697325123705804
-0.0007328612295675916 0.00043157439260302816
0.001224400885072303 -0.0005948193156603648
0.0014331552580740283 0.0008612961960235024
-0.001682710648885302 0.0024935380289279534
0.0009102162365246501 0.00034840244573857955
-0.0009880831370315233 -0.000248211954781752
0.0037230701300478737 -0.001581841832178278
-0.0013710463657090307 -0.00034195483142408426
0.0015526157962928646 0.0015738976111902326
0.0021080158666587725 0.0019365038080156015
0.0012494518460891039 0.0019355123980503886
0.0004166657284967213 -0.0005152900281508808
-0.002715714975296733 0.0005987569903067314
-0.0026615460932627863 0.0005156242398630688
-0.001615614946246604 1.4598167946242537e-05
-0.0001955296620297585 0.0025428060040487304
-0.0022422234152187715 -0.0009350559533951949
0.0011462020702773437 -0.0015598019875440567
-0.0011169472228164288 0.0017950844984510825
-0.0006216725791476584 0.001773460433506315
0.0020290015167520247 -0.0002202898375071223
-0.002480348635415746 -0.0010705455274395447
-0.0006606324290667969 -0.0015986350023454374
-0.0004237450873239323 -6.851867184043652e-05
-0.0008338764064132428 0.0032575403569911313
-0.0009861682054869844 -0.001141657919069074
-0.0005446073905066501 -0.0024485631336201327
-5.382964488878691e-05 0.0009376814009206402
0.0007892875547343357 -0.001341395632627771
0.0006006076287651628 0.0008297778369741586
-0.0006616470055772207 -0.0005340673520577035
0.0002837916400912137 -0.00040546131312842307
-0.00034849840735775103 3.5221572151058275e-05
-0.0011951403987750134 -0.0011842926111472587
-0.0016917798803153833 -0.0010531965421694794
0.0017919635965807372 -0.00010802669593362853
0.000876373859175923 -0.0018667225599247742
-0.00023628212469704448 0.0014917451707600314
-0.002390479633790389 -0.0007632696156081747
-0.001098963014519685 0.00044206556512637306
0.0010310981145186411 -5.9859557804821664e-05
2.849283314773226e-05 -0.0010045938798689024
-0.0019903133813994078 0.0008377712971066719
-0.0002206950096637 -0.0005009175825031139
0.0026406826456246953 0.0009957607625871911
-0.001910890939798341 -0.005025462640046339
0.0015901815508090823 -0.002131729681967267
-0.001491236069218235 -0.00033692821555314614
0.0009690170002406376 0.0007934177626734852
-0.00036442806014531394 0.0018663577651417752
-0.0012038408030974736 0.0005034300983203134
0.0017231163972132968 -0.0006767437202617985
-0.0005212177683603722 -0.0021177536077222
-0.0007955494521010272 0.0021987236789381397
0.0005164344710042366 -0.0004932336362572793
0.0018341230065773545 -0.001746975531897036
-0.0024972184867625862 0.0013791013001539418
2.687510165684274e-06 -0.001827330635453961
-0.0010381086203473287 0.0002457552976734393
-0.0009062610076632528 -6.718427443831273e-06
-0.0011065974984735237 -0.0003274207128614745
-0.000799733183786834 -0.0015570225878099079
0.0021234250310138247 0.0005194988540892074
0.00015461182317205185 -0.0008865252510615206
-0.00043793673240234617 0.0023379142510513277
-0.0015897789344895034 -0.0003078173440380217
0.0016448399364808967 0.0018059770334634474
-0.0011155042979423603 -0.001932770578010455
0.0012530204216789115 -0.0004968023831167026
-0.0013809511358159987 0.0005120639736198877
-6.058393267324167e-05 0.0008672780676036131
-0.00034839314695812515 0.0015611395451158353
-0.00031302328582794633 0.002461227691399097
-0.0020051657376294707 0.0011581726679326045
-0.00010320829299113216 -0.0011988881612974057
-0.00040804534925585406 0.000314696771274222
-0.0001862691559341439 0.001223329905088222
-7.655325186161889e-05 -0.00025120722948612816
-0.0006554959307081683 0.0003589674296391376
0.0013658203556107353 0.0020610834815299895
-0.00023236248801913612 -0.0005065120266024367
-0.0002232870451885562 0.0017209227223430221
-0.0021771820133289124 0.00033747787628958076
-0.001232342026838636 1.929666021044297e-05
-0.0027270837109072063 0.00010637040998407673
-0.0015966074599949665 -0.002402766055327479
-0.00021591085634253758 -0.0017345027507432679
0.0007060888556936171 -0.0005568327613205688
-0.0020601468342733476 0.0012976694200780277
-0.0015269236978022215 -0.0014859789892838285
-9.486035758409258e-07 0.0002732210579400272
0.0005081529443327713 -0.0001933075387678419
-0.00042089548467303816 -0.0008931403953235634
0.002456061612453063 -0.0007098457549918305
0.0009444720149904036 0.0017659716367995812
-0.000686451049247869 -0.0005552149793461078
0.0016449818928827504 -0.001635700704428328
0.0003237517859242677 0.00033195667877879777
-0.0016902920417324863 0.0004436618474548857
-0.0014075057176748792 0.0008914532767801857
-0.002179657915768767 -0.0005593841048220538
0.0003022666571526188 0.0003790129873141286
-0.000781769532244064 0.00170159310875624
-0.0018441993710708573 0.0021944134373448635
0.0015301164412668922 -0.0016903954131890135
0.00032308685447729533 -0.003749087080192012
-0.0009769290220829603 0.0017438581140123814
0.0008837730983007093 0.0013106147357341083
0.0003296013974478662 -0.00025541131565174827
-0.0005118133392566811 -0.003071253148167263
-0.00018009641941385603 0.0005507258346568715
-0.0011580777773064976 -0.0004219694144741229
-0.0023999094149842726 0.00017020054059805478
0.0011943107283613223 0.0002496249008274364
-0.0006014504521304745 -0.0005938063661010448
0.00035322721612815987 0.001548329050601942
-0.0010969724994697584 -0.0019290702346508146
-0.0013613304277644035 -0.001736387807427779
0.00042482481219466924 -0.0009700101262352616
0.0017937050441282118 0.001512004575683732
0.0005792794768352082 0.0006969155025884132
0.0006539981691788096 -0.0017160355826550554
0.0026760724768096077 0.002373452327426803
-0.00048780415333318403 0.0008492836207201721
0.0012522977001222322 -0.00025419021078211816
-0.0026285099648399373 -0.0017072438723100788
0.0007514063037794488 -0.0005942472622274352
-0.0005372186136124029 -0.0003148005959641993
-0.0011633538463942555 0.0003690798411580801
-0.0012110221365197401 -0.000891685733008043
-0.0004146425242578451 0.00011275718023769416
-0.000872861936697758 -8.320345442289342e-05
0.002176410915721916 0.0003881656780344371
0.001993598767474583 -0.0017098331495212051
0.00320710193891361 0.0008352806766480957
-0.00043016387022574965 -0.001643295204322722
0.001154884369000172 0.0005434225790913806
