0.0003180122505827201 0.00018332032991150366
0.00010964243623607162 0.00015443057159472093
0.003511319517007816 0.0072657271367683515
0.0021835014128098375 -0.0003784483829091985
0.0013189363565642765 0.00047340560752909375
-0.0016895407710182738 0.000987229292361859
-0.0009852990544372698 -0.00010449701587398917
-0.0006831589372925312 0.0024499878674200588
-0.0014030201624169061 6.270037487255314e-05
-0.0002025199873717725 -0.0004228043707067095
0.00041184069988078474 -0.002144792228854159
1.7968590802933026e-05 -0.0025472146071375094
-0.0026548040706031407 0.0009402407418280525
-0.001305270502126955 0.0017429524446605977
0.0008435370290590551 0.0007562360210347442
-0.0005901318823774979 0.0008621595486709103
0.002689510275249374 -0.0007247944371062188
-0.0014583717013319614 0.0013625248870755267
-0.00036735666114849007 0.0025809183705754876
0.0005474734136991108 0.002027597124466716
-0.0007697383841947844 0.0010569571315929235
0.0031737793262725466 0.00041126364116917557
0.0025256355251925457 0.00028623358932427893
-0.0013055178262830751 -0.0012950840472211508
0.000644987615971157 -0.0002699590184870391
0.0019075470229208543 -0.0005971531859307079
0.0006234743034335356 0.005216491823532766
0.0006165440873863327 0.0015318565611173393
0.0005098679887911671 -0.002073000417445987
0.001251495995543607 -0.0009382076889594773
-0.0026769735262889525 0.0015894493224293778
0.0017193183099972463 -0.00198798359065555
-0.0003638672656604773 -0.0014494804333993257
-0.002137981175462301 -0.0013831933474896358
-0.0010532598552510128 -0.0008851475083552637
-0.0017040995120137662 0.0005286694463718701
0.0016223689459237522 0.0004033073135037021
0.0008585775218537938 0.000696203238855138
-0.001518405999166269 -0.0019518739941240257
-0.0012553022022127685 -0.0018882643806181069
0.0006420631298740589 3.815190540024879e-05
0.0018931901032476473 -0.0003930788469708912
-4.786341832982292e-06 0.0012087649471530283
-0.0002091497864844659 0.0020257550036369316
-0.0007531834818221518 -0.0013750105778793386
0.0033452258361066196 0.0008705635312855891
0.0010822013610020107 -0.0019996175359608868
-0.000718148632593322 0.0005199763518152696
1.4127074551635292e-05 -0.0005524624693562304
0.0010391646740116841 0.0033458502725169383
0.0016029427709093977 -0.0013023054663459648
0.0006534604586431412 -0.0002200299767048057
0.00018142812692537667 0.0005283787644959268
-0.0009604333522240188 -0.0006032601452876901
-0.0026976518270555665 -0.0004871663588595428
-2.1228465807843483e-05 0.0020093447113812483
0.0001409365589749487 0.0005559738655114897
0.0034029142261757816 0.00033239969698917085
0.0006834395869286638 0.0007384415295301201
-0.0004919380952271256 -0.000585873359575199
-0.0007193417461028152 0.0014764740455359261
0.0010551272482350461 -0.0013816677060150397
-0.0009827959735246763 -7.971300785827824e-05
0.000670787254830925 0.0022129813181583913
-0.0002984516204620041 7.005009166341957e-05
0.001387918578223835 -0.002351576258343202
-0.0011942140956104302 -0.002166885670951176
-0.0018511384415226787 0.0007974955584721241
0.0006515880307318959 -0.0011401412677991287
0.00021152121232585205 0.00188004897569791
0.0018402341448238413 0.0011730658185291555
-0.0006652009503743941 0.002147664132323026
0.0007274858129964956 -0.002664236081942675
0.0008553873613711999 -0.0008975743233677614
-0.0003572922209611024 0.004708391231922698
0.0029444793066535874 -0.0013169551066287706
0.0002555235748241615 0.0010559622774694692
-0.002303364554276991 0.00013448141658923803
-0.0009589852475440115 -0.001685173164962112
-0.0004891794318682176 -0.0001735773440603498
-0.00016028171583550518 -0.0014305721733407013
-0.003479950171674719 -0.0014108291103248868
0.0020540635892909664 -0.0016777381434290334
-4.131208825820911e-05 0.0007463758661255348
-0.0003795347654967716 -0.0010833167535827383
0.001061909646884685 0.00047309521136644104
-0.0013709344648792433 -0.0006919651520021146
-0.002065978696487484 -0.001334541288258467
-0.0004702283018723808 -0.0012471464319758594
-0.0015205534938526632 0.0030836481638266476
-0.000313469070992501 -0.000748134715772617
0.0017347411663514857 0.0013684281017973489
0.0026726998668075747 -0.0011524341107844425
-0.003489789675392591 0.001011645089458996
0.001498680472630214 0.0014196845361485765
0.0008859760049246644 -0.0006164251080141129
0.0003863373171430626 -0.0013868735519967819
0.002092522880423247 0.0002974376269418432
0.001409848132681212 0.00042909922424633223
-0.0016151725392250542 -0.0006008090921804249
-0.00041284390238973025 0.0019273257307661422
0.0003196233812955968 0.0017069907922328963
0.00047871124191635993 -0.0001005859765088212
0.0003899870823473668 0.0003204880458130454
-0.0006407773813180646 -0.0013923322733079523
-0.001705976998909699 -0.000559348537602081
-0.0014972170697578452 0.0010804532482771693
0.0011767882654065 0.0018948857473896662
0.0009094209145482303 0.0003528984150941429
-0.0028893504967283045 -0.0002089119772545141
5.2597131617315325e-05 -0.00033935165540112085
0.0009401527145084614 0.0006010989001606308
0.0030637067055050023 -0.00026767485025963594
0.0014867759231233174 0.0001631834292487589
-0.0007542311203435205 -0.001097762377784276
0.0014977327240268058 0.00019296635330714172
0.002911464496666872 0.0007729392960380067
6.011532009229018e-05 -0.002492684817833198
0.0004715886655354235 0.0008878929547500563
-0.0003948678466649507 -0.0007564435189737947
-0.0003899000418896844 0.0004882700607009741
-0.001090662080364784 -0.0004892817776909536
-0.0026285462576247295 0.00043162318121049123
0.00027405237203008073 -0.0003844887473802477
-0.0014065708759632308 0.0013483309556377586
0.0009535087023549187 0.000898355093607361
-0.0011799166470780023 0.0016088885150157325
-0.0027907446328469024 0.001210717221563703
0.0016031227346233808 -0.0015970248605923464
-0.0021012321735332374 -0.0007077074781363895
-0.0019459764904617522 0.0008279792823062077
-0.0005176852621741705 0.0010304541230861026
-0.0008516716171855701 0.00010242598705285481
-0.0019368528061798824 -0.001626164022846507
-0.00134080164928179 0.0013861894307997061
0.0006486150281751193 -0.0011590646027137149
-0.00021305949514374573 5.511720111468086e-06
0.0019282207728804652 -0.0025040142483756765
-0.0011970354572666245 -0.0021693151030364698
0.001650528473092375 -5.785523883026999e-05
-0.00015189455075096745 0.0021634102541951018
0.0020790566670935034 -0.0039512059900547476
0.0011259792671819268 0.0004720218783286361
0.003613316324543178 -0.002838167062097186
0.0004824835078367378 0.0006656788023639915
0.0011100155436046962 0.001140762460076101
0.0016884977681299283 0.0006184408016054389
-0.001043632943833553 -0.0032338703383863582
-0.0009461603933960273 -1.0101170877959713e-05
0.0024289901602385024 0.0011508464696083644
-0.0030899670671182683 -0.0006875188844639644
0.00029276526418571335 0.0024662339350595384
-0.0011776079180686133 0.00013505532614260728
-0.0011565312469164358 -0.000778198878967595
0.0005403877411388374 0.0013384147327614557
0.0002928878243943781 0.0006142903516819012
-0.00022307705114747682 0.002570597464936653
-0.0006044846502203893 -0.0020252225465365865
0.00010342470655552545 -0.0023217181420587445
-0.0012014168884974454 -0.0022047662081610556
0.00045713149681638686 0.0018733355274894398
-0.0014063511413729603 -0.0011668506711460258
-0.0011049361909082655 0.0013433615644314941
-0.001573806509250314 0.00047624688995056403
-0.001083934459462872 0.0008153602984890114
-0.00021363762536760392 0.0011080504569641108
0.0003985761249770315 -0.0010390805357626486
0.0003566389797873703 -0.0010724937555462726
-0.0014260126384355745 -0.0001709110037673329
0.0015531858118206733 0.00019301313561309244
9.107404936840673e-05 -0.0014596993932795637
-0.0019445558112381257 0.0002741721580259527
0.0015327574714504729 0.0017463197744257905
0.000254208586508588 -0.0024541115846077183
-0.0005477755166364804 0.0015587027951475465
-0.0003259425636096093 0.00010465202270605553
-0.0014873747644101826 -0.0034579722103726387
-0.0009103210797861475 0.0004940012724401636
-0.0021192135276290876 0.0008427715692128798
-0.0017525500279867807 0.0011206552441709438
0.0011163828280734203 -0.0010610847574847866
-0.00011152519248744634 -0.0006698628386317059
0.0011911843086845442 -0.0027539779743756087
-0.0014477997938751462 0.0022470001681882076
-9.595385969464087e-05 0.002417562378104028
0.0023486439888079722 0.0006255411849729952
0.001342436507965365 0.00018433488089420093
5.4926789647224855e-05 -0.0006893335414062086
0.0008861505378149377 -0.0007233595301626517
-0.0002837326585212672 -0.00011051427341454302
-0.001331394052353298 -0.0013130120451794833
-0.00038008238275297483 0.0007293313253483917
0.000670308796453641 -0.0001868122654442128
0.0010555600719087963 -0.002190411854431515
-0.0008571830083519606 -0.0015286862954255794
-0.0014165191425548967 0.00019373286582809437
0.000606912091067895 -0.0027146728822374706
-0.00024330782281973125 0.0015609058749632588
-0.0011052089098845155 -0.0013021871199526687
-0.001387316843946368 -0.0004831922896506333
0.0022744048227431616 6.645948621433841e-05
0.0012684410809516106 -0.0006161259865817818
0.001198836323180262 -0.00026840632058550926
0.0021140995373238112 -0.002147411952643946
0.00023206512970819695 0.002201336397094588
0.0003191475772800327 0.0003304006547041254
-0.0005599036214937173 -0.0018818501644338327
0.00020890360326975831 0.0001615233440192254
0.0006926010496849012 -0.001248196981732831
0.0009991946163769537 -6.398542740384775e-05
-0.0033178174155120877 0.0020019446383603185
5.996758327757403e-05 0.001422333904128776
0.0016535404273257644 -0.0007874732567033741
0.0023883918700999904 -0.001020246171848877
0.0014905436141386976 0.0008964813641307466
-0.0019283601257569062 -0.0006114544245240469
-0.0012905644227081327 -0.0007269862279547191
-0.000625600834815852 0.00041678893684690417
0.0017639472081811423 -0.0005006414497113615
0.0015336997540689877 -0.0004155642491849834
-0.0010634142463129693 -0.0013379823126956714
-0.0010032717756032472 -0.001837135449784791
0.0009430698461811216 3.5554299940162455e-05
-0.0008486625063001028 -0.0034417339715589346
-0.0007472221123426107 0.00019714844673757997
-0.0005965364602385176 -0.00035528242299972526
-0.00027150805179186686 -0.0009916286770612502
0.0020834396639168164 -0.0002612998034878446
0.0016651575196323313 -7.283319193243381e-05
-0.0011775655440390844 0.0018381429643597963
-0.0011346980663465877 -0.0024849100777027634
-0.0010090394107344475 -0.0012844523380821692
0.0010558320635062238 0.001368826759994211
-0.0009022575503025846 0.0002487155576131906
-0.0006791156508089292 0.0005085836225139906
5.4681816632955866e-05 -0.0016654331611182036
0.0003240794378605528 -0.000510018619264136
-0.0020542476621189733 -0.0021740325079961866
0.0014231505681700908 -0.00258732432006482
0.0013380353207089297 -0.0011332648336386006
0.0004160970914110507 -0.0012214285414359326
0.001069707901688733 0.00017303309485578586
-0.0009182239496618056 0.002539361220588104
0.0008785163564458871 0.0004842690886884651
0.0008019737541662892 0.0003866308205263305
0.00017321963139449036 -0.00019886624832505918
-0.0025451078952820508 -0.0006372189642578192
-0.0001781495655561465 -0.0005711248869383367
-0.0003351857197398582 0.0017761660973362706
0.0014702636549685808 0.0012894607677258795
0.0012519169554780047 -0.0008617490761897478
-0.002059555961041128 0.0003008134662412441
-0.0009289840543482898 -0.0007799078385516627
-0.000663740858234424 0.002535689315205966
-0.0012735258961698987 0.0011979314729753708
0.0007210252802086073 0.0006081524697122211
-0.0005577239528587948 -0.0006420920465241515
-0.0008009736792652844 -0.0008509112322726426
0.0029651190433837536 -0.0008569074453498237
0.001191968531838988 -0.0024613190933438006
-0.0009915765361081963 3.886291131484972e-05
-0.0004559827533442589 0.0006471644676794649
0.0013051901904372197 0.000640472742129176
-0.0006915812986554096 -0.0007255988430209797
-0.0027275102374330184 0.0007829891615770506
0.002893652589595943 -0.0004848897984720646
0.00019914082680259464 -0.0015990731834345721
0.0002351382178100049 0.00016296246078561995
-0.0006003721031469527 0.0007512296681073398
-0.0006948389839377788 0.00023928615159211978
0.0005317668520467264 0.0001906342456407302
0.0015774983779670863 -0.0007160867632735971
-9.764193309943394e-05 -0.0012288812126635446
-0.001053226941864279 0.0007071960514602028
0.00193659725652578 -0.0020211268401250527
-0.002366310030453848 0.001052439572766258
-0.0010945936049179125 0.00044480697056984185
-0.00036303582420578576 -0.0008835439846019096
-7.692252439940146e-05 0.0008854079844512024
0.0016435088015548604 0.001090336627223927
0.0010755598217132491 0.002557497546841467
0.00041884105588669516 -0.00033777719128075197
-0.00021279756101324658 0.00048192872279411385
-0.0003328450514887542 -0.0001517632827427173
-0.00019341553849968712 -0.0019255432699109524
-2.4136129851403674e-06 -0.0005741501371168736
-0.0008136405403548606 -0.00041796777630897396
5.110498304446667e-05 -0.00038264302921653864
0.0011335655861023817 0.002399571678877037
0.0009655433528829084 -0.001668206027333079
0.0008483140552000073 0.0017053774105293884
-0.0009546746602954458 -0.002133025110356966
-0.0018708672755307994 0.00021588003076946152
0.0005959714003196042 0.00015742600022597696
8.371849165379159e-05 -0.000816616267973553
0.0024156983750469553 -0.0024443453024056276
-3.744915355550661e-05 0.0016674363199072413
-0.00011825956471288138 -0.0011578498080005901
-0.00016171502192685038 -2.6641796976773074e-05
-0.0025597792425134107 0.002205461509130762
-0.0019835827784721906 -0.002617219309690309
0.0004847506052587556 7.692109771897926e-06
-0.0017267160901251334 0.00029577630962184144
