6.263061723207524e-05 0.00015734357483060236
0.00015705931903292763 0.00021851462392751393
0.003650549961244928 0.003825347755105545
0.0029424196756820445 -0.0015746443499299297
0.0013340195048668006 0.0004152927573994446
-0.00176103542455017 -0.0022396424270343896
-0.0006558843146473283 -0.001535484392303712
-0.0006372091160901419 0.000400045713697987
-0.00018140058114625137 0.004592269031356596
-0.00010054872833558641 -0.0005308346174636511
-0.0012000371332898804 -0.0015769223719441761
0.0004261843642013521 3.8949089831600145e-06
-0.0013240843003876547 0.0014744851490085095
-0.00037508527135740003 -0.000637780309823353
7.934439732391904e-05 -0.00033202118572616237
-0.0006544437889029272 -0.0013575983262235148
0.002278464381030955 -0.000643348440578297
0.0018025907909520126 0.00023581902700475763
-0.0016294668147032977 0.0004467397507864237
0.0013136815793657532 0.0029738215218481938
-0.001959447932641519 -0.0006286535798235711
-0.0012014978727960327 0.0003687879407350158
-0.000540698157166818 0.0004947125832804717
0.00037212253611961833 -0.0023238642745244784
0.00045550862598376095 0.0014281863192154198
0.001589709658560262 -0.00013263583144079044
-0.0004156148043599841 -0.0022172182765974485
-0.001841740162715158 0.000623830440889384
0.0016591370930706165 -0.0013223264848585565
0.0014293642591351493 -0.001776449889212188
0.001212954299197307 0.0008392631937687055
0.0010519102832789711 -0.0009695924543456302
-0.001273456293864129 0.00016782296694595403
0.0011513818439819973 0.004245051272613598
0.0006708263394390615 -0.000869963677786742
0.0018550159227585811 -0.001649069894618634
0.0026194597141040122 0.0011966384142688235
0.0014100528390949424 0.0025790786231698376
0.0013045758856291038 -0.0025333132150024383
0.0006236037535925086 -0.0027150279459058737
0.0004922147358539753 -0.0012300523848332114
-0.0017968361447907018 -0.002031250142261847
0.0017150567937976695 0.001706917582087075
-0.0029184906810188933 -0.0004685451494986172
0.0033527906302758172 -0.0010764309945126788
-0.0027018959601734648 0.0009060775784781197
-0.0010966107637828226 0.002826538067226081
-0.0002028753642181579 -0.0005181366847410462
-0.0024644027983035167 0.0003618719843829697
-0.0005816585219072519 -0.00115433349513199
0.00045514424963719166 0.0016481882623049593
-0.0002876649105291654 -0.002387289321480691
0.00020664017324219786 0.0005433700088549004
-0.003943634665099094 -0.003271499638458894
0.0023861015467321195 -0.0003387908985698953
-0.0010538600522101418 0.0006472173803077973
-0.001494658160498422 -0.001614726008989675
0.0006340578723484445 -0.0013871221481981315
0.0015032761387884803 -0.0035816856700759034
-0.0003208953620411616 0.0015070055483202309
-0.001360558229314123 0.0016948251088055636
0.0003548465208043101 -0.0013435328908284856
-0.002857434988593688 0.0010676474874486694
0.0010519953176691306 -0.0004978683259946703
0.0003581352655940668 -0.0017489984285343645
-9.842868212476576e-05 0.0012206832694678037
-0.0032127094782813895 0.0010119486183837567
-0.002614781546786773 0.0013579037317318781
0.001295699463598688 -0.0042358033053881096
-0.0022972151845975465 0.002542167264955939
7.161696606253998e-06 0.0004640517144517734
-1.7670719602984844e-05 -0.0019536165167599318
-0.004116779012821091 3.332479097703373e-05
0.001851144537538302 0.00047477914336947925
-0.00041317278021615406 0.0014789125407089646
0.0003445541274819805 0.0007811359180807432
-0.003686783633398397 -0.002888378026396282
0.0005758223874621568 -0.0009483082864446364
0.001239167836373381 -0.002007827565854914
0.0008185838828451044 0.0014499394710107425
0.0016742199213207625 -0.0022275020013657098
0.002485904704999357 0.00024728971062552596
-0.0008934493270465975 -0.00023275760032605782
-0.0011343316923163157 -0.0033403400317946496
-0.0010405964712877907 0.00034135610384039295
0.0006670543382303035 0.0018781250180686072
0.00036169247480155413 0.00043357494929452726
0.0015208617511650497 0.00238471139610406
8.316810792048463e-06 0.0009514366279398811
0.0008944578404061686 0.0003948403235540593
-0.0007023372312984331 0.0006567523559566737
-0.00048724216282864985 0.0010514245965662292
-0.0010646909931772413 0.0004804331949964438
0.0018816057368360064 0.0033069707361614727
-0.0016009232734682335 -0.0018229382450803083
-0.0021193428010457815 0.001070915760439628
-0.0003913082740424977 0.00040199732070940637
7.477197533552179e-05 -0.0018977231387433805
-0.003525349392991859 0.0015917011707651558
-0.00019447107756424505 -0.0015538527927246898
0.0002496956012410232 0.0011718105200012319
0.0019882337237281974 0.0026073133831183482
-0.001579267797869698 -0.001098977785559201
0.0005824286652688241 -0.0001959980615229273
-0.0015140393543937672 0.0016241371530111724
0.0018630974868370208 -0.0008801074609382947
-0.0003493543330248249 0.0009606724269537385
-0.002951930541002423 0.0018135683187429686
-0.0016240649542791396 -0.00029686473466957825
0.001051619533231408 -0.0013552616393510493
0.0021373313403733095 0.0035251217497987374
-0.0024935912392266696 0.0007584065980362442
-0.0020114682466323783 -0.00022791522232445843
-0.0020132289395046322 -0.001230073348431832
-0.003688835615957962 -0.00019932414903983645
0.0002208370388809336 -0.0012703723032067185
0.002202228157939723 -0.0012581220510684754
0.00045810967008342625 -0.0034574477963610073
0.001149219789115887 -0.00014360091194976483
-8.160214718338095e-06 0.00015399438381319503
0.0007926384581086016 0.0022998252253550503
0.00013144959262432514 0.0011346514539317455
-0.00043959136495898206 -0.0015357644298149154
-0.0007376581821374173 0.0005668002684672517
0.00018085399500688686 0.0014884324314364873
-0.0005672490227093014 -0.00046946332031236673
-0.0010560534770472194 -0.0012171533719097963
0.00023609812763717472 0.00019273653812611116
-0.0004717281610064413 0.0014042852596521814
0.00020752675317908353 0.0006093617117997788
0.00012872471797657894 -0.000996772588695062
-0.000883668164651729 0.00045751897428236146
-5.508043040052749e-05 0.002275346095577503
-0.000641135724267158 0.000601097548601249
0.0016759527013601194 0.0032104627353715517
0.000977778893626441 0.0013306781858219584
0.0014666212277136981 0.0011552901231403
-0.0021182956996871156 -0.0014668026669239329
0.003182428924517942 0.0006107915112281298
-0.0008453029248371495 -0.0011167705764543146
-0.0021537341966959386 0.002323720140397034
-0.002183632228319319 -9.666056655629764e-05
2.433645058943666e-06 0.001356667187319329
0.0005608818245655704 -0.0007347646477455182
-0.0007739174263102019 -0.0014603273720843024
-0.000984372563896735 -0.001275112306455484
0.0005497839896779256 0.0008187440844036203
-0.0007440944302823849 -0.0025004186618830695
0.0004685146173540319 -0.0024764495472303894
0.0006310359730076143 0.0011894851993051927
0.00040364542395397994 0.002216606623889672
0.0005035991445870032 -0.0008342514046256696
0.002037931534199185 0.002040195306090149
0.0013117998197559662 0.0016801249189335443
0.0010993894280025968 0.0029208326590315836
-0.000952320416438125 0.0009700267237353456
-6.65598614313839e-05 -0.0011335544087668695
-0.0022955725979751846 -0.0015721609956554261
0.001264062999761405 -0.0004791581513121132
0.00030063577300365777 0.0002812372235369686
0.001705009712958928 -0.0015133493802708018
-0.0012868301219632582 0.00045971090241037744
-0.0001306780206489188 -0.0008083467729544351
-0.0010689131399422343 0.0010090453690160194
-0.0003565799394683266 -0.0009486416085982145
-0.0011239793824078849 -0.0025005950543402367
-0.0025744570465602848 1.8061570203054687e-05
-0.000841357339393384 0.0005247741773878267
-0.0004645289387229628 -0.0022558611379829927
-0.002442924736599695 9.157225144593216e-05
0.0005264568275610533 0.0002645452104205097
0.001799594063723971 -3.9852863262178596e-05
0.0007894685704563347 -0.00020577449265627484
-0.0007806417837266391 0.0036934169530147155
-0.001634401181817541 -0.0013986924535788357
0.001086922332987016 -0.0008223658551444648
-0.00089129882759489 -0.000431123568881065
0.0027836715433287346 0.0005591556978365585
0.0020907622581512976 -0.0008822311847828829
-0.0006728217708301121 0.001143843497391536
0.0010570729656011624 -0.000616409474642986
0.0015512172042818492 0.0015160160724714006
0.0004965628991239242 -0.0011526607352384647
0.0006956617651127914 -0.0010713122294637998
0.001519360581572804 0.0005064421404615641
0.003069049693814455 0.0006484630834392993
-0.0013747233169542742 -0.0006677401206525668
0.0009917051352708562 -0.0006048791092934582
-0.0005622454358086656 -0.0007581769543466898
0.0008382272833192228 0.0010935347981880258
0.0018733326279403125 -0.00012349770738032066
0.0014103099548073243 -0.0010395974641148847
0.00021114098623393343 -0.0009820163741770483
-0.0017893445837920562 -0.0013176075414084365
-0.0003372915610008143 -0.0011461220168890293
-0.0034091097830881915 -0.0008230166646567183
-0.002278807344019153 -0.0018276347679627581
-2.322420918856752e-05 0.0010051075397095042
0.001828441825746604 -0.0010036597175667329
0.001674235836330118 0.0009714789202918928
0.0015236264164912503 -0.0005572083544356443
-0.0006652531148515718 0.0009969073585666987
0.002644250446703389 0.0006030705548989724
0.0015517137383352112 -0.0002286261494456969
-0.0004612336278175201 0.00036913063722870384
-0.003518455748173776 -7.716272969558938e-05
-0.00015613868881702656 0.0012557629347267718
-1.9941933024372312e-05 0.0008246650525837651
-0.001304317963523689 0.00021084909841924082
0.0007001668643157377 -0.00016939489310762901
0.000443789172839633 0.0005268134529646766
-0.0006981552485462524 -0.0004915637451279413
0.0012221961593737313 0.0009211284822531716
0.002650766637612545 9.057881980545233e-06
-0.0010530523502971702 -0.0003149075365235705
-0.002104811608610024 0.0005104764448465491
0.0010781380603830807 -0.00024643495063155505
0.001864309037275146 -0.0007435839908075572
0.0020569479205703968 -0.00022913558001821683
0.0001466981908208959 0.0021480605756182014
-0.0030357818835478824 -0.0023145826001587863
0.0008968795758819518 0.003059395247930118
0.0015618951451064722 0.0006731905203910952
-0.001099332553850833 -0.0010729808277697838
-0.0013559262898713588 -0.0010290302287992014
0.001256984584692682 0.0005259007720728999
0.001495676313366837 0.000818957392406503
0.00035582215225253425 0.0013105265550100575
0.0007853495135328035 -0.0011758696536251368
-0.0006319075426810946 0.001572703279111359
0.0001459532720177066 -0.0008610697866206496
-0.0008684835518239106 -0.0016120982631335737
-0.0008237634492224664 0.0013366385087555366
-0.0017330390684621505 -0.0026419350586363117
0.001566626069556084 -2.7969609407876734e-05
0.00013497502007596822 -0.000763830833723299
0.0007801592214648512 0.00020534355517071344
-0.001905903534111254 0.0010517077851006477
-0.0006966594516521996 -0.00023069609475766497
0.00034477660897619936 0.0008479117507364307
0.0019069624187304885 -0.00032408430924024646
0.00029971553280647373 -0.0026576511759021215
1.5155622400493554e-05 -0.0022207905229817576
0.001713761252942227 -0.0011998218227083073
-0.001290011906946051 0.001853076827820973
-0.001185380612243306 0.00046538910289042
-0.0014430552457323558 0.0032137357252210678
0.00026770756701147467 0.00018837304085833148
0.0013229008723361294 -0.0005561678701808195
0.00013225740274942904 0.002951137346360998
0.0017522906931236764 -0.0012309863275619187
-0.001150657660355644 0.00022810064119587722
-0.002267605873220032 0.0002721835190368043
-0.0004457915220364676 0.0011775872510368427
-0.0008459306650455315 -0.00047550987922188626
6.369374492251965e-05 0.0007164038443840137
0.00018418852041331173 -0.0007538055031916458
-0.0011577051444195596 8.416056158445442e-05
0.0017587448782838242 0.0008461521440862762
-0.0016094929572333582 -0.00040708813541374744
-0.00040908298285139224 6.104429136633834e-05
-0.00046090436381130806 -0.002800967690431267
0.00046194964882748313 0.002153137248391895
0.00045156090501309685 -0.0007289777214203825
0.0018412676710516536 0.00022367181072917446
0.00032816974247581646 0.0018614341452500161
0.0015092676873445013 0.00116591952983828
0.0007247139385460232 0.003896581317410781
0.0005369763455835221 -0.0019278803793429775
-0.0002467282102922155 0.0029300811283847045
-0.0008973912678337273 0.0016127853786588745
-0.0009869816091801875 0.0004420331726987004
0.0002505728356297341 0.0006153788628802131
-0.0003435634071882886 0.0002558637846784741
-0.0018337156397263434 -2.7819281425526992e-05
-0.0003611092437230683 0.0011358375011565082
0.0033437870750036925 0.0010071731522356497
0.003478351789626204 -0.0024012748893236634
-0.0015952036443045142 0.000870845251835367
-0.00012459718140662266 0.0004924518638144269
0.000987686547368158 -0.002165972480187119
-0.0001567266476993667 -0.0005950491689585578
-0.00176230302892529 0.0006725261745595413
0.0012739843225842214 -0.00022452116025783067
0.0022896606017114743 0.0030729035245774233
0.001856920725340446 -0.000815357616427269
-0.0010374121169615346 0.0014920142724196555
-0.0021420858252026824 -0.0020327908708046506
0.0015317387060128878 0.0016701180413342606
-0.00018852477065368345 -0.0007007604710828851
0.0030562291405923704 0.00016968638571597988
-0.0002590719348232774 -0.0007319084149036339
-0.0007877283237418389 0.0012552375906031965
0.000684950750973778 -0.0005384827726844165
0.0038622672854965183 0.0017278576701034577
-0.0013587695243073583 -0.0016381082187985042
-0.0022019298269261014 -0.0006140554593818464
0.0015494044055825438 4.4813930346923814e-05
0.0006928991982516704 0.0006259233951110358
-0.004633075862712042 -0.0005628951682769943
0.0003214321469099262 0.0003833378727045505
-0.000375535881978991 -0.004710944285500324
0.0016541483066768855 0.00027755643441999285
