0.00015753005504109786 0.0001765447085333139
0.00020143668320160162 0.0002497737591517937
0.0034529418950287796 0.005806038728790851
5.184790975758435e-05 -6.475674476941789e-05
-0.001457492723718011 0.0019165598363585653
0.0005066936958205497 -0.0030880022367015944
-0.000442565889380385 -0.00044883469872526456
0.001582533127575404 0.000236874137397406
0.002109477706116584 3.4362236695873954e-05
-0.0005355852703380118 0.002468805602271635
0.0024085231855315867 0.0010955273194719346
0.00028784502012124886 -0.0020645814921575033
0.0011160533517790296 0.0011456303273140395
-0.0006410391722351072 -0.0008034947911577361
-0.003772647676131409 -0.0008797481249190128
-0.0033796918463424677 -0.00010274968741287786
6.277990455705125e-05 0.001285773198123769
-0.0008185503455010499 -0.0010880522889018256
-0.0018428445040844994 0.0010176560838689626
0.00016081648264163725 -4.023030879084526e-06
0.0013852006202002322 0.001673183404560844
0.0007097897034120468 -0.000875633642952747
-0.0013744484442940468 -0.0007678379997282054
0.0019423863820949986 -0.0011610911642764273
0.00035298270598762866 -0.0003430403546247711
0.00021149538683284177 -0.001018588432338223
6.871232614116472e-05 -0.0010681354743242797
0.0003083231225402187 0.0008471697792663397
-0.0008054435682294815 0.0007179776595195081
-0.0010960770954618376 -0.002476065539738768
0.001200117570938439 -0.0016305369696993813
-0.0027916041201175457 -0.0003578472018241548
-0.00044548452186920893 0.002796986817627117
-0.00212201928135093 0.0011112292556428643
0.0018631074679727763 0.002825250511484417
-0.001387301877780108 0.000792807733600528
0.0011513565719264097 -0.0009297659398420421
-0.00032845860170115895 -0.00017164001723256642
0.000581118328337342 -0.003204519637017785
-0.0013291250812929383 1.0866748735111374e-05
-0.001566073053747901 -0.0014496085124517113
0.0005000657662210762 -0.002053167525961771
0.001658602387114545 0.0024092300225162983
0.0013827515264126249 -7.235197184104683e-05
0.0004123025864226921 0.0008240911014598986
0.0011240853937122877 0.0001624456613459784
0.0009832227330101645 -0.001959911847350186
-0.0008337165472704751 -0.0005751279181626946
0.002363047747565551 -0.0007783466739556163
-0.00021042297512292822 -0.0026966079024127866
-0.0015670463743703308 0.0015899779443081764
-0.0004669413254748643 -0.00023073973093712378
-0.0022650321497054648 0.000833506560147016
-0.00020357833110482546 0.0019504654236306548
0.0006333813399770206 0.0030467592840048383
0.000249018545509161 -0.0027275260940307065
0.002197128060405456 -0.003208536243146231
0.001369846279355557 -0.0013347417429975367
-0.0006542480977785566 -0.0024434881453117767
0.0003336963528180968 0.0005520453007110046
0.0011384390830846813 0.00029164280541690027
0.0028449425403560187 -0.0037020643009510563
-0.0035007555500251946 -0.0018668766379849315
-0.0016172720380634548 -0.0006459648814253317
-0.0016335615465767781 0.0011856227053409808
0.0009907221845593809 -0.003218798711124772
0.00039355493560025 -0.000919141927520707
-7.798618265337327e-05 -0.000757857386336907
-0.00020293757786500575 -0.002605381989134595
-1.5717552954127935e-06 0.0005873019050442204
-0.0009543764762989094 0.0007988712400404616
-0.001080521918076126 0.0002488369159800673
-0.00034440663883179764 -0.0024597060536109706
0.000653518416720529 -0.0008514714318036429
-0.0030325336482765163 -0.00020692308456026786
0.0018743093103890896 -0.0016708633162871352
-0.0024881288654957593 -0.0006445544086436859
0.000661802943462166 -0.000972349639131369
-0.0005690872895892623 -0.0015623142732335347
-0.0005311850142709736 0.0015704608164247432
-0.002338813872188831 -0.0006696131839785858
-0.00025901564372243877 0.0007165430118359952
0.0024738592822367194 0.0003819867341015313
0.0008332430222135346 0.0017171044473277568
-0.002139994482535346 0.001320835456844975
0.0003865086254181229 0.0018160012551267123
0.0013188253153216113 -0.0015934591881342458
0.0017559969180710763 -0.0016079515897412272
-0.0008454760594863851 0.0017956173545471495
-0.0016448536509882396 0.0007705099812846256
0.0014875992172121363 0.0015341259903499612
-0.0010482147474838595 -0.0009743085209877157
0.0029721605341386944 0.00043448376398523753
0.0007782594812361214 -0.0031536942160606853
0.0030922427042718386 -0.0029191225021635036
0.002461374260033739 -0.001562735138217775
-0.001216238635324071 0.0006041558694764594
0.0007216027601660208 -0.0025932162643445274
0.0027616308269312914 -0.0014021774172492515
0.00013677890804775542 -0.0009828428357158165
0.00026852678033720696 9.281590623821339e-05
-0.00032951061934931503 0.0009650883339546959
-0.00010266883798898507 -0.0017385384210693666
0.000110096122428916 0.000865603203304114
-0.0014489528638071797 -0.0001596310819437061
0.00035736798617870444 -0.0007448383849788873
0.00022571375955739587 0.00041379855828496887
-0.0008045333399622851 -0.0014711387587601071
-0.0012872906484117444 0.00023188895271292475
-0.00164706429541512 -0.0012514760060689863
-0.0003406457158705301 -0.0003829715640087593
-0.00025985799172503304 -0.0003093827748246566
0.0008543747461566192 0.00015773014080233325
-0.0006109243894009921 0.0021543307810295833
-0.00020385214928025051 0.0007599641908161013
0.000994360781394133 -0.0011884695563523383
-3.042694638574968e-05 -0.001986806351535092
0.0009142925673043168 0.002637077924413746
0.0005821801760789383 0.00020946964934644957
0.00011704475505638517 0.00029720388313736256
-0.0019100644351430244 -0.00025075418236840847
-0.00023901916085681087 0.0018972806704979062
0.002601106202539036 -0.0005069317004290136
-0.0011909176730552106 -0.0013120967785296297
-0.00011544007614277579 0.00023836046360160176
0.0007209915301916608 0.0008652711326761871
-0.0012046193941457372 -0.001399704066374472
0.00017432548550961078 -0.002293301555443316
0.00043945951970727614 0.00017383324969811836
-0.0002387532842835391 0.0011113975169815726
-0.0016858247991061925 0.0004033550401736189
0.00030894308719123047 -0.000698370550560646
-3.1145948813390133e-06 0.0023908479888942705
-0.0004401543500418613 -3.094820519526238e-05
0.0012125255012144557 -0.000497239276530151
-0.001020388927422996 0.003319221100728277
0.0026424432236723796 0.0009197843253862847
0.0008239052484825225 0.0008753994084556108
-7.026613088556098e-05 0.00048236835340573626
-0.000828793478730938 0.0005573098293914107
-0.001766512944770689 0.002950056773750834
-0.0003492501761448219 0.000284671754071401
0.0003534491386907967 -0.00045636217883934186
-0.0005510418509753588 -6.919113469743275e-05
0.0008972526472500993 0.0038725756768823593
0.00023937330188780675 -0.00011606065898189883
0.0016476665191628463 -0.001518959984451083
-0.0017769212394495788 0.0017784632386750538
-0.0021791106048478716 0.0011704663139660318
-0.0019709222829010407 0.0006019927770398634
-0.0005493735327042048 -0.0009305655649060543
-0.001936580147149054 -0.0006382054884219555
0.0004859547898925251 0.001810450297450016
-0.0013527525327384031 0.000554233604147879
0.0014165946303871333 -0.002482032149189979
0.0008641044994290952 0.00132047526096863
-0.00170977027796097 -0.0012968319836743607
0.0008045389498267152 0.0002998147127921468
-0.0006269566281375895 -0.00011921841264026942
-0.0009139667142898263 0.0010975980634812573
0.0023665701525188514 -0.0006808830789714598
-0.0006531373624855076 0.0006132361194804816
8.347603263502429e-05 -4.505310700554567e-05
-0.000678645974006551 0.0010139007976666748
2.6694269442364818e-05 -0.0003197816561954223
-0.00014717746194566425 0.0011471922457190324
0.0011911357439638478 -0.0012891844855228939
0.0008646598451028244 -0.0003548446289611855
-0.0022402954295492137 0.0016957299695799061
0.002887210752517305 -0.0004586254621204727
-0.0014667585012201757 -0.0008876104335695871
0.0010971892988248246 -0.00012309476946054007
-0.0007173092001828205 1.710687861611439e-05
0.0012835003687241804 0.001282484229565323
-0.0009886753123771932 0.0014060893145281656
-0.001188493760506017 0.000654579022954786
-0.0010268713466131355 -0.00033143603796570074
-0.0017326597083183496 0.001567366602341062
0.00046976382922258203 -6.203691948845906e-05
-0.0001166206682808629 -0.0006982533724959551
-0.00021391719404701602 0.00046575145629317277
-0.001792168844789421 0.0014601224669147047
0.0022403785506700503 -0.0014607641919246867
-6.432807374311534e-05 0.0007009496375363457
0.0006869961475712888 0.001262047982501278
-0.00039081462045639635 0.0021775905366954807
0.0021808611582244657 -0.0009629644971741972
-0.0006176905316414388 -1.4282076534004928e-05
0.0011098038860719141 -0.0017550659009604739
-0.002027567711319473 -2.719606853359094e-05
-0.0016769093708711282 0.0001853872459376217
-0.002660786470252648 -0.001982282135995333
-0.0005897332267073887 -0.0018012423063922737
-0.00033626506007716463 0.002547900761943008
0.001991185065441829 -0.0016113891723562542
0.0005220886971749008 8.883064992228368e-05
0.0008314062506634941 -0.002611471642787908
-4.891039931453961e-05 0.0008485636477457879
-0.0015421175073188134 -6.0716290721553215e-05
-0.0005371496083350091 -0.0017244192653007528
-0.0005451232510724841 -0.001228015119287375
-0.00037949330196459683 -0.003344876005109241
0.0009705648215617483 0.0005132362547097165
-7.98152569177165e-05 0.001840638671853423
0.0007621332072209079 -0.0007303693279513431
0.0019359770257259248 0.0025137976506410336
0.0020783431170568072 0.0018170042357501623
0.0005659726351790458 -0.0010821922934915694
0.0005549581201776085 -0.0004146812933089624
0.002817765732103447 0.002382694624638552
-0.0017040228304664653 0.0023383944129684556
-0.0005184875312605491 0.00033652689904967257
-0.00016374902899851025 -0.0014998301694011183
0.00020929714568993654 0.0013763756086171148
0.0005562969405201059 0.00025533698798552954
0.00028618772333076283 0.0013880733625223109
-0.000787033669843286 0.00033397189729022494
-0.0017051561125821743 0.003775815166659892
-0.0002759131740918196 0.0024588785613918348
0.0005599379515638118 -0.0008796117522156223
-0.0009027544776123574 0.0031796093780902816
-0.0006939304270602265 -0.0010867299709286969
0.0001415349050406253 -0.0007834061125970173
-0.0009854982069036876 -0.0009301957693690365
-0.0025293825625956174 -0.00026112017688841634
-0.0011920284266115112 -0.00176711410587885
0.003006078765725932 -0.0002534689139105977
0.0011749771301205812 0.000522140078818192
-0.0024635501797379265 0.0019499808151987727
-0.0002770354399872424 -0.0013622208745252935
0.0010976451466806667 0.0001567496013508734
0.0002922584800216543 -0.0005820300971638825
0.0024445485938387004 -0.0005392857415325191
0.0008947275732921052 -0.0011923722294281617
-0.0004335457137121488 0.00038999540048720706
-0.0006721901797257283 0.0007777639972432473
0.0011050677402365972 -0.0018533075030779437
-1.3447616094031547e-05 0.0006567700580705244
-0.0007097681567970857 0.000288293204713167
0.0007454327129718508 -7.912552846530114e-05
-0.0004873399077633349 0.0017893912026415526
0.0008517115620553561 0.0031158374673025506
0.0020619180023781114 0.0019187482830704686
-0.0003816157640866075 -3.2506663261766795e-05
-0.00042102214227973656 0.0014299472849578457
0.00033477033117898844 -0.002226175100417144
0.0010109657581198592 -0.0001497244054603887
0.0003569786416723404 0.0003601399976349441
-0.00042214606584652185 0.0014759132697941023
0.0008520158718763438 0.0015496724923212892
-0.00023712408063488168 -7.044119734187499e-05
-0.0015708290976522222 -0.0011865109829924387
-0.002903241216385569 -0.0003157262236422844
-0.002983230962307337 0.00012624462383247056
0.0029420147951389076 -0.0012663846108588817
0.002745131602517688 -0.000355884216861275
0.0005473468159392912 -0.0014814445253721097
0.0021547645735350055 0.00039324788835352203
0.0023947496192565244 -0.0009691161833540137
0.0014921565401508163 0.00043883639574487915
0.0017726766698868016 -0.00021466777307794165
-0.0004708803359750239 0.00011191232324942748
-0.0008673325769601165 0.0023764923702580564
-0.0016739374536195828 0.00020111574421895667
-0.0010509461420646112 0.001975403669553785
-0.00032710755642101336 -0.00014766330738324193
0.001010675937867531 -0.0005792347421732965
0.0009003800989491443 1.7718191920578346e-05
0.0016992239966335033 -0.0010791596061804644
0.0005571085628071539 -0.0005605597940133828
0.002084518930151905 0.002378668484105459
-0.001067583210677189 -0.0026988213016196235
-0.0009232639534555041 0.0011298320027298909
0.0006153076445617887 1.6543712616490567e-05
-0.002664719837304354 0.00029896583875087284
-0.003218373509902498 -0.0001615528961608246
0.0003036650071282354 -0.000965114178920568
5.088130522006013e-05 -0.000656710375451985
-0.0017383944963771166 0.0014811728058313981
8.973024532740037e-05 -0.0003863363638593
0.001402532589306142 -0.0002147030394614278
0.002252767359284408 5.219381967390243e-05
-0.0006239910790443758 -0.0009276552779174249
0.0018971925123637337 0.0010130734820896006
-0.0005785423836150432 0.0022188324145722446
0.0008176317372475144 0.0008667000162408784
4.703865720221162e-05 0.0014817561734643987
-0.000653930566006973 0.0008330013251234819
-0.0014027133310221913 -0.00022946801811306306
-0.0017017813937706128 -0.0009549160779393712
0.000666478720582309 0.0004624433422636722
-0.0015715476475328977 -0.001613363250401167
-0.002116385107843975 0.0002559387347251508
0.0014435680965514132 0.0012505576245300275
-0.0015923960632993437 0.00039658378206308567
-0.001209779694206454 -0.000541529806689011
-0.002897035097902555 0.001989915848080405
-0.0006996035570557602 0.0011590308475921095
-0.00029015286533174475 -0.0014688113006138483
0.002020789649122467 -0.0015891526587712237
0.0007143889556194433 0.00017972539476435433
0.003362636316276293 0.00015181425410264963
0.0012099776298069918 -0.002297556160025154
