0.0001876632954767273 0.0001905650244543736
0.00041128842761686574 0.0003194506921629934
0.004511467268970372 0.0034804512234565114
0.0006715938116292212 0.004910057512772322
-0.0012499777107685837 -0.0009145576415201247
0.001489175895350788 0.00014191411251949078
0.0018573792975834348 0.0008971607280577037
-0.0019144910383474844 0.0013021993202923555
0.002134209224018608 -0.00011006324024406795
0.0015385510186577574 0.001605065562761842
0.0005684114317313474 0.00043379195889675545
-0.00031181816450656603 -0.00031699456654820404
0.0020284670822607 -0.0022571785343386847
-0.001730792287981004 -0.00011834933390820455
-0.0016631330438082854 -0.0032908156861325907
-0.002048482608570845 0.0011237071798678288
-0.00036055217266274455 -0.0014170596709286937
0.0015810844916661704 -0.00021703757097303508
0.0007016730151077966 -0.0002413853420358402
0.0010157265243658023 -0.0010330725053204928
-0.0028491301982099095 0.001371370288115822
-0.0006185483682153229 0.001633224369618158
-7.735612711226197e-05 0.0011135935380406472
-0.00035607512289821187 0.0026360690199762104
0.001424770656800943 -0.0014140992310516219
-0.0016995074556396795 -0.00019235210935501096
-0.00010479559456546773 -1.6279423205904464e-06
-0.002513913829917199 -1.0405042425840408e-05
-0.001824052647018883 -0.002499270820333846
3.7218980105260475e-05 -0.0014006761270031558
-0.0010799318450090284 -0.0008997233912491547
-0.003352077534403126 -8.504791534519425e-05
-0.0006857012992939293 0.00030601412844463515
0.0003077769544998943 -0.000808759247057539
0.0025905132526694305 -0.0008304989468116762
-0.001069482245370228 0.0009059506689683837
0.0013316711431826046 0.0014836003918477138
-0.0011150020925504672 0.0011033909679377112
-0.0001910163697279984 0.002131676267631086
0.0020311951437747885 0.00012954892778014953
-0.0010837579517771747 -0.004129883070033337
-0.0025706172620247937 -0.0009320029629640586
0.0011693084187782586 -0.0003356919714384001
-0.0006414385443483565 -0.0019474061709519733
0.001583675050328598 -0.0006209243314015918
-0.0012908625686840465 -0.00032068300963134384
0.0029127406342515164 0.0008841531649950973
-0.0013523316810525382 -8.815640521567421e-05
-0.00019090358548578057 -0.0005588833982103698
0.0009489780218893535 -0.0015894819651465829
-0.0011900056827307084 0.002745755748293154
-0.0020041093995884504 0.0019428321531857978
0.00040041518195958644 -0.00025972842103356525
0.0011955653471869727 0.00017305406036382357
-0.00028101873196659656 0.00041583280500691403
0.0009583498406144496 0.0010316070818328987
0.0024408070451006547 0.00027697785382879296
-0.0027076138266148362 0.00029283116807371214
-0.00032217077759163793 0.0014956659974529078
-0.000898464565119541 0.0006604629408782642
0.00028908996911451555 -0.0005989390224915475
0.0004420027639614526 -0.0011835314580898185
0.0014173827556351454 -0.00045865218745936524
-0.000103365789152267 -6.759874196110901e-06
-0.00032628565777887363 0.0020732520099997864
0.0009497133556555926 -0.0015781739219668275
-0.0005300017735185552 -0.0014574549129439146
-0.0012587009239997625 0.002567110080063331
0.0019708897213154097 0.0007266120783145541
0.0006366917137299655 0.0013915104620373653
0.0030621845430041732 -0.0008364108146920315
-0.0011998188661117434 0.00044037669309153954
0.0017245625563486943 0.0012876404634453778
-0.0006099714557160108 0.0003627819446133375
0.001219482374863139 -0.0025805424124434513
-0.0022694529388713096 -0.0020316788220235663
-0.0009564588232901819 -0.0011810801725012855
0.001371359823336242 0.003932880450883242
0.001481175505029873 0.002326215215971629
1.1086852854332565e-05 -0.0003480400952095077
0.001777886277708866 0.0014200961567806814
3.551667332274297e-05 0.0005728178469362435
0.00016323843859100654 -0.0028028697943135537
0.001815619222853139 -0.0007239504403740894
-0.0014824037708516598 0.0008492622725304363
0.0008657326474581014 -4.229561913655418e-05
0.0008644799412749819 0.00036957366207936783
0.0001930805253641247 0.0022255699098813575
-0.00228779083733402 0.0033644011184739216
0.0018888581632903135 -0.002342550369843151
0.0004818202163370387 -0.0015995057020791962
0.0004853873809729501 -0.0023985901887572324
0.0009329543271304027 -0.0017583440113543528
-0.0019252890918083061 0.00060762810662611
-0.0017465562372289936 0.001951466712648444
-0.0005592850703478317 -0.001590954060005936
-0.0027609688037547307 0.001887432896384815
0.0008689792390052282 -0.0017971948764546586
0.0002707732695721606 0.0004309187282625227
0.003002964432653818 -0.0010030703491865935
0.0007793831369000225 -0.0006288354843619254
-0.0006378781510877163 0.0003016160693546605
-0.0008581575731284524 0.0006609808036695169
0.0002358240855088486 0.0002844087249438529
0.0014744711101795358 -0.0019050665793301923
-0.0006064818827734231 0.0003474608780437822
-0.0016775821190405313 -0.0009647720869504562
0.00040649107971608154 2.7738357187631355e-05
0.0001332927399389545 0.0003806089477182229
-0.0031150198787828014 -0.00041303158366298997
0.0016931213605706809 -0.0016581613814560256
0.0016745272868861833 -0.000595090271009581
-0.0006462169528067524 -0.0006582307479321034
0.002275360981864579 -0.00038852169376454827
0.0005224425588999299 -0.000247282414039533
0.0007626877197014178 -0.0016553140325595928
-0.0006794393097429723 0.0006718675614639325
0.00015294304493766525 -0.0010319133812449269
-0.0014117256954879452 0.0010446393707457926
0.0013973084302502936 0.00030182993369195566
-0.002464900851166483 -0.00246740685951953
-0.0001226705277904903 -0.0016462730462304285
0.0003089720487946444 -0.0007093637112172812
0.0004343560264782607 -0.0010271681082076117
0.002300564504829705 -0.0006645314258275322
-0.0008797684155455262 0.0011802991870350013
-0.0005172414309794758 0.0019270369025879543
0.0015961722415130568 -0.0006922928707527874
0.0012877472994101372 -0.002256910132304581
-0.0010425097899794489 0.00022673322086785174
-0.001299728548273702 -0.001488924083574149
0.0017135209175677141 -0.00042240427391572477
-3.732025787965549e-05 -0.00023649851131979057
-0.0012337760003510048 0.0015111349136137148
-0.001159433865838849 0.0009375411142223832
-0.0010163459534071233 -0.0015239273625908484
0.0014232823079449494 0.0018159573913496979
-0.0008534284386393573 0.0011501206239577625
-0.00018833629986468795 -0.0014353814897414556
-0.0014656914154608177 0.001852185013846485
-0.0006844641878253701 5.891310618666752e-05
0.0005982951861902285 0.0022271509328811623
-0.000352977123499664 0.0014264464904039703
-0.0012929108734551751 0.0007440711806450955
-0.0014732615092818222 -0.0017208301082323198
0.0002494038579878485 0.00020411469112058237
-0.0017547234420612703 -0.0025638842411052514
-0.001765792899694221 -0.00040188485435059567
-0.0007751000263576947 0.0005485533302982582
-0.0002749695646086192 -0.0007256294955641852
-0.0008232069450793281 -0.0014318243241129857
-8.62798211964578e-05 0.0005623152199320667
-0.0006383072980661595 0.002145637988756194
0.0020708365444094294 -0.002865742662215685
-0.0003455085533264263 0.0009917930236170627
0.0005123240857180592 0.0026531503095859267
-0.0020137556424745504 0.0005530303665206448
-0.000793747286405923 0.0007774365490738005
0.0005563970534797828 -0.00044430010758362323
-0.0008774624337225522 -0.0010345028260110537
-0.0008340165833487926 0.0027910751622603584
0.0018118639815293072 0.0005409052752249754
0.00034001245231210405 9.16423842624915e-05
0.0010396869090785867 -0.0012077297849937957
0.0022775541661892596 -0.0016385506219646
-0.0010524176135847621 -0.0010217236133135675
0.0033097404765903386 -0.0006533062743458211
-0.00010152456037065588 0.0017197854669249765
-0.0007482343762406974 0.0009205016008453306
-0.0003403149387090478 0.0013609991011995903
-0.00012442339009818756 -0.0014485993471705
0.0004419493845982063 -0.001780955501307622
0.0007648527426733027 0.0003875373749073992
-0.00020417507163846623 -0.00037522389964983536
-0.0015170031077614229 0.002165807930859268
-0.0005334758822179006 0.002216338170939599
-0.0009567879986383598 0.0003189247484980375
-0.001428142018694755 -0.0011448516880271239
0.0014043937739130186 0.00036685464363636725
0.002661861668112615 0.002560301755593133
-0.0006245366972804989 0.0006176528777382355
-0.0026739029034233545 -0.0019061059589773775
-0.00019499469548382584 0.00045491172638877244
0.0020295181433192385 -0.0021852649994572155
-0.001862855639471345 -0.0008591794884803671
0.000532349861889598 0.001736423355394566
-0.0018340861986111093 -0.000284255165672514
-0.0006094236498995429 0.0007124693022727794
0.0004017476642565092 0.0021184118870590032
0.0012770128037624113 5.245269979335818e-05
-0.0019253256358967793 0.0006832049225520507
0.0005002708935809548 -0.00017106974370843377
-0.0018444144184202372 0.0005320114828158145
0.00025170942070180464 -0.00021232747590989323
-0.0009143689508115882 0.002633537589713724
-0.003000189063936661 0.0012430942602883782
0.00024521997767360334 0.000616544755442957
-0.00027713964357733913 0.0005081729933568998
-9.433498117997285e-05 -0.00022012460857346688
-0.001249480841686046 -0.0007791869209332305
-0.0011128574338850172 0.0013637232312324824
-0.0019101702279538248 0.0003177733194023395
-0.0017685084793054593 0.000515657498881501
0.002967778013561607 -5.3283918478457005e-05
0.0016475830839736065 0.0021967674119154562
0.00037786246007356846 0.0017849983425767965
0.001281757316722356 -0.0022578997667095035
0.001326785589432245 0.0008817549489017366
0.00028304628969863814 -0.00041367827267213764
-0.0004912510852991393 -0.0005089186676523726
0.00030683897403217553 0.0013792017397314268
-0.0009305500107127043 0.0027992917162987458
0.0013775921420792528 0.0010897184946937102
-0.001298607460151169 2.8644963850470027e-05
-0.00020205890508355384 0.0021037500996811537
0.002249759017439285 0.0015671292371613665
-0.0005321053775924822 -0.0007905697106523747
-0.0011367640045616377 5.2409637605818945e-05
0.0026744029994501973 -2.617322117314714e-05
-0.0027928480330330504 -0.0015364557673643391
0.0012103441709221943 -0.001970720332380744
0.0002686527134687192 -0.00011445429964093108
-0.00017615226231487542 0.0007918389484690476
-0.0015278523315962501 0.00036729493972507114
0.0015107959411199052 -0.001281806860486674
-0.0009322490554251057 0.0015201554115524547
0.0009520396028882805 -0.00011337877097224011
0.0010576422642917655 -0.00011024236501626186
0.0022873907409039756 0.002876723924372114
-0.0017850876777165963 0.002974656516211187
0.002274106171630153 0.00024648890397729466
-6.406298884258182e-05 0.0016906650224792
0.001545274656195703 0.0014223172013445723
0.0003862584360033274 -0.0017282380076998872
-0.00010412278621704045 -0.0007154303724334508
-0.00044792640484618085 0.001430624842539782
0.003037220030312194 -0.0006727047718971011
0.0018811096931308515 -5.331145768046717e-05
0.0018185559957839866 0.00018860798601122685
-0.001048830125515059 -0.0006535499431872138
-0.0004755075568073348 -0.0016753586095428219
0.0006433852571575552 0.0003645124926782046
0.00047914300619414867 0.001139706513908694
0.0019949461665380204 -0.0030878013129668437
-0.0007809785310118316 -0.001783662874500569
-0.0011656959418074983 -0.0013309539946819693
-0.0007387282378489543 -7.164101972953787e-05
-0.0009338757250492469 5.6161922177775995e-05
0.0004662261155929354 0.0007806795820696309
0.00022497193729159693 0.0024601000811856582
-0.00028035370115841714 -7.83977151502716e-05
-0.0011962533490415888 0.0010464179738187212
0.00277967080012965 0.000913998590588057
-0.0026206435334993417 0.0009621246421656512
-0.0011836425690978749 -0.0006960879951128362
0.0001549688796862648 0.00031428955740467736
-0.0009971700728253182 0.0012999113656279478
0.0016514619772461214 -0.002062798135675409
-0.0016692671566047024 0.0022334781664669163
-0.0032131538650849497 -0.0003575354806088379
0.00017318849814631525 0.002304600738910048
-0.00022848952980470799 0.0029484592925531003
-0.0013583985180527943 0.0025257843051424657
-0.0008541519853343528 -0.0013948936497350359
-0.0020416251548912314 0.0012462450955400771
-0.0015716088813540665 -0.002427281431193024
0.0022899326840790787 0.0016351675324972601
0.0006515641417666406 -0.00037860439019033365
0.0008577990807911044 4.7575532039312215e-05
0.0014204752000731883 0.0013970193646141043
-0.0010131854520801392 0.0015484560820377125
0.0013455991623825456 -0.0007065683499461522
-0.002760448753072399 0.000797870891990679
-0.0014016139461707322 0.0008003737681608961
-0.004019257824747159 -1.7864481746759364e-05
-0.0003593463428707952 0.0003862951968803624
0.0019246807348273466 0.0009480508837437364
0.000404577277994629 -2.9277659856487535e-06
-0.0005022346939462209 -0.0018689685276275835
-0.0007300024690919766 0.0017594730927382697
-0.0014656116901532671 0.001287062618776998
-0.0027585903186531546 0.0018076623193347006
0.0004690868755113916 0.0003075432051727175
-0.00018497871088497798 0.003108389179976952
0.000596494403014375 -0.0009323819473298065
-0.002933503225407656 0.000192981764163143
7.75335450706923e-05 -0.00035768136573617495
0.0015547115198723583 -0.002781799709115443
-0.00050707731180138 -0.0012567476916554938
0.0013396000121143586 -0.00011412557884070248
-0.0011711500597162824 0.001960861633564122
0.001918648836811584 -0.0009680734029313013
-0.0014295426250792239 -0.0002107305869072733
0.0014131620256329347 0.0005391117914450464
-0.00023126668437004844 -0.0017496766060038041
-0.0016851524682594526 0.00040191300587319527
0.002024807574794217 0.0016203564751049654
0.0022003850752360886 -0.00045953424238455985
0.002297064319253721 -0.0006880894258295519
0.0007620285364269034 -0.000992076799988126
-0.0023379288644794125 0.0009331409534928076
0.0007628476101684719 -0.0006671579208889703
-0.0010404518736198804 -0.0020737455304159517
