0.00013990436873845917 8.79224335553166e-05
7.919453586962623e-05 0.00026758908508432857
0.00521564047178095 0.004858213621586495
0.001214780807440625 -0.0009494470507905046
0.003021599323073914 -0.001793212426429847
0.000898063387794874 0.0007435277999583417
-7.792730824554861e-05 0.0005433548639384443
0.0005179148778972952 -0.0017963296618865143
-0.0040804240160244795 0.0024274517196920717
-0.0019976719756361885 -0.0005355003711243516
0.001460972620115213 -0.0031380697260529546
-0.0001821864101283829 0.0019594412860475248
5.520085900922278e-05 -0.0033448577599695067
-9.183775761906907e-05 -0.0034231237995315457
-0.000921159226565285 -0.0008320849926552723
0.002027382373962848 -8.502073163103845e-05
-0.000515366047740112 -4.940658670801478e-05
0.0018680611896590479 0.0008171337318716176
0.002098472894433162 -0.0006681760948507854
-0.0005183140359385414 -0.002648469577239631
0.0006728944499697788 0.0004136209768346782
0.0006230582143193651 0.004343664974813129
0.0007889663493668308 -0.0024629850936097194
0.0004967124627788301 -0.001295841336534294
0.0014305641608376735 -0.0008211007470189366
-0.0010954676779761528 -0.0021845596855475983
-0.0009728350080215018 -0.0005343140719928294
0.0009579771112456724 -0.0002846280515181505
0.0007738046956903763 0.0004745162991853937
-0.0009050311792702028 -0.00039532889865396154
0.0008844207223293807 0.0011882859279622104
0.0005883900417185593 -0.0019765260794189507
0.0004201079286005231 -0.0007695564366443243
-0.0013828495680816406 0.0015008932667551283
0.0013962267055938902 -0.0026248504303921765
-0.00034618766408371773 -0.0005093059391407008
-0.0021523979778129733 0.0015601918895915066
0.001923528800680392 -0.0024378704420789836
0.001961118693484341 0.002303055419019716
0.0027822890077973767 -0.0002785776110562152
0.0022675056599558356 0.0006619473689914464
0.001407300274655309 0.0012510770872380134
0.001839445998078123 -0.0006267812530920593
-0.0004698069867407714 0.0018699309623819416
-0.0008374801215570352 -0.003849354897261209
-0.001110478054083665 -0.0010404630281559799
0.0005289231729770277 -0.00027202911347273915
0.00026787004415694413 0.001556438985124841
-0.00011935655326557065 -0.0011297336636751747
-0.0018494797583486914 0.000871100665654943
-0.0019265266364178772 0.0013632218008168212
1.467873295642189e-05 0.001133575692634754
0.0011973017009170126 0.0007539826550381069
-0.0005673996377108656 0.002177943210346968
0.0004382999583039318 -0.0011446007279319543
0.0017231803536652858 -0.0005849369753881304
-0.000194920376663243 0.0005175544094921844
0.0018669270150892944 0.0026132798802406005
0.00222897996324673 -0.0015850304906264146
-0.0025466977214343312 -0.0011420651202875942
0.0013032885235029596 -0.0015196960593353338
-0.0014520634100703123 0.0017339715286047853
0.00046335277360884657 -0.0002901180557652648
-0.0024159302464194453 0.0006856251702520051
-0.002755959429408591 0.001272994390587976
0.0028438872069857265 -0.0009071453176517059
-0.0005283052502908661 0.001436018112978177
4.3980517792984036e-05 0.0005911557780109135
0.0005655734460977159 -0.0012827185576413298
-0.0010359500634552427 0.0009257501200405881
-0.0034064815720975298 -0.0016635825442760355
0.0022409715163683517 0.0004616116092633048
0.0017101670814720724 -0.0012366081192127555
0.0008092239053932333 0.0023462011733022085
-0.00048508382489495706 -0.0013579564846922696
-0.0009679325298248059 0.0005748043746331458
-0.0022168852316519333 0.0013240210726643035
-0.0007761423815416635 -0.0016965301253218372
0.0026388483003135115 0.00018530573757726213
0.00034455088646320704 0.001506454562709487
-0.0013756434148439489 -0.001550670902698001
-0.0012231810133598881 0.0013951752897196385
0.0005554736686053296 -0.0014647352155754607
-0.0003168115213753237 0.0013087786624929553
0.0008539201606696398 0.0016321279742618012
-0.0004436098890936018 -0.0008363327751637265
-0.0016802085950596633 -0.0008271602242179529
0.0022143427177836227 -0.000700646811219428
0.00016378075467996927 0.0013941976305926924
-0.0006112879232017097 0.0006862063354245379
-0.0007645348730348332 -0.0003575202021554132
0.0003004560736547308 -0.003177072542181415
-0.0006775228110349029 -0.0010051141804626581
0.0010642451883815728 0.0013570808964561381
5.1994691289834726e-05 -0.0019466972205422254
0.0037467598204497807 8.342580296586946e-06
0.0028197361771574963 -0.0006210300026115223
3.346053649747422e-05 0.0007169239431926055
-0.00020367740251534306 0.0005020202740239156
-0.00045338928765556604 0.0014595347541712339
0.0024691223343321256 0.003928112415633259
0.0013066549133582898 -0.0026851180047151417
-0.0023217161775394364 0.00039329360389026507
0.00020496700840723418 -0.0022413534319242856
0.0015083677642716464 -7.477357648164464e-05
-0.0009038561037745335 -0.00013875218720849774
0.002127168324531758 -0.0008654846106815714
0.0007527766754145066 0.0007505964998333628
5.2169504254319284e-05 0.00046531467760595646
-0.0003629510221604427 -0.00012261500026086665
-0.0019107259721210372 0.0002244896867107608
-0.00104598988593042 -0.0009428300434113329
-0.0007301035566615496 0.0016415139773072566
-0.00028723452600622705 8.618697262158131e-05
-0.0014791955182394542 0.0004906527116226328
0.0024009402692979874 0.0005643545599434922
-0.0019766238902976696 0.00015745763203026694
-0.00022674601155811671 2.990179591965556e-05
-0.00013709773659207965 0.0010267627119170948
-0.0009696286338708224 -0.0005862458299905177
0.0011165566890852037 -0.000924067647313878
0.0006344382164209678 0.00045826702752321455
-0.0018662719061612288 0.000698546476515407
-0.0001726996714985804 -0.0004306155239570572
-0.0008213945650567527 -5.503977104334773e-05
0.0016979928701874683 -2.8990803545343717e-05
-0.001059514503083446 0.0021641561354972193
0.00042460614858578566 0.000660115979458937
-0.00012669289579647408 -0.00038358387701339165
0.0006355142373236181 -0.0005429115140300438
0.0012038392044758312 -0.0007796000878017717
0.001437191953978477 0.00034518722468602754
0.001055056885677132 -0.00048299525927115544
-0.001216778281371642 0.0025420940742591014
-0.0021019067377361063 0.0008206813775046731
0.0013733550194409783 -0.0015877618199130082
-0.0025377050787943308 0.0004667716901157109
-0.0016825289989134608 0.0006422361185905774
0.0007014244809799875 8.433170191268733e-05
-0.0021178878956815707 6.967760458953031e-05
-0.0019188691290078985 -0.0017709266272008582
-0.0021354708574069198 0.0003053356638379193
-0.0002709504967891783 -0.0004907625178273958
0.0033042871074452254 0.0001434388203338797
0.0020851005549620003 0.0006613030389729925
-0.0007050490581291994 -0.0006778538290765933
0.0020810482313613804 0.0009794513555405435
-0.003427164445572964 0.00038688353959307045
0.0034201592865173063 0.0012316449789793434
-0.0003977145966565523 0.0013763648345499777
0.0009421152171987679 -0.002014634028166342
0.00030983787687664696 0.0019182587523459364
0.0029050007582154145 0.0026658178959470587
0.0007911457120994761 0.0014313449510927347
-0.00032838144569010574 0.00041466792144225916
0.0014978928653770441 -0.0005484183268239851
0.002108819688964483 0.0009187926082435525
-0.0008958657026870992 0.0005271059744944634
-0.0004104939957475327 -0.0023637825045584406
-0.00013311340445908612 0.000203165477307688
0.00019427119796823597 -0.0007612693698963248
-0.0003834210597459002 -0.0033176068020664977
-0.0010794351586897026 0.0016525467008342424
0.0020207929483932107 -0.0011424626783462417
0.0011051630027635328 -0.0005813286540881277
-0.0011481420355387625 -0.0009416304644992119
0.0008279733408556417 0.0018647050772723716
0.0013684344807191721 -0.0011524967767001044
-0.00040130417389207127 -0.0011821542208696946
-0.002703249654541185 0.0009480724359108298
-0.0014231418380631572 0.00029228303572067274
-0.0005010280656345414 0.000594451765434892
0.0019936082074160375 -0.0007545539316679973
-0.0015505687200682674 0.0009342190544137462
-0.0008279693830381199 0.0002254026450658109
0.0006603880009703328 7.492798329866121e-05
-0.000992977541867503 -0.0018226575613499443
-0.0006486561999049543 0.0012464775234178052
0.00036897078876662963 0.00010814564327342731
0.0005360191639433934 0.0002364627667923546
0.0009640545174378463 -0.0010053301885000789
-0.001092717600249988 -0.0007015881061657232
-0.0007479725788431815 0.00048676855357602145
0.0029948174481040915 0.001487682002473458
0.0018042325812540928 -0.0015997614269488531
0.001686823709203643 -0.0009409822684644169
0.0006584563256138995 -7.083934466534314e-05
-0.0009234681918048399 0.00015700274421397
-0.00022250472448640468 -0.0008534478579472093
0.00157874982695298 -0.0010918953878525884
-0.001184697802399569 -0.00019860841107397298
0.0010669823821680049 0.0012831612838339278
0.0010785747873268906 -0.0005610599414947045
0.0008442043994223964 -0.0026120904561825675
0.0002351219108784111 0.0005587490144613392
-0.0010862406914030009 0.00041931859868662253
-0.00018209069107539815 -0.002738910219696084
-3.920698827354362e-05 0.0015363823059226342
-0.0018844436408707581 0.0010620450880993609
0.0004967422405147422 0.0003294289046180365
0.0012489823168361286 -0.001022367961285823
-0.00019725240784445984 0.001339330600773666
0.00010132255289260185 -0.0008999644772702313
-0.00020574996643851946 0.00012669804096112245
-0.004163882855533468 0.0001362692947934844
-0.00028228138384769127 0.0027140470321253204
0.0012638796389112341 -0.001050683902528359
0.0013326509463568864 0.002412270370367313
-0.0018590752323785265 0.0035575821879931797
-0.0012068627771138673 0.001484135168642564
-0.0009327016070137987 0.0002649930187739929
0.0002596977213579163 -0.0035840351199788434
-0.0015210663911417867 -0.0005206824098508111
0.001509353813856143 0.001048154135974912
-0.0006961038518464429 0.00019423482801371388
0.0008127898936226959 0.0017699795916055591
0.0017708419782046598 -0.0009534648757723725
-4.0572808893899125e-05 -0.0026958949932075066
0.0002926202429361539 -0.0013549805613811976
0.0005023981297905904 -0.0020746529208266135
0.00036590991534454347 -0.0022585806922385617
0.00021526855690307475 -0.0018528885202717096
-0.0016060632356974303 -0.0016132402694700111
0.0003135560218223974 -0.0002452566579308431
0.0034212871967195784 0.003262218616278962
-0.0003435975397933947 -0.0015636096742883594
0.001969051280221715 0.00018539164263184788
-6.867049650955604e-05 0.0012577262849646116
0.0002116324387257724 -0.000835604548870347
0.0004957408571756259 -0.002527380837217047
0.00057380270781391 4.882373558482899e-05
-0.0010993158898952543 0.0009471531599184378
0.00016011904046385678 -0.0005378655476125213
-0.0017279350448704647 0.0001385984337890644
3.147009932801264e-05 -0.002290577450618628
-0.0012630942917471325 0.0018780019478238522
0.00013605131299090472 -0.0011918181578478122
-0.0007695508476412563 -0.0013270744671417527
-0.00013220588526939833 -0.0024896019381960813
-0.0013529413857269973 -0.0007358727576875667
-0.00033575234212420866 -0.0012513841058785383
0.0002471392805171537 -0.0005248457050992218
-0.00022339826752609484 0.0012036472732782908
0.002004134296847182 0.0012201847646349984
0.0005816796616121102 0.0003811359380354513
0.00040651048209985023 0.002234037944660833
-0.00038600969067456527 0.0011854516465591388
0.00013591070517095737 -0.0017040736019963453
-0.00023220412259906557 -0.0010965836179804946
-7.824700635922286e-06 0.0008955428776065314
-0.0005625663694072423 -0.000733228783703399
-0.002391664414124269 0.0014309923645865557
0.0010567577352739777 6.25774803395196e-05
0.00087772531505458 -9.550611216074146e-06
0.0017032727225506073 -0.0015222063168036375
0.0009040761020028175 0.0005574860336301355
0.0024740653635397843 0.00013237691127149906
-0.0009017126304524381 0.0032323551363119094
-0.000568589639019864 -0.0007667992585211654
-0.0007447870399466328 0.0004718000372193962
0.002854251047671606 -0.0002295402029730918
-5.349760464752001e-05 0.0005346637290360792
-0.0018800476215358587 0.0002580903612847951
-0.000872101146214033 0.0029868432082089695
-0.0017931010363154232 -0.0005727621316253887
0.0008719755048015679 -0.0008338106335906747
-0.0011376392156545799 0.000386353980291055
-0.0004925649404699206 0.0022651780336392104
0.0010228150086064416 -0.0014261095237923709
-0.002502122576213357 9.524061693317817e-05
-0.001201102638050475 -0.0008841398412045091
-0.00017438239690235107 0.0006193113268439903
0.0008125143777221715 0.0018057785973875095
-0.00012621427430680157 0.0006195206301097143
0.0027204953133327485 0.00034631199203164403
0.00045136259210934936 0.0009783408700796967
-0.0022575767655202456 -0.0016762137787106508
-0.0009579662556521024 0.0004982156827973247
-0.0006372486035223284 -0.0001461754092890063
0.0006659380276277617 0.0007593645688667312
-0.0015773620504638277 0.0006245685799376254
-0.0008465774549216011 -0.0009366397969699521
0.0014861454502974989 0.0009121625184754147
0.00022660682956634072 -0.0016112709252762377
0.0015939013867897998 0.0006164733881681521
0.0025243503211338936 -0.0017203685199071758
0.0014083090562563587 -0.0014242267460371247
-0.001143331735645505 -0.0012511107188434797
0.0010891098826503157 -0.0007019104701026712
0.0009462942955828933 -0.0006866363243651143
0.0018456566393830734 -0.0003120639572459874
-0.0012032099776642243 0.002003566132520618
0.0021939367627334372 0.003513666486626789
0.00015968731635627054 -0.0032230898466883264
-0.001327657359540151 -0.0002639852610806807
-0.0006641397976452338 0.0017910438361621315
0.00013798303105590394 -0.001339133636183796
-0.0013118572281979222 0.0007353976933496333
0.002061678298732502 -0.0006623671434077012
-0.001624733265535748 -0.002397105071323161
-0.00019608794970654987 0.0018037833672262683
0.00023727428630827477 0.0004658018325504536
0.001866518548352033 0.000811285792493524
