0.00016607603944463156 0.00017158007062553868
0.0002997711118465754 0.0001455484181363503
0.0029941397803769777 0.004413206170437564
0.0015626128123976217 -0.00114264968524153
-3.7741317270852355e-05 0.001561062183651311
0.002399668579315936 0.0017457834854117326
-0.00017278117717820993 -0.0021601319398137785
0.0014492278142318703 0.001723490265514202
0.0007180325183607076 -0.0023537786716176035
0.0009531905318856636 -0.001239242319139594
0.0016542614572668355 0.000881878562259165
-0.0007665419234836686 0.0010474543471689927
0.0003525923112970747 -0.002193327546466236
0.0008310385226541647 0.0029152671124823425
-0.0017642978241945216 0.0008889981969063088
0.00046643833385198025 -0.0003356256795323483
0.0018082449965863764 -0.0019321932383244132
0.0009560647154575963 0.0015480209449512262
-0.0018907466351354922 -0.00046523767920649873
-0.001659952426912023 -0.0002950475540609664
0.0005534355344435092 0.005822922054933928
-0.0002616317285740633 0.0006521592032474915
-0.0016698287537045753 0.000874800556079778
-0.0013143800381351183 -3.9595429827059446e-05
-0.0012998904010243224 -0.0007502190172256711
-0.0020958812992367165 -0.0012359993398722681
0.0022343891001629823 0.0007366074200836016
-0.0009922683176747753 -0.0012071937669667714
0.001276846899220434 0.00032400624091641307
0.003414191577499922 0.001620058137097916
-0.0008444988756903622 -0.002129848168515509
0.0004974943016258745 0.0007137181957721974
-0.00026771613689031265 0.0006494373783470155
0.0006323267940208175 0.0003462234948483222
0.0006129198852409998 0.001375128037080027
0.002040848400801164 0.0015251889269541912
-0.001968948860444542 -6.0112362804068726e-05
0.004129754033192152 -0.00169087445140107
-0.001052352375042466 0.0008392205302589298
-0.0006237392888345737 0.0015498774373536404
0.000930874394650759 -0.00012677921531830758
0.0011891531865370392 -0.0008253784702672745
0.002990106183911446 0.0029004372212759195
0.00033601027217840013 -0.0020048971390629524
-0.0016561417258976461 -0.0015792277048110586
-0.0007161627189437239 -0.0016275789420228612
0.0006421170532881006 0.002193488045641492
-0.002102696322517458 0.0002759458659676167
-0.0015550141728336978 -0.0004408490353290345
0.0002943860408286486 0.00141237694448271
0.0015876744943348938 -0.0003418829299583206
-0.002259766407541705 0.000984695707922871
-0.0015049904052232826 0.000568098027134062
0.001784541912359115 -0.0027237318324054667
0.0009462763844487609 -0.0003401515367405898
-6.715674154653542e-05 0.0011880589411493584
-0.0012035869474694427 0.001457211779726557
0.0003501408603221266 -0.00020624832512013543
0.0026661442511727662 -0.0002624985797307998
-0.00098903519389787 0.0023462870020109425
-0.0010586892627254957 0.0013540174638074821
-0.0010284443250687197 0.0011383327326221595
0.0021670579715783495 -0.0011018743858681854
0.001328843563186527 -0.00022574832020248183
-0.0021555859444491936 0.0004762998004999578
-0.001765839724579472 0.0005473253026130556
-0.0004696196527932682 0.0014269922351431326
-0.00023390489184917448 0.0005602214156145975
-0.0015911259001574975 0.0012552453184947133
0.001792060625811449 0.000324519716064163
-0.0016928388859764722 -0.0004339219904767591
0.001612026012702794 0.0002683118328573652
-0.0001814500424100641 0.002398036263530242
0.001274903668317085 0.0007638635282893744
0.0021525537988131773 5.70557247038673e-05
0.0008414083866879154 -0.0013533258601027454
-0.001222497943503544 -0.0005300185602046357
-0.0006661743166556638 0.00021756440981812085
0.00044511537092358763 0.0004574561573678388
0.0011869344411060074 5.0482580537690635e-05
0.00014948484430671492 -6.437316839606105e-05
-0.0011244208801306805 -0.0002736829526780994
0.0023074935198992364 -1.6595119961185343e-05
0.0025405111223910076 -0.0015440509597461057
0.0008051113156608307 -0.0007233270107826704
0.001887307488716459 0.0018087438076910308
-0.0009679153329684163 0.0015765741701483783
-0.000561319119089763 0.00023039163030600982
0.0003085393412271445 0.0014811959890627207
-0.0005387880950527668 -0.0010550347897552992
0.002779091752157647 0.00035644648918059
-7.727271301824972e-05 7.143634401853333e-05
-0.0004160224162958696 0.0019021006774821822
0.001045907669862916 0.0005333442254874557
0.0006727895582843723 -0.0024177014689445568
0.0001550871849719763 0.00038248580991491845
0.00039844963131275256 0.0036374113320181887
0.0016672184371158156 0.0021643012394703927
-0.0006493424530393452 -0.0016476182443597208
0.0010326569304658015 0.00044557079399737133
-0.0001590424974396306 0.0024351912441573876
0.00029806475196055064 0.0006255968887087599
-0.0007502522940851321 -5.1103713272379916e-05
-0.0009241352832359147 -0.003936101414548971
0.0014733183227790343 0.00080520096307528
0.0013492507607408516 -0.001158546087460258
-0.0013146576606326758 -0.0006448451746055466
-0.0016104040039705103 -0.00040820073142016245
-0.0014729027055159526 0.001955071724276717
-0.0006753198433303209 -0.0010481311802103353
-0.00047011345381685815 0.0003544326455170805
0.0010750204423893173 -0.000983816605997795
0.0006321927480049758 0.0003362322944242896
0.0014626369447775117 0.0009201013038325558
0.00015537730714561948 -0.0013998064320790257
0.001526256490214774 -0.0019064393816114037
0.0010247302236035588 -0.0004169982344113674
0.0003162307711253608 6.485229461070102e-05
0.0011307205458609222 -0.0014094614150042533
0.0003655028567072198 -0.002371540349972886
-5.233466190520747e-05 -0.0012374425288468637
0.00025070127406706194 0.0004752865277735328
-0.0008751147201495026 0.0005732858602185773
-0.00253949805504804 4.703263135024708e-05
0.001786403194977686 -0.0016822534840701979
0.00043503255425507767 -0.0006068709102021263
-0.0005673029544993702 -0.00040001014890082983
0.0003883569927721503 0.0008032636322133829
-0.0028717739222300746 -0.0009917350215061427
0.000843884207511724 -0.0002579001296635738
-0.0011871867242730623 -0.0016453178015746607
-0.001497849436692915 -0.0009423462833845095
-0.0009735696580477558 0.00018660511280491762
-0.001514788219707729 0.0009850538793029049
0.0007559045145423288 -0.0015566188223603168
0.0004692908237652094 -0.0017388634691108038
-0.000190229751257749 -8.823550261850107e-05
-9.323526984544171e-07 0.0014581617363204457
0.00038622113894085113 -0.0021830089866586547
-0.0015590986230229681 0.00019177881358468381
0.0013584393978446668 -0.0017655938918364417
0.00011626409302417464 0.0010588505490885553
0.00015642778525923638 -0.002022111156059142
-0.002394584664567338 0.0004687370755201468
-0.000730452226759224 0.0010860654769206876
0.00013907036848574187 3.375709557865169e-05
0.0016292426246917657 -0.00013215999399169025
0.000957154025717716 0.0006295712531061649
0.00026008112801300737 -0.0009113924959249456
0.0004986904067040875 -0.0019352546913982394
-7.830894745447307e-05 -0.0009877709979419515
-0.0002235868949870677 -0.0007926117775157481
-3.654916753233759e-05 4.345275084932299e-06
0.0010424485738441448 0.0016273497775171196
-0.0011657009739987094 0.00014080195943591374
-0.0006042539791004729 4.896778913693759e-05
-0.0014395291382288307 0.0004662971243838496
-0.00013908509407337236 -0.0008970596365354756
-0.0016197098904685322 3.3782440207154314e-05
-0.001285546129797066 -0.0024783266077425003
-0.0005828870900897563 0.001045091033529293
-0.000853645103357085 0.0003117745830046544
0.002264546930699419 0.0007766176316470878
0.000206860144089849 0.0008813802614413396
-0.0003029604452692372 0.001953837954380562
-0.0012088206481521467 -0.0002914658033303663
0.00041270359986642297 -0.001055292252162583
-4.441123846552759e-06 -0.0021493650312731276
0.0014820395604428036 0.0009955975614569332
0.001891269207742599 -0.0006553828388774476
0.0013604217273690466 -0.0018477998265466285
-9.092263638420115e-05 0.001742469658289675
0.00028435110274942796 -0.0012289516891300272
0.00043265597208649636 -0.0016762639878798577
0.0012842218612555737 -0.0018990475951571023
-0.00031559088960884864 -0.000995777378385693
-0.0009851785392450468 -0.0004485172286955279
-0.0026588886786151037 0.0014089759335093825
0.0004109879732399739 -0.0006615467005731672
0.0016660597256705064 0.00118125440847723
-0.0017550410195851121 0.0008288239266098656
0.00026623602422804946 -0.0019046673788733317
-0.0002705956097933701 -0.0022944217497218324
0.001400348266845505 0.0009217328726879455
0.0022954999638840046 0.0005284455528375841
-0.0012659056816390003 -0.0009119961947178763
0.00021080495462449212 0.0004960092116094262
-0.00041682117174326967 0.001827840508739559
0.0016125420364152473 -0.0024781029609064575
0.0009079246631310044 0.0006576932002095825
0.0025352256635919057 -0.0008482185653594842
0.0009949574573733288 0.0009223917234432895
-0.001543836236408369 -0.002522918374045252
0.0007383378355579636 -0.0018557979859107556
3.684351125115877e-05 -0.0004667573385490565
0.0008553242927922592 0.0006181649868736512
0.0013916476860760373 -0.00024857299665750193
0.00046177996675133567 0.0021657895324087915
-0.0013069125467054658 -0.0013801451434333756
-0.0011032987138114853 0.00042193272093405857
0.0018479988594011748 0.002331555942621658
-0.0016273692340052046 -0.001132285505611092
-0.0015775898926712196 0.0005185228804561522
0.001076313929865128 -0.00017238568185168145
0.00021234041531644564 -0.0014194073857520773
0.00024343044789568996 0.0012939086668823326
0.002419565324645867 0.000756009496191529
-2.5225155395755142e-05 0.0010916637238329264
0.0008251891322289436 0.0014176025448129667
3.3496023803203345e-05 0.0006074329587783976
0.0003464121428642974 -0.0025220977115632246
-0.00018044706313349084 -0.0025126834117803576
0.003068795759753526 0.0009661922414867358
0.0011445224614398649 0.0011459874052407349
-0.001606390646103641 -0.0006732463425603818
-0.0009180294197142245 -0.001586619210308787
-0.00171217942525463 -0.0014070553772967036
-0.003230351695644728 -0.0011697497686124938
-0.00032115838463563393 -0.001562597655891939
-0.0005096106834747303 0.001294275509292665
-0.0018436125655368766 0.0013996690054844927
0.0014820853674672174 -0.0014265794558239008
-7.159293369153374e-05 -0.0003387300897100716
0.0008030579778085517 0.00031068436312107654
-3.5678350746054325e-05 -0.00010873149374097161
-4.192441819893803e-06 0.0004744466510962884
-0.000599972176517237 0.0004950959306895127
-0.002399440293083476 -0.0007933878271892121
0.0005050117331540305 0.0019681257131723123
-3.516802704311317e-05 4.811306528298737e-05
-6.323014532614613e-05 0.002470072884725356
-0.0008140644840774211 0.0011422528709858605
0.0019737942655029777 0.000387084396581527
2.5256932620448445e-05 -0.0022698290158763928
0.0005559919134098591 0.0006142928727944561
0.00015058587239637618 -0.00010677222472773436
0.0003857843912268005 -0.0013067722366859116
-0.0002509102800574251 0.0010466188499365463
0.0017213204068222423 7.241899153615919e-05
0.000998879088916809 0.0009089572658540797
0.0015019918118665406 0.0020860985616567547
-0.0008301310343790573 0.0006104368763868754
-0.0017660054630122496 0.0002053529384433036
-0.0016406557781591523 -0.0018893485150288732
-0.0014329287488342997 -0.0021850152918445514
-0.0001863786892897379 -0.0002897458811108263
-0.002173942213440944 -0.001070539437329868
-0.0009505225364265814 0.0013062911898486856
0.0015888390517017775 0.0007881593895365747
-0.0021771376409589495 0.0008780692955710146
0.00040549090828635135 -0.0007876486242548431
-0.0001618529599602518 -0.0005958570720098694
-0.001474888081895333 0.003922325938797027
0.0014025391329529173 0.004579828098402838
0.0017960063147174682 -0.0013359703556958841
0.0008242919224621543 0.001044165242356077
0.0002966555851047907 0.0009296426433047115
-0.0018064122960652555 -0.0015661849130575714
0.0017264181510714025 0.0012580139014390867
0.00045840673286141995 0.0010504640920447452
-9.742891945243531e-05 -0.00047948234470395444
0.0030537215925460874 0.0024859852457371585
-0.0004711274534524832 -0.0006720135267989768
-0.0023657233773778236 0.0013746932873691337
0.0018744543976774914 -0.0011965139967463157
0.0009537823681687394 -0.0018481109573593856
0.000689507181724843 -0.0005192571931416852
-0.0009550444515570766 -0.0014271300444770943
-0.0018376768172956612 -0.00028833271636221036
0.0014746239452934685 -0.003423005875791693
0.0024436128239085503 0.0029584668997626384
-0.0012778945366702292 -0.0009515472417341829
0.00037881735515739074 -0.0015958430348458046
0.0006200472895122607 0.0015276558327956661
-0.0007127233116139037 0.002157945214098495
-0.0009075612577205914 0.0004613883101266946
0.0018468625750474685 -0.001882391808085818
0.0004548620481740398 -0.002172880605089289
-0.0025675281866934865 -0.0003076889372798495
-0.0001447921451429355 0.0004658847158416652
0.0011811549626029544 -0.0009512008709585023
0.001253642674697193 0.0024165484768199235
-0.0002218436202677664 0.0007261142478944167
0.0012451303186045354 -0.0003390250818483286
0.0016459865691744525 0.0006592824047656989
0.0004631940997629663 0.0008753698017882107
-0.0012628580858290448 -0.000534219411525285
-0.0011632927526562845 0.002341159099422082
0.0017753054774651892 2.7660856847953856e-05
0.00024266012000611625 -0.0014256972663616136
-0.0012989073411287767 -0.0018351425473645002
0.0008211765410810542 -0.001098264127600781
-0.0020537360091291814 -3.1967868024318365e-05
0.0007743910155026972 0.001416330745596098
-0.001882943714361988 0.0012586579577131434
6.462709587491077e-05 0.0004018276215440687
0.0004003648985322724 0.00014164710109964318
6.300723680669046e-05 -0.0005594298063786831
-0.0011601514760270933 0.0005411051472241388
-0.00022721472211584433 0.001246325542075075
-9.738615602818307e-05 0.0001333866563441782
0.0017229624500412278 -0.0004175972234238497
-0.0007411452131937721 0.0005100742245869343
