0.00018559235309995546 8.143531233256424e-05
0.00019843346439797076 0.00027343861684931857
0.0051822760877927 0.0042704157140171185
-0.00044680248020027873 0.0018645707049031305
0.0005003382313708428 -0.0024033207272793574
0.0004787375211877894 0.0011595878127704064
-0.000840654330576109 -0.000500739544787385
0.003468002267075137 -0.0013243022986413825
0.0012053380724014599 0.0011739627717682769
0.002653136089724216 -0.0013071065420845
0.001483443926101716 -0.0015497988116932886
-0.0004811952628862327 -0.002085180773067137
0.0015615548917411778 -0.002641201024113708
0.0008247231803559371 0.0017610533395045484
-0.0006291811820366066 -0.0005969987022526366
-0.0010732652994734106 -0.0011335187197942806
-0.002877558262486161 -0.0032642606881055245
0.0008289752380744915 -0.0010475798115109486
-0.0008538494474499594 0.0032964175055341474
-0.002041288652773688 0.0019343685274603882
0.001344258230167063 0.0024537356858840044
0.0002562281791156068 0.0010655073873680942
0.00025848507388953905 -0.0022155794963776704
-0.0007662114715533861 0.0008526827153764128
0.004531290357859707 0.0011974277238941484
-0.0012954209399789979 -0.0038248118595040513
-0.002697606094816008 -0.00036598543496917536
0.001227888668714382 0.00039682204696178116
-0.0010147072226795832 -0.0013369087762325482
-0.0008330579232227476 0.0017083345301586819
-0.0008131001261747726 0.0013220175257972217
0.0001547776339491332 0.0007477500365760816
0.0010847521634609802 0.0003418734710621147
-0.000982494289284958 -0.00014959297511949008
0.0016042146896072503 0.0003664477226967521
0.0008966810855287825 -0.0022557717679090837
-0.001195956922926864 -0.001202526881701708
-0.0001498536292611249 0.0003660279096159209
0.0020384459240515105 -0.0010010390584228007
0.001179822691830794 -0.002224652647302948
-0.0012602528860242012 7.22882965863575e-05
0.0009820165104757967 0.0007754181235718042
0.0007043045675943835 0.001349618502550539
-0.001132919626052161 0.001382972813722945
-0.002398262328779693 -0.00017652074183261736
-0.0013780678356011267 0.0005927199539706897
-0.0012118596528612599 0.0012355769768456783
-0.00024397512778398227 -0.00014430323024746647
0.0012145910086331696 -0.0017151135852867695
-0.00019209517428900669 -0.002612123681277745
-0.0015046753209678823 0.0003934891798296193
0.00016070905434303296 0.0016203186395059702
-0.001634247674283838 0.0007572386082597006
0.0007961705952822838 0.000545561839067131
-0.001965389113340559 0.0021139374519722055
0.0004677288488948972 -0.002153104873909211
0.0023295541441490926 0.0015290184392202629
0.0014613468183014473 -0.000261875555063223
-0.0037196350280014378 -0.0009211364187602781
0.0014378584189963489 -0.0008699897616079974
-0.0014657901284018497 0.0009340825078878504
0.0008936292133355756 -0.0007500925314946412
-0.0007868633875446186 -0.0006502005585543909
-0.0017980101529274592 -0.0026945508880528352
-0.0011946828086372178 0.0009740095652390142
0.0018068648050797347 -0.0005765419237742443
-0.0004839559289716614 0.0007817193226892677
-0.0021731074569433656 0.0024949114878152065
0.000584015467441723 0.0015339477189727489
0.00254551291774772 -0.00013735307290168742
0.0011618404448305853 7.274312660109825e-05
0.0011728705202432793 0.0031642397310662268
-0.00038951461972711564 -0.00011528397651340388
-0.0006054267084235715 0.0010470265850226327
0.0027644154150453146 0.00032596927844791057
-5.014158120224764e-05 0.002490828927755218
0.0012984795919515461 0.004015056229396513
0.0022882854379130844 -0.0019314347541497876
0.001554564159224219 0.0011174904677646012
-0.002559078432722371 0.001222520195278095
-0.0011994647908819172 0.001023520400149342
0.0012592894008287283 -6.397865282003393e-05
0.00022403336478940534 0.0022059154545905806
0.0009184226982735742 0.002160920108524921
-0.0004994390523843344 0.0005593956778443146
0.00021481468176043917 -0.0004874733239837867
0.0010457240612847514 -0.0008549582591986501
0.001308221584046621 0.0005462158522794975
-0.00017173981370557023 0.0009776385450672475
-0.0002576524878307744 0.0014531219369254321
-0.0028618452125727246 -0.0030036343404997055
0.00016812194943616535 0.00014368970808770277
-0.004089709871707419 0.0009911063034047016
0.001641751245162551 -3.053366429177284e-05
-0.00043341566374892056 -0.0021326739200247203
-0.00012894805938053428 -0.0017006295784712134
0.0015903590979330724 0.0009738691481478197
-0.001119879183151716 -4.5151067832338395e-05
0.00047480293276818504 0.0012187020529022452
-0.0007375496326073006 0.0007389992088453582
0.0014949394607793299 -0.00030079515968847406
0.0005064945053376788 -7.95577841164046e-05
-0.001694604073271886 -0.002636792393354665
-0.00033664319955239823 -0.000164232682539371
0.0006026465883541279 0.0018629280502754238
-0.00039371056660386053 -0.0003220061002324968
-0.0009371254145878534 0.000650670915713175
0.0032150947361351723 -0.0007498293471530838
-0.00020619715247681089 0.0009646731258291731
-0.0011045437375706696 -0.0006225176777030656
-0.0004731904073643441 -0.0008489094149502086
0.0009291592360885465 0.002427764815248641
0.0018632517381678266 0.003242184928066333
-0.00037517043754382764 -0.0005357425643603217
0.0013811833416789438 -0.002973588442807489
-0.0005454544339394873 -0.0017478565793531441
-0.00019744443597773077 0.0026784226119260586
-5.388647433216539e-05 -0.0003074516968832302
0.0004314205031119452 -0.0005369182936646533
0.0013623146955159663 0.0008041380677180205
0.0010725438524021949 -0.00028004680841608884
-0.0015166015832092747 0.0004102721753508418
-0.00024117748090450868 -0.0007110145626646878
4.3729056972881105e-06 0.00136440650694579
-0.00036769840107144945 -0.00047354487210349365
-0.0010054774508025375 0.0007781410224422822
0.00258583309435524 -0.00042636599744234557
-0.0021069429439345092 -0.002574865730208605
9.537737708950728e-05 0.0016647834248640894
0.0003088241720768287 0.0013429690030252776
0.00015687301635127014 -0.0008511546061140644
8.944746970123492e-05 -5.42408025473229e-05
-0.0030246140744700904 0.0007798263014703235
-9.042833845496574e-05 0.001252368076191642
-0.0011134843560638265 0.00032372771432595857
-0.0006676698721541807 -0.0005517484028886008
0.0006311536480590272 0.002547299557257521
-0.0019668657776733553 -0.0003416483080782305
0.0004436473052640033 0.0005097111779682267
-7.412430566552697e-05 -0.0007335091635581874
-0.00024791787692908626 -0.002366443538255054
-0.0004078876487829329 0.00017394218167105348
0.0007627225530668049 0.0018689049022696514
0.00011541544874993828 0.002210300003236753
0.0014296526331537124 0.0013637057943626896
-0.0016387766757402012 -0.0007461812091051815
0.0016087863412001812 -0.00021995017267188537
0.0017307101166182774 0.00022873989497679818
-0.0012268734878653341 0.0011564769058773864
-0.0009853551274398393 -9.213133479587854e-05
-0.002373845182115848 0.0003081552768141674
0.00019229072514649902 0.0012891957118556319
0.0016989913766450309 0.0018730897375109866
0.002054193317840401 0.0008490682919035637
0.00023937280150111988 -0.00019188838039872343
0.0004911788718791817 -0.0004028436141552951
-0.0006654231222744142 0.0010514466811285543
-0.0007488040642917617 1.101792942725714e-05
-8.553614337787601e-05 0.002607331117706687
0.0006450833375663419 -0.0004479382274655876
6.258331830594507e-05 0.0014617465065838347
-0.00011740122872450034 -0.00013173625787206268
0.0005379890028889335 -0.0007181355750600088
-0.0003856259834833009 0.0016672364246195146
-0.001250407055484379 0.0018157912656169646
-0.0018143064746722747 0.0011658353918917034
0.0005539315902092796 -0.00039956696585864693
-0.0007941483239142431 0.000800286859966789
-0.00025790262189759425 -0.0003371092184332106
-0.000992409650821597 4.347951459090284e-05
-0.0021479311385129165 -0.0011222339521378827
-0.0009399452350770236 0.001066520454313151
-0.00015842400900399422 -0.0017406229807644849
0.0008242249495596988 0.0001283639422983905
-0.002227456317056574 0.0023947705236974765
0.0020505460419633927 0.00018975424369167818
-0.00053649288040056 -0.001372519175863399
-0.00014982472327683532 -0.00046004424222545487
-0.0032850721732514535 0.0010823537574963483
-0.000593760779897202 0.0016589147799301086
0.001094398754840607 0.000718078242995558
-0.0012718161581079272 0.0006957424921745107
0.002137174709242343 0.0009411314217630409
0.0018295156253943365 0.0014270724215468993
0.0008924924293450154 0.0029658849651036977
0.0016434276311054071 -0.0012508609630872275
0.000688341805012484 -0.0014053978659057367
-0.002613140323565293 -0.0010506800810538542
0.0004285493075974513 0.0028385735304576904
0.0019579324014134467 0.0004926816598996613
-0.0013111964414346102 0.0005427196366487213
0.00044744424792127457 0.001536660128789625
-0.000736935406551848 -0.0004723380133455646
1.6526412312274875e-05 -0.0028685698118026456
0.0010693224718320033 0.000937699176240726
0.0003008394866820534 0.0008653559735151819
0.0016545504224244885 0.00030514796737464396
-0.0024047150574294978 0.0009622379734837187
0.0007474018297324223 -0.001639589821769114
-3.728417016515253e-05 0.0010519958058258817
-0.0012090429300993491 -0.0005504945938528212
0.0022396899711393894 -0.0009471242551126232
0.0012599096145831 0.0007755521450206975
-0.00021826171856936203 -0.0010837241043161715
0.0006406413705154681 -0.0004028323743498604
0.002412347053123172 -0.0006364767669081634
0.0010129188845790045 -0.0005117537573299146
0.0011242319726857593 -0.0020196879443692872
0.0018317357323183732 -0.0008950194739547605
-0.0002678525713242563 1.9600053938678704e-05
0.0022202134608963627 -0.0016431543345649606
-0.0007405792196380013 -0.0002503705481734596
-0.0040016856304281815 0.0017611931785033647
5.412578841077283e-05 0.002207245154382882
-0.0015536563977632423 0.0022134093521364875
0.002172065159372313 -0.002612043739403492
-0.0008299907122429851 -0.0011512613853967137
-0.0005436180267530616 -0.0012486984440843085
0.003919003946352038 0.00025527821077764025
1.3962810768566648e-05 0.00163901947092627
0.0010789955155022883 -0.00010354413796958274
0.0017693836226003435 -0.0009689343780592737
0.0016421272638416854 0.0009650511602235165
0.0017456112119668757 6.234610231846467e-05
-0.0011461270398452409 0.001157388082869264
0.001528345327299362 0.00012206339643014404
0.0016867197747892464 -0.00012250138182280686
0.0006992450913689331 -0.0006432710624591164
0.00023291831381831902 -0.0009478743040871551
0.0025776273188954433 -0.001015168569318412
0.0011719947405353414 -0.0023265466284044622
-0.0017273103056617098 -0.00017420162678115933
0.0019497189487714878 -0.0014996566234765723
0.0015247855623605983 0.0018846355146974136
0.00013805823720464838 0.00045300991389520955
1.0791245131025652e-05 0.00280971609273678
0.00029763996626727815 -0.0013519885929683167
0.002455199220766123 -0.002888820212090197
-0.0006093213992894732 0.0018383351418601883
-0.0019139066864068237 0.0012054214306127277
0.002571406955839261 0.001687454222227047
0.0012114657467130981 -0.0008519021435610533
-0.00014316055952031374 -0.002447682079633178
-0.0004357438781005825 0.0011319637252042566
-0.0006080363556745961 -0.0003669905036818539
0.0030461330972827044 -0.0004678632378630596
-9.395265215135134e-05 -0.0012659906449822302
0.002450272739731269 0.0024861487691554642
-0.0004924253879021592 -0.0006103067331072517
0.0025243285977329406 -0.001516948993359561
0.0017993157233357167 -0.0016109167615325506
-0.0013008095452106596 0.00235171878294302
0.0003217707909197186 0.0005935686655773367
-0.0011267520704621883 0.0020605982088188475
-0.0008458889149023955 0.0006202439612462722
-0.0010500552428059798 0.000295088827732668
-0.002565680459807702 0.0006289237363966341
-0.0014695890028112808 -0.000559095351919305
0.00025500704025687907 -0.0019117681999245794
-0.004883890198492441 -0.0019311172418063427
-0.002205341574338736 0.000384536161956243
-0.0031193734307765693 0.001741072676837868
0.0019328070796300527 -0.0010202254419349232
0.0005697509599758347 -0.00031138270237210044
0.000950472732306767 -0.0024488023863709955
-0.001235551042848039 -0.0014205410921580939
-0.00014014233498007154 -0.0014712097623299535
-0.0024279259696686145 -0.00015493421703141396
-0.0010355024487390054 -0.0011768526892060789
-0.001126868918469299 -0.0015692362400691066
7.64988028655477e-05 -0.0005569371627545806
-0.0009233685503405584 0.0007138436092928041
-0.0010374435064805084 6.002430704126107e-05
-0.0005145340974962206 0.0012175870667351213
-0.0014365799738752885 -0.0019921426267735286
-0.001747414582388991 -0.001472211930559996
-0.002311851299206479 0.0003642692750966673
-0.0006244923263658177 -0.0013712994281275114
0.0011448524055795756 -0.0007199118297874784
-0.0010201091494000522 0.00013011309006517367
0.0003002378932116204 -0.0012485691650328894
-0.0012209223744225324 -0.001634408784045387
0.0012072977507855906 -0.001650466002019999
-0.0018038723690828391 0.00025821736679638356
-0.0008872536197306698 0.0022351663964277567
0.0002560220891646657 -0.0006227543669948101
-0.0005563600351182635 -0.0023925063273982946
0.0029833887035422006 0.0019956823695948356
0.00047107561188024325 0.0007252342954766974
0.00119745942754084 0.001956313151699421
-0.0012225381146767883 -0.0011480147533360536
0.0005946889890020345 -0.000193869613106445
-0.0032301909422448863 0.00258750515543061
-0.0007762196191300064 0.0002483949060999737
-0.0005018082421826928 0.0017810092690928026
0.0011154941239042819 -0.0011028673579109771
-0.0014397222628128984 -0.0017015484260807
-0.0022282780724546722 -0.0011224566644174525
-0.00027565673488163064 0.0014180136228581991
0.0001248850813574396 0.001196609769461844
0.0006148168336389338 0.00038269839420820633
-0.0014588952032181 0.000857983320262187
0.00043880910796865704 4.054938603393483e-05
