0.0001380307486746538 0.00017815292573070167
0.00013906907446935724 0.00022355344885123174
0.004951410274174568 0.004291063072713071
0.00027479634332308015 -0.0020361266816575387
-0.00012086495907403311 -0.002976769759993359
-3.047673659757237e-05 0.001515415118384875
-0.0002775136062074904 0.0009232189743742877
0.00020567526487222398 0.001477966390528782
-0.0016256747079239102 -0.0011495786874410855
0.0007016961882760634 -0.0005410135998785439
0.0007802542025426884 0.0003794454279992729
0.0024357830844827883 -1.1665414377178979e-05
0.003400446742410386 0.000623985110830522
0.001989781870134721 8.085639062326832e-05
-0.00015536261911216473 -0.0009728734528321203
-0.0015536421802336792 -0.00040907746806602885
-0.0010011472143267505 0.0017586331389075692
-0.00296304944694547 -0.003110594654680334
0.002360315045523021 0.001945424868072532
-0.001781533685556129 -9.210638562084243e-05
-0.0011432984930726837 -0.0006387934185742157
0.001886501377277133 -0.0005615417036965597
-0.0008813143069156226 -0.00010202513098111398
0.0003350719704389871 0.0012885362965660892
0.00023685131171162128 0.0006137179039161166
0.001074613185569666 -0.002070858498201123
0.0013034284299493447 0.0005175553445346729
-0.0017845684877648624 -0.0013895634419868429
0.0033341427373493274 -0.002052546791959344
7.70231114962815e-05 -0.0010506888909025103
-0.002167864312909074 -0.0016039685095770432
-0.0008585973554935771 -0.0010630572321249753
0.0018219410262804525 0.0004513537416790577
0.0003038076862288442 -0.004440306643477775
0.0013438250948252534 -0.001785230549632443
0.0014638669092284706 0.003864568409508467
0.0021994162230025848 -0.0014101802288867538
0.00012673495353722976 -0.0004643897320002734
0.0005486089062440675 0.0037003584717988525
-0.0007065834908097983 -0.0006275850050943154
0.00013642481360652442 -0.001999370096263075
0.0021523044625469724 8.298554842813741e-05
0.00025650608968787674 -0.0005004400988242006
-0.00026535934722499757 -0.002504829463531376
0.0029920138130209105 0.00036805344123951413
-0.001534173169144753 -0.0003057877120778852
0.0027169592659090835 7.841746403018023e-05
0.0007515919972690449 0.002536649447717382
0.0011957782191357076 0.0007007206424149758
-0.00042503959372216084 0.00067837700859865
0.00080133251704242 0.002359143159539823
-0.0022276589161104505 -0.0014302431883952093
0.0011806902665432398 -0.0009691433535035933
0.0020677778042213118 -4.2813707202470594e-05
-0.0014852987569180553 0.0009990630577594215
-0.0007708179013065842 -0.001986160747196343
-0.0027533831091382252 0.0019401087702223898
-0.0046479352301929296 -0.000642882223889133
0.00223768560487246 0.001888254494648007
0.001471061275596989 0.002786278386663091
-0.0006133375502123372 0.0013635249019796623
0.0011009423165246372 -0.0013018152389374551
6.909238703804438e-05 -0.002557244017304545
0.0022423852174939833 0.003317062618471351
-0.001436644676453261 -0.001039567633281075
-0.00034104108643733845 -5.66464414209707e-05
0.0008712154510121144 0.0022028874782783507
0.0007349105707104881 0.0009187311063354652
0.0023887038053601855 -0.0026308362629243955
0.002439654691332762 0.002594001895162513
-0.00019517097311403232 0.0004170600170177426
0.0012249730346704112 -0.0007424330288750614
9.145640524517107e-05 0.0001608844718955115
0.00047374705355168506 -0.002000913489727379
-0.00027706437164397903 0.0027265007128348204
0.0014138746273929838 -8.370865298697701e-06
-0.0017980768547031126 -0.002804296847044549
0.0001390723031599301 0.0016369672779399528
-0.002872459607322655 0.0006337252912496571
0.0015272181016155583 -0.0018223923846018132
-0.001654297695627577 -0.001050137108877655
-0.0015113331359083504 -0.0015846772804716603
5.8409292618804475e-05 -0.0004276902371992999
0.0006185999401007547 -0.0008460052750366389
-0.00023000814882970585 -0.002646077292629218
-0.00273524734353244 0.00024196335954679445
-0.0012235059301308037 -0.001056451431634653
0.0006872546263146018 -5.54639222838544e-05
0.0015415415471935524 0.0006076249840806592
0.0008243846582332174 -0.0013728358823456217
0.0002455339463513274 0.0015162644842456835
0.0006540290395699483 0.002835356492683038
0.0002706240051194097 0.0007983194143863114
0.0007885542621284323 0.0012302231369330312
0.00017610946530216605 0.0010925878023610002
-0.0022078675195860145 0.0023588610377567264
0.0008136717396765609 -0.0019774959193830212
-0.003935421908831784 2.9917787155278017e-05
-0.0013711194827500958 -0.0008528854632789472
-0.0014599156056940247 0.00038907632628967884
-0.001637019533564716 0.0010949348435964855
4.4840476528665476e-05 0.0006075835848876408
0.00010455148117875707 -0.0024786749311953684
0.0004418222003062796 -0.0016897383101443597
-0.0005301243286811606 0.0010391714805137614
-0.0015963532709130097 0.0011716054750602436
0.0003916625840985669 0.0012286887416432183
0.00034152926285297254 0.0015100849910034664
-0.0003250428507448218 0.0006756792227095982
0.0004889222603884401 -0.00130365319391933
-0.00023237572354192337 -0.0015360234148233847
-0.00023807583086410928 -0.0003235941041097415
0.0011880365981966551 -0.0008658654468387746
0.0013884436167501313 -0.0012202906005031246
0.0018705588300039874 -0.00284065653958692
0.0010572716120777993 0.0019217427735670205
0.0009085160691593278 0.0012638363344351301
0.0002593441606411079 3.875047074611472e-05
-0.0005034821955492901 -0.000937409705676539
-0.0004979300039325056 0.00016013721689729185
-0.0011013045614739014 -0.00031957481737383565
0.00022424831096224293 0.0005865891411635663
-0.000477329301276071 0.001499399936761601
4.939327206323358e-05 0.0007765201781568591
-0.0014882555227729282 0.001010112239089825
-0.0004864904708979015 -0.0005869095344571178
-0.0029140068811066267 0.0005352021159619652
-0.002158338728391411 -0.0008462109802540069
-0.0003971048638133404 -0.0003518528309474101
0.0009856359175824904 0.0009579100993071585
0.0006514170437993311 -0.0011104080084647515
0.0007146799747715011 -0.0005994854517044212
-0.001223888635466207 0.0014396554100938898
0.0006532463992465135 -0.0026898282051620757
-0.002268293863645416 0.0016128875127754566
0.0016067250260732029 0.0004988043762565209
0.00012100613012775349 0.0016538411016459012
0.0007125373483345857 -0.0025939660998657043
0.0014217551278629555 -0.0010814281337082673
0.0003120471114439648 -0.0017916947061360595
-0.0012545752967035816 -0.0005062352461962335
-0.00040405987436445195 0.001691041000885126
-0.00013151933087318868 -0.0003795971328396698
0.002782094375909079 0.0017998463512876814
0.0005405031507549164 9.75952633021401e-05
0.001071310666864665 0.0009441397268156615
-0.0011293675063018776 -0.0014691644010045935
0.0005500613903170271 0.0010208105117419776
0.0005911559076061602 -0.0008860664778204936
-0.0014337074288253014 -9.831906297002953e-05
-0.00030511780324457343 0.00033331929794722245
-0.00047246683481870727 0.00022973661531904224
-0.0010330285972709314 -0.0022941550739731423
0.0002681019411360813 -0.001058887720157323
-0.00027412876315865986 0.00220913799285099
-0.00033635058822434544 0.0003493362453050994
0.00047143188972054503 0.00039437047546704123
0.0017033077620687165 0.0013382316104152716
0.0012501741837614398 0.0006781762931070076
0.0005595158680911635 -0.001263978220009837
0.0011820965700602077 0.0005943601658022864
0.0012630333496447238 -0.0004623147051493115
0.0017815910663389856 0.0020436438116283014
0.0031963837792315193 0.0013590131982442754
-0.0003423977666923057 0.001470221212685967
-0.000460738347170325 -0.0014753600143615187
-0.0016444501399917502 -0.00203764301347684
-0.0007740578646278243 -0.0002671238260371737
-0.0018210347340106119 -0.0011673142676873137
0.0016911354361840109 0.00032091634499072547
0.0017293620753471655 0.00028054687976628446
-0.0014213470428828994 0.0018697645649601818
0.0006357516821773556 0.002311037051182604
-0.0002944770664111629 4.584528066647698e-05
-0.0003248676424230462 0.001152579630440054
-0.0013226746019226 2.9609910598692685e-05
0.0008865719208509759 0.002051782542247825
0.0020211072195540753 -0.0001684793786045967
0.0006327281776935203 0.0015179945368361634
0.000442240392078523 0.0005581818785180329
-0.0008509319248171911 -0.0015083536795824617
3.100585788597178e-05 0.0007264029134147547
0.0012323789438165803 -0.0009208770858732134
-0.00044117375691022704 0.001370102363792448
-0.0002448908756737689 -0.0002891043505067255
-0.0010768585344922083 0.00072474109769616
0.0010703760603052817 -0.0010977852813528997
0.0009540519677334599 -0.0023583038632938157
0.0004431767821965159 2.876746180443233e-05
-0.0018509867536917223 0.0017855455386316743
-0.00012149003850537416 -0.0007698475704157586
0.0001916721283148327 -7.572399994634746e-05
0.0009766267874219275 0.0012423948668532463
0.002973266715651215 0.0002643777571257971
-0.001632151602792788 0.0008778113578053344
0.0011422368732631296 0.0018496733686152865
-0.00033610153876721454 -0.0016757150532957295
-0.0008116722099922821 0.0012526509684977838
-0.00084429828268167 -0.0017460226620724375
0.0004451066263164189 0.002359992291407318
0.0007872723518278169 -0.00047645176810818624
-0.002387098565333156 -0.00019210891414129006
0.0007033936081068316 0.0006767826168016061
0.0008346950089863244 -0.001197545868311286
0.0008858746840427822 -0.001229218983271279
-0.0011307580043047538 0.0005985734221049542
0.0014843500400138557 -1.8078377994741595e-05
-0.000931076908971627 0.0033061744351837972
-0.0026824030476656617 0.0009440278141204008
-0.0010224016539883527 0.0020010307217301613
-0.0008398863511969086 0.00017424921781963445
0.0004379578286228727 -0.002813008472357302
-0.0021199972848988196 -0.0010807477172863256
-0.0015018723924835084 0.0018750316381750355
0.0001556430758649376 0.002596153081746716
0.00038006522120021446 -0.0002083647683751034
0.003194514315558197 -0.00047595330576698767
8.920899584811708e-05 -0.002941692834858293
0.0005693741230142947 0.0018076930060396052
-0.00033550393657046134 -0.0006695503320219672
0.001607178404890509 -0.00032167546024885503
-0.0002614387367201497 0.0010412719936312496
0.0021126293187402525 0.002542218124041912
0.0014031991743232689 -0.003330156091180533
0.000779848106328119 -0.0006478467987369039
-0.0017941779788017453 -0.0010315102652070929
0.0023556571709240606 0.0004420787705465838
-0.00070795975468618 -6.944344335674088e-05
-0.0008062722454036883 -0.002706951725629687
0.003128805220177446 -0.001985403905306092
0.0005051687557740406 -0.0010821231813025584
0.0021642331068590782 0.0021937282953655
-0.0011755150008379166 0.002603260821215423
-0.0009931487413670401 -0.0018169682370683387
0.002301369211623184 0.0003609924992869958
0.002440486217571201 -0.002883732902672868
3.002987476166294e-06 0.0005488433989546576
-0.0012787122049234862 0.002256969891747535
0.0009024226468801983 0.0013876265242823275
0.0017699568615861217 -0.0005013654337500085
-0.0002382453415693246 0.0011997351352031082
-0.0003382119450373058 -0.00042210710036915034
-0.0005389360709312614 0.0008509319751457626
0.00042892962576731274 -0.0011303001191217091
-0.0007134358928059573 0.001569787381151229
0.0018677057619573417 -0.0009894579878489047
-0.0004331972318755295 -0.001075873269756163
0.0006560389597159615 -0.0018000956081428764
0.001048030808194611 -0.002752540852709434
0.00044188021518764913 -0.0017361719386105683
0.0001347414766538467 0.000849111932293083
-0.0015332203316474097 0.0006564372368371184
0.0007192436146905193 -9.712861053937543e-05
-0.00040079939352440037 0.0018625440556234666
0.0006459612760331153 0.000640743009825195
0.0004676258260908797 -0.0010055638655347835
-0.0009301333430795972 -0.00032453609232140405
-0.0015395619326011231 -0.0009215059389713224
-0.0003976151878160691 0.002359304135738351
0.0005446330214801598 0.0012070549364241465
-0.002357616036393858 0.00015448083597064833
-0.0014925639027612591 -3.9075306277610466e-05
0.002205440629121759 0.0006137551608899445
0.0026170223243819003 -0.0005340966654912076
-0.000681871586520821 -0.001191990030627226
-0.0024370599628169413 0.0015766577753612257
0.001144716853039147 0.0006346573083084303
0.001927999621024978 -0.0005086300139366057
0.0003613510878708924 -0.00025466766776700866
-0.0009613920998742936 -0.0002835102786312381
-0.002570727856610314 -0.0011829199467980336
0.0004556455296322817 -0.0007810043868867507
0.0011432880333096592 8.110407164306555e-05
0.001983631598745143 -0.0005660062405890158
-0.00064388468632894 0.0021924937459643196
0.0010300832502263646 0.0009491303238206761
-0.0010119475364369038 0.0008847628639342248
0.0004701185654032305 0.0021458066805979635
-0.0006136491935334319 -0.0008927330271668875
0.000637683530949335 0.0010397977084125264
-0.0022185333816922468 0.0019827634912657132
-0.0003456650435836072 0.0036455565652835486
0.001091302556298564 -0.0014691320473222001
-0.0003341676469649425 -0.0013853044304980614
0.0031751687907372165 -0.0006663569904397813
0.004093668409677112 0.0016672433592579226
0.001766365727502092 0.00047474909600846214
0.0006533958411197371 -0.001255411673912961
0.0007963318990989615 -0.0003210843341967877
-1.5328349418644954e-05 0.0009613428874502164
0.0008754272946543305 -0.00018901006444050326
0.001355544597803841 0.0010923448989196656
0.0012337316846656977 0.002875174066227855
-0.00037251631554375956 -0.001649451359882625
-0.00047843801178829655 -0.0006309706976986926
5.033021205994211e-05 -0.00021963224837002785
0.002273541523247552 0.00046314945845471033
0.002710409660203647 0.0017510378515196246
0.0017412688568219906 0.0023341636672173168
-0.0006965940168366097 0.0009294535837456256
-0.0017415907239890322 0.0026235314530572043
-0.00016024732751231412 -0.0011402405956062844
0.00022984870024343133 -0.0007619855696470563
