0.00028092768626769213 0.00020282010011422365
0.00018075270747688259 0.00019146180075772833
0.0035533587410560264 0.0025986794251571595
0.0012466430030029915 -0.0012117392993426937
-0.0041251348674688606 0.0007992447811138884
0.0012703839778589775 -0.0026822490453234284
-0.0013307989258846357 0.0007863286537113239
-0.0019820039408087547 0.001126055514345924
-0.0006681363096945334 0.0016606620688005736
0.002352820321083656 -0.0008487619872000288
-0.0016380353808380546 0.0001329601319141796
-0.003661851729743252 -0.00046537799626142546
-0.0005918543559342645 -0.0019235034828309233
-0.0007419450961883528 0.000939015629783701
0.00019584104860508815 -0.002092326976797916
0.0016266416420644665 0.0006206039845743036
-0.0005082633396579354 0.002458893543397972
0.0005242615134550331 0.0006045569074209777
0.0014067031098708043 0.00047231709352002884
-0.0005349825172290161 -0.001437482898529966
1.7759520189198317e-05 0.0034461010388346777
0.0018108289320559047 -0.0018543170131782426
0.00026762820160249436 -0.001403487441090109
-0.0023063055517429046 -0.000641891650526367
-0.0006622627955045856 -0.0009391199879736861
0.0013602061337995418 0.0002426266118689575
0.001328230756591136 0.001022683523266848
-0.0013494975811559771 -0.0018116638399094326
2.0636864305051283e-05 0.0005255184417692397
0.0033954382143566394 -0.00032205247622839333
0.0007938575288713816 0.0008461399779238645
0.0037286205752681176 0.0004079559693871268
0.0006258518767639428 0.0012248400091636874
0.000444712426534069 -0.0003509998162251534
-0.0016572912414992763 0.002607832250427123
0.001950108353814059 -0.003530851190784646
0.0024785172447284644 -0.0012841699286902728
-0.0018118796800467916 -0.0001928232104640562
-0.0004571673744918869 0.0024298430993978594
0.0001038689887474808 -0.00309097693851937
-0.0004823368205323321 0.00081386509153275
-0.0011769056348857581 0.001953998707191653
0.0002334328759924295 0.001450597594065266
0.0022440895652314705 0.00015993049511620004
-1.0405812616833239e-05 -5.886316435560097e-05
-0.00012074033968701707 0.0005763198120125004
0.0013083450121846808 -0.0005916172201458586
0.001291200998039517 -0.00252838154915767
-0.0008437592843027974 0.0007986429194262491
-0.00044576047836316913 -0.0020687326486920864
0.0007297308737765309 0.0014687812935651288
-0.001398234639659435 -0.0012928888166773359
0.0023154316777601377 -0.0004884654846477065
-0.00032759749883494357 -0.00017191754804782416
0.0009929557442202124 0.0010217764772837408
0.0006803570769118415 -2.3406161048745394e-05
4.872115135891042e-06 0.0009915981794527602
-0.0028965798050012617 -0.00036891434341753906
-0.0010215427022550404 -0.0018323235414914455
-0.0006516970781439755 -0.0016285542882118614
0.0033608603960754877 -0.0004032060264823673
0.0013325810720931028 -0.0004101506572985934
0.00048678596319782607 -0.0018823215324031586
-0.0009595884306711132 -0.00044909486737143404
-0.003054918366928484 0.0017850634262058602
0.00019258166724924112 0.002473187880821725
5.853067342321632e-05 -0.0001236058694191318
-0.0009463148414498946 0.00020487641033593797
-0.00039056209064267957 -0.00025137620644333984
0.0022051424058445418 0.0007102976942552075
-0.00016407362966069317 9.745752158483141e-05
5.3107796874332686e-05 -0.0006705653649243088
-0.0030198426110842965 0.00026698649392020555
0.0004933468716034836 -0.0003017126269069028
0.0011571592052659699 0.0012765631105715722
-0.00034045343147383404 0.0009851757930353585
0.0010750116413794958 0.0008790530427572331
-0.00039010511741661746 0.0022145150434958846
0.0009696490776542009 0.0016110685189630002
6.437403707565533e-05 -0.0013751619535297376
-0.0018255420154102346 -0.0007617844363298822
0.00139511514878017 0.0002674274477550741
0.0030938498258371127 0.0017532743126788151
8.240526887937178e-05 -0.0018626389155675255
0.0018684254066664327 0.00014332360075592322
0.0005553832957617074 0.0012101298425435736
0.0006298326743919869 0.0023422494998332874
9.303108366195994e-05 -0.0009473392490555015
0.003565394913447807 -0.0015629032988164367
0.00033447661523938857 -0.0008044873461216404
-0.0012477036849912481 -0.0010989587989450244
-0.003104633267314281 0.0014719615642020283
0.0012396540822224415 0.0008448638616210041
-0.0006363215175140656 0.0010244488470464413
-0.0020445407340077488 3.0149920469626344e-05
-1.6783136497910094e-05 0.000207673974977996
0.0008472827490419364 0.000557378216268386
0.0008005449859270215 0.004498612189584019
0.0008279581238711287 0.00024001438701572666
-0.0006216244982628813 -0.0006838221637965983
0.00018132168684531946 0.0022118358934084194
-0.0002929134166260544 0.0002595708592958042
-0.0017376089642123559 -0.00086040762809306
-0.0005780120641284154 -0.00032081401232059625
-0.0016053294121418245 -0.0010301336753826022
-0.00011255326233871789 -7.464414128523065e-05
-0.002185628322230835 -0.00018997944100412618
-0.0005760840868308626 0.00014589340507908455
0.0007812152631590318 -0.0006813881097186128
-0.00041537690542630805 0.0018720647732731912
-0.0012472654180674216 0.0009923882818975186
0.0007279421716421243 -1.5558052292645218e-06
0.00019904075998499143 -7.638378367392665e-05
-0.0007175689564289691 0.00029658963796754857
-0.0014491723547676045 -0.0010112278256269782
-0.002221514718306773 -0.0012893236512052434
-0.001875247722681713 0.0019241210293663722
-0.0015065825006028045 0.002746961394726078
-0.0007368413377829142 0.002954859956776449
-0.0009844405693087842 -0.0008485389857963325
-0.0006257000622864043 -0.0009218731926250786
-0.001315639923430733 0.0020505801399257227
-0.00157011972612738 0.0014872512472943258
0.0025353087338878273 0.002073777400913426
-0.0019296023915722099 -0.0008677125416674787
0.001549555009758454 0.0027358865888211076
0.0004363283471490594 -0.0023839974619312247
0.0020206373487485977 0.002216652077891294
0.00023548659040386163 0.000805551468698376
-0.0006504466209092356 -0.00010974418252498194
0.002222337883886759 -0.0023585450247342993
0.0005781356887789422 0.0010123791822080521
0.0012871790645469254 1.7038537595100518e-05
0.0010441128493523088 -0.0003714817050966493
-0.0013789113971572316 0.003301800719583867
-0.00010719777702299775 -0.002612756157288053
0.0007677215079027432 -0.00039506150571419
0.0005988291146098133 0.0003252616056578676
0.00080740868854374 0.003016205400203356
0.0011091991488110038 -0.0021568608946442407
0.0006477237489862028 0.001145012009583755
-0.0006293333784799267 0.00036704833509055044
-0.0008512307527985812 -0.0004307373334513024
0.002268565553728242 0.0014253302295267006
0.002548698424829087 -0.0005079249634031206
-0.00088019745848236 0.0018668869799614916
0.0010786114464325994 0.0015628927594174796
0.002299016815273763 2.8305164169732548e-05
0.0022085303633410905 0.0007746107771896298
9.617549799591334e-05 -0.001609700306714654
-0.002380915569166205 0.0014598096096714742
0.0013622923615944423 -0.0015570782799320564
-0.0010773941295914708 -0.0004347528625215559
0.002047624034018428 -0.0011215291753190382
0.0007539352607261806 0.00015627434323918602
0.00023810662045607654 -0.00039146792311169656
-0.00198408630513596 0.00040732122643765746
0.00012238883088070877 0.0012952608700681747
0.00025048148199607455 0.0006522901523791119
-0.0009515210658959216 0.0005347511734032998
-0.0011165435264817853 -0.0010734624437878616
0.0021867220585726566 -0.0008298047126757912
-0.00046394951628441546 -0.0028221495938353745
-0.0004705099864761437 -0.002644761866327167
0.0020340164577976297 0.0007156754241502499
-0.0006774885978845497 -0.001658367926341561
-0.0005643504054933043 0.001010515809761494
0.0001353013904725209 -0.002375246045136295
3.0885474345767296e-05 0.0006646624797078633
0.0012012760539300777 -0.0011982601355447979
-8.040629082139118e-05 -0.0006203149387446298
0.000891467449981307 -0.0012299756317536309
0.0013112419086364624 -0.0017797359165144767
0.000905191453526575 0.001460180610040744
0.004193034035001095 -0.0003750384798663651
0.0005446043596688584 0.0017538518707539224
-0.0011883450541072093 0.0005462588562808481
-0.0003759171305001604 -0.00020688880387849888
6.486656766199805e-06 -0.0001886759288876718
0.0001498139204906249 -0.0006872067499895431
0.0008898615292735357 0.0019517997995887751
0.001021210364430499 -0.0003584151973067646
-0.0006258702876493592 0.0010266260481829681
-0.00025491275308312184 -0.0016108373352273849
-0.0015100643890982761 -0.00018657773085928333
0.000938857945874615 0.0002579876487173014
-0.0005460581813307215 -0.000509034617242388
0.0008118057581707156 -0.0008592100525074872
-0.0005651151847453021 -0.001711837785026114
0.0013321398069369042 -0.0005820761306837022
-0.0005169732971227909 -0.00036582189859742955
-0.0003128119835565186 0.0009877797180644252
0.000996988950609549 -0.002774898764623332
0.0020592987972103474 0.0020056994555372187
-0.0011621772045421399 -0.0010282748058958588
-0.0015503606755417126 0.0008785392574226682
-6.323618403687854e-05 -0.001204965030505207
-0.0017982477563217932 0.0008104624868866156
-0.0007805244305755932 0.0006500849039803582
-0.0018531317972990903 0.00016588087869537572
0.0017112409409444705 -0.0008892303375909793
-0.0009076490151292988 0.0006370966384869261
-0.0003934398023585982 0.002291877541227504
0.002907469135519275 -0.0011518507550891683
-0.002579870850334438 -0.0018380539360574382
-0.0007527105121475211 0.00018584012481623888
0.0018976348468171841 0.0017739980208104033
-0.0011314374075906625 -0.0013636693996461168
0.0003491464276365096 -0.002454097809986765
-0.00028282779098593347 0.0011214776709666137
0.002524143957026225 -0.0006438799349574912
0.0005301944266663975 -0.002068111396092357
-0.0011302831600403143 0.0025561256644847986
0.0016020207512696058 -0.00020892560194099124
-0.0010949449188066924 -0.0003240271282281014
0.0008770195540152764 0.0025044362403279417
-0.001624414304611327 -0.0002083353199982755
-0.0009942785649194623 -0.0008707141461388012
-0.0015960906011485423 0.0031057832699666527
0.0008732152906582471 -0.0007640612575835419
0.0012496741107055878 0.0007146069580135088
0.0011630111343943776 -0.001829760495314802
2.736689938473988e-05 0.00021181689528450897
0.0031519057380919734 -0.0007790245748989447
0.002322686223358286 0.003922403434148221
0.0003639997284080438 -0.001670521001186469
-0.001075630970808369 0.0018484195340435557
0.000916201524904296 0.00017316564356793977
-0.0012730861725511952 -0.0005006151367610705
0.00010300729386640644 -0.0004181999761217892
0.000508148649924879 -0.002157244323997192
-0.0019855283900565663 -2.166171710344657e-05
-0.0015090191124471587 -0.00238845590794476
0.0014544116003569348 0.0003355315079197082
-0.0005997558920176965 -0.0005421093355804548
-0.0007278660795544948 -0.0005461913413220451
-0.00139031830443328 0.002428609792601054
0.0020697639055045594 -0.0007168767219233526
-0.0002416188225831478 0.0008610000795501722
0.00022765161661133273 -0.001577515753648364
0.002480855518708069 0.0006386811285209413
-0.0009198250324276037 -0.0004051717930082995
0.0009830885263226346 -0.001796111570942533
0.0003084465869849691 0.0010656151088866053
-0.002140680371608027 0.0007732262367176356
0.0020107750627830568 -0.00012043641237839543
-0.0008580994583869634 -0.00024681642329665214
-0.0015475248149582523 -0.002697660296001724
0.0015969260101042042 0.0005851689161200788
0.0006875173634907402 0.00047072941019759467
0.0006014082629932695 0.0007221459103181134
-0.0015320811792536397 0.0026658183717617407
-0.00020746913651288097 0.0006416415913944035
-0.0007184599883815947 0.0008879491816659951
-0.0017531586835496163 -0.0006905066151933039
0.001173287404277281 -0.000524272554570796
-0.0006326328401356166 0.0011215294106049474
0.0009448722634652447 -0.00106301275807489
-0.0016720827169072418 -0.0009324204517334757
0.0018455834895348066 0.00012910032657940766
0.0015849734622643147 0.0017115165123100609
0.0013701737616951305 0.0016098152622349684
0.001334085892078299 0.00030370545550548704
-0.001649971500806694 -0.0005111131417304538
-3.5921551718254724e-05 -0.0005733974869532255
-0.001806186451750542 0.00027189327391075464
0.00026191088267990727 0.0009556172338324896
0.0018685290769193054 0.00331063055946161
-0.0011214223519026444 -0.0006687490066365655
-0.0011030873155351757 5.860528734854753e-05
-0.0002850953998141153 -0.0010895849368992726
-0.00047367367020825806 0.0021850650839753383
-0.0007260557394200496 0.00040572084962385303
-0.00032264845124361087 -0.0013943333213700415
-0.0025320052569161662 -0.0009293973931926362
0.0007165998667265577 -0.00035276260470490514
0.0004903526587922087 -0.0023898298431433212
-0.0029318340064149523 0.00036249847070833873
0.0022521327495610487 -0.0005328035843717594
-0.0013291301254555223 0.0006014543278580392
0.0013532229562879673 0.0013248507434719036
0.0008662404242319445 -0.0006194705758804809
0.00047319184300732343 0.0007150055340065998
0.00024971245614351616 0.002307975187993265
-0.00044235975417596546 0.0001259620516421683
0.0009969223274730557 0.000741012786029734
-0.0007737716550486492 -0.00044567963431580354
0.00028708773800622953 0.00024572280626171736
0.0013177382006925552 -0.0014385660058174748
0.0005166265541407394 -4.779093277195305e-05
-5.678442868602008e-05 0.002231152419700402
0.0021808866890879876 -0.0007100373694562025
-0.00046666010131381675 0.0003564437033336481
-0.0016559963348681337 -0.002516756427760353
-1.4347956348203493e-06 -0.0011764851307950585
-0.0006754338373726451 -0.00016093759719827195
-0.0009376954083511456 0.0006132471777707082
-0.0012082413325123602 -0.0006604606493046902
-0.0012279526866599143 0.00042177499895002706
-0.0003216665112086395 -0.0004567540640290281
-0.003104078770474073 0.001411211576326749
0.00018332963624572226 0.0029862363013056677
-0.0011915879855710536 0.00042818579006819233
