0.00023349211332797235 0.00011710275592423378
0.0002506976094349489 0.00027698303199258167
0.006804915393983573 0.0051907345003216
-0.0017089452022126229 0.0027632027197848985
-0.001150604989327793 0.0020420654167381137
0.00016357807834522736 -0.002249394092291274
0.00012275630829727642 0.0005250413189239307
-3.745761702164813e-05 0.000317172475148646
0.0008651954952455081 0.0013203833628569366
0.0016052540737274807 0.001093192550452156
-0.0007810482570561586 -0.00046914605614137013
0.0003166827763484028 -0.0010878111805305484
0.0007673976138591007 -0.0009698288964406663
-0.00019281250503354309 -0.0009598937291222097
0.0013856313822769419 -7.06633189132195e-05
-0.0015600978132152123 -0.00019643176580560107
5.210515025859897e-05 0.001474787536103726
0.0015589717489258525 0.0015918537791378
0.0004531816956299332 0.0021679839516901838
-0.0008590826991169274 0.0009382453982046055
0.0007561557222970422 0.0033991700411471707
0.0009512967887186306 -0.002599716835699937
0.0009210379265864979 0.0007736822792929456
-1.7755506464611798e-05 -0.0006197288354648602
-0.002736640781330876 0.0018102739146432989
-0.0009621338342456099 -0.0011572704095147404
-0.0016167392042946752 -0.00018126596553509372
0.0004805957264721523 -0.0026195269934150274
0.0007502955453434532 0.0010379994037871677
0.00022622917300685864 0.0007852702303109024
-0.001556798910509215 0.0008182652204913994
0.0007357434048767487 0.0022866366925966414
-0.003512173975048887 0.0004826053167971065
0.000634252207105107 0.0016105636415069948
0.0012729534124934396 0.0007773345903545153
-0.0006778213984711419 0.0018489012709233218
-3.3215062660732004e-05 -0.0005522370110710868
0.00021254775053226234 -0.0018308218651450485
-0.0014922233588577154 -0.0009042986608298992
-0.0008036650300880054 0.0017043292200479507
-0.0013630227614819066 0.0011360550809391419
-0.0007346476674552853 0.0014254040723661165
-0.00014095324470559493 0.0006257651482255232
0.001878334147064068 -0.0011480950161935355
-0.0023348507575843115 0.0022799936016273535
0.00029557654484074953 0.0010593417803105543
0.0006225972389042275 -0.0007115762913097121
-0.0010048820849726202 0.0003357739747761786
-0.001073656014462249 0.0007402453497327594
0.0005742072784478533 -0.0020485943917086056
0.0008387139243771948 -0.0009186724002365742
0.0004912533999319803 0.002962769820513153
-0.0002659455748367239 -0.0009489296001673542
-0.000390649367218729 -0.00011896174756680069
-0.0009023518596270032 0.0008605830447025467
0.0018373576036906588 -0.0011970453870426053
0.0021566568837971395 -0.0007140243716188041
0.00011601308896465112 -0.0010838600562654815
8.801994522597038e-05 -0.0013592007904718302
-0.0011479523313311357 0.0014160543451185203
0.002223097237196872 -0.002051668105858387
0.00040600610783889394 0.0016108442536230485
0.0016013015490439551 -0.0003091448974960382
-0.002239273477386989 -0.0020783671514175593
-0.0004992932629482584 0.0008720982769258213
0.0013537872813043598 -0.0015373997324715295
0.0020922691625094433 -0.0011901105641692776
0.0012430069518088872 0.0011534126505397132
0.0006963049628241386 -0.0014527950617259256
0.0013145157374744687 -0.0004262727003948236
-0.0007924493799641119 9.170136430034508e-05
0.0016457866866880133 -0.0012622655854542051
-0.00025276917019866296 -0.0020158014152323357
0.00036594780887323796 1.603178633156522e-05
-0.0010219042868435204 -0.0034383604726659672
0.0034718407348293926 0.0013743766666342498
-0.0002083387564331366 -0.0017227319561019456
0.0015312557787344398 0.0011095600139698493
-0.0005581682814430428 0.0011386338222854828
0.0024634999097114816 0.002272681078922378
-0.0026223851316360303 0.003190535265708135
0.0003815415946544287 0.0023653352782159434
0.0014306870118364682 -0.0013273442072840214
-0.0013919424906333139 -0.0010364389307107717
0.0008761867927793917 0.002695525021803105
-0.00032544929969521055 -0.0003590108630222626
-0.0010460492158778048 -3.978008036172326e-05
-0.00029771495665151097 -0.00309496038619246
-0.0014295442588950847 0.001100384971659596
-0.0025167582380199944 0.0029427745338223062
0.0007921127643687314 -0.0011031720379376688
-0.0008971307332397159 0.002149803391745547
0.0012680794206069003 0.0003693963819972473
-0.00010653461358750515 -5.733770685922227e-05
0.0013998249646663967 -0.00012893127524445355
0.0023038404491128738 0.0006345203730961085
0.0007004544921235776 -0.00021780583112152117
0.000123142928575396 -0.000640964781332648
-0.00040421202514245695 0.0012103711922516035
0.0019507521333226177 0.001790391407630824
0.00367576060833756 0.0013635838291000864
-0.0028722898534084326 -0.0008709592512446817
0.0011192278747516617 0.0013516695786674462
0.0008133906813540663 -7.71470482041118e-05
0.0010317968823472935 -0.0011126452141906687
-0.0005257043152871474 -0.0006720526129620258
0.0015396384452995503 -6.874499745712607e-05
0.0007789437946404073 -0.0008484007899738948
-0.0008015301125255346 -0.0033455636847105085
0.0017601039077585067 0.000893994092470329
-0.0023850411279153455 -0.0013980067439775309
-0.00021768376556747273 -0.0014092595559837063
-0.0014007960995860327 -0.002409271307791954
-0.000826473372803781 -0.000491150353562171
-0.00012651699001153073 -0.001303075215851874
-0.0004944165154224847 -0.0009104592612555512
-0.0010167304030341436 0.0006824563399328346
0.0011609637114143806 0.0018053181680354417
0.0019722509252828157 -0.0013182556136332175
0.0020621456360787414 -0.0006583873162029031
-0.0015375690697866091 -0.0011598614862871753
0.0003936232041565769 0.0010015706219226195
0.0012513601185602644 -0.000442301917892821
0.00035457926484864724 -0.0001042448734950891
0.0014601672316899275 -0.001055836620209896
-0.0001551205923731428 -0.0012171044590166958
-0.00010777000473547581 0.0007042090717713007
0.0010825973499801907 0.0017499322879817613
-0.0005768143084048643 0.0008287610792717395
0.001771474226213039 0.0003944193653932455
-0.0006901740120424545 0.0015602391095240497
-0.000419547811017892 0.00042713066643357744
-0.0016799440695264953 0.00043447286843245256
-0.000900694288218322 -0.0013957551801352787
0.0003274151423529279 -0.00021100670071579473
2.0194895068288032e-05 -0.0009303022677952711
-0.002303277832321783 0.00021378731066346338
-0.0023025931410970107 -0.0019366954210236654
6.382758900986094e-05 -0.0017006554971525127
-0.0015659980654248956 -0.0005591405223519302
-0.002692062423797687 0.0006696061313397186
0.0002034836719818019 -0.0015578225956350445
-0.0025211045610080453 -0.0007663338044804499
-0.0025869447330485193 0.00048459705425693046
0.0006075388451622084 0.0001655792939519643
-0.0006134689040972508 -0.001378686498846032
0.0003557204710050992 -0.0004379125442119384
-0.00031737631029148057 -0.0005884331595704737
0.0010080045495919066 0.0002534250852317874
0.0006499195469218589 -0.000899417195246574
-0.0008151312399988945 -0.0004710139043012194
0.0004743752387614919 0.001563199574902724
-0.003344867493400262 0.0002891240384895408
9.343510359764761e-05 -6.38707930929862e-05
-0.0033694284027616823 -0.0016411477180187824
0.00029392403815976434 0.0009629911993905334
0.0016520093102009225 0.0008855541192759017
-0.0009617661847999538 0.0003556478101999018
-0.00012515306175695093 0.00025519600099575964
-0.0011197548048687107 0.0010637110388835276
-0.00019084762697451206 -1.9816599407372825e-05
-0.0013858053636326285 -0.0003193504913542128
-0.0014296087479091478 0.0001827933133920112
-0.0002746614674760549 0.0012763956159331238
0.0007997360890070527 0.0014357516375376842
-0.0009270637316344829 0.0002039752077133407
0.001732744142715023 -0.0007742511334933586
-0.0007118271568266497 -0.00047935584143750083
0.0014181038303622796 -0.00010634097800045075
-0.00010780297021082126 0.00039408716873070947
-0.0006296674358224922 -0.0009439777488476577
0.0017492251667749225 0.001252471966506948
0.0006812102493138577 0.00026947482988700906
0.0008733903029833749 0.001298699088306563
0.0001781947229807898 0.0009295922140447871
-4.6670187893657276e-05 0.0027291769497053272
0.00044605247713580315 0.0009170968130994927
-0.0010844527809260058 0.00010208811875589859
-0.0001911986726166409 0.0010270721398830556
-0.00010149960150227454 -0.0010835276258938937
0.00027266014063000426 -0.0014340557512765918
0.003337264956379093 -0.0004107194745984783
0.00135345498943123 -0.0017900581264261542
0.00199483108692689 -0.0010514360268864581
0.00037467603023895896 0.0009438016545619786
0.0007488706357619874 -0.0031547816008098404
-0.0007699844605290771 0.0010927358395665845
-0.0029164218495786325 0.000771901262082879
-5.2178420503416797e-05 8.722444028612999e-05
0.0006168041530349388 0.0015202786900465354
-7.339349259678169e-05 0.0005048260704974195
-0.00044931787809627486 0.0004748713786768557
0.00016459861642429554 0.00044968348154008085
-0.00010021339252534985 0.0004300056239692814
-0.00043132402098827955 -0.0007120179378550807
0.0001643381730017064 -5.6702874285935275e-05
-0.001830052128684385 -0.0018977261377043305
0.0008087457253921479 0.0009928879440974606
-0.0008003529237757847 -0.00022042779387567636
0.00019170929591615115 0.001071974412043937
0.0010424674439221753 -0.001663986691999031
0.0007261669122145654 -0.0005717861638173687
-0.00013883641756899442 0.0006927223915763604
0.0014248754252613768 0.002685960566767383
-0.002156040068668645 -0.0019823229723496395
-0.0004938671573596805 0.0009877902228883073
-0.001972795688948931 0.00034751431626331626
0.0022611841135060356 -0.0017004116457957396
-0.0013380340809918082 0.0012024425545564222
0.0002005816195111778 -0.0014729279769919662
0.0010691613748258738 -0.003554897930014701
0.0014900243250564906 -0.0022875033755701524
0.0018324276953613366 -0.00187206141613316
1.584969448567679e-05 -0.0008184245802255806
0.0007649133092502321 -2.7064340375674356e-05
5.862856755621443e-05 0.0031767116459214396
-0.0005584110389778771 -0.0005190810499501302
0.0008521922493655926 0.0011993823219676157
0.0005719071469807929 -0.00017762541240740843
0.0007779111803844398 0.0011853897128930148
0.000938795830694222 -0.00025463689498065743
-0.0004310723295420472 0.0011290509548724866
-0.0004692532927982189 0.0005938768233296442
0.0005938803837161555 0.0007945646459754363
0.0011114642864752627 0.000627323279724958
0.0015160179018753669 -0.00010452214295033478
0.0014123185786887624 9.838931504665121e-06
-0.0005017720331687132 0.0016597857955900353
0.0012163911642957316 -0.0005492769194234556
-4.0258933396102895e-05 0.0025172444009154424
0.0027032335805805053 0.0002662182728869828
-0.0009233262726877446 -0.001675482187842178
0.001122632229972639 0.0008623291004519396
0.0008110381172653118 0.0013841512221409473
0.000600279568811908 0.00255661002332451
-0.0013984437382222388 0.0011809833113905518
-0.0011361041566838 -0.00026599444437476363
0.0009625387763706111 0.0010758898175037609
-0.0010343444308719282 6.330305431472718e-05
-0.00026492126047687433 0.001704577382971122
0.0007058520811384028 0.00205310661757463
0.001071198893265732 -0.00037001765351718074
0.002648911140822372 0.0010904325490623294
-0.0009074730997621929 0.000778693499384484
0.002366737752929931 -0.0008519361908669991
0.003193833941644659 -0.00021186416632662167
-0.00019571401448514726 0.00036575364417185314
0.0008281988020743354 0.0013514015786238473
-0.0018722454721998118 -0.00032147576492483874
0.00270469148374234 0.0013507366314087753
0.0015371539357579974 -0.0003275809146009573
-0.0002899782167997644 -0.0007129692352488952
-0.00032439327765931635 -0.0010525383336532708
0.0021830090810747043 0.0014484247672223545
-0.0026428649175233654 0.0009052599305243715
-0.002208708756830138 -0.00023173128766504822
-0.0019600293105024543 0.0003182340094223662
-0.002129391484208253 -0.0012417285061780297
-0.0021303133238317956 -0.0014061427961112945
0.0005737470658802598 0.0010436539693779372
-0.0004312944508375437 0.0033340679933163294
-0.0002315918101517898 -0.0007797122817034222
-0.0018020750982419861 -0.000488423183525824
-0.0006434567027072567 -2.446979731718744e-05
-0.0016558750821918508 -0.0011105176331245182
-0.0013645444936233636 0.0008367746265220674
-0.0015502287836655685 -0.0006008885652955794
-0.0015703997523035288 -0.0017567055200419924
-4.333725513794431e-06 -0.00016659919254404196
-0.00013536553013324048 4.308601791946507e-05
-0.002740900041982695 0.001424963698323037
0.0002447231000841695 -0.0003017259454405882
0.0002047301154798145 -0.0002238592225437879
0.0008641365896246299 -0.001707336717479448
0.001976135806131252 0.0010907245787133873
-0.0013075016573716534 -0.001639444466062389
-0.0002144476354735539 -8.1098343821767e-05
-0.0015835393999969912 -0.0031790038028152263
0.0007879595395091173 0.0009061410832299746
0.0003175742023614031 -0.0017151371528268604
-0.0006628613471531004 0.0017581018659723988
0.00021220001450030922 0.0023252232761835066
0.0011423339355405289 -0.0017033383513723774
0.0013575307530932414 -0.0005861220078962603
-0.0012752583816879712 -0.003033620187101478
0.0008113931157623041 -0.00030575598426783884
0.0026058106262046507 -0.00015353641775791343
0.0019905494331152952 -0.0006767637057485791
-0.0022800552132619554 -0.00016754196568973236
0.0010445695334163193 -0.0015192934997124814
0.0018984066619810338 -0.0023686619242638722
-0.001133711229993384 -0.0014744580899755113
-0.0021536557392974934 -0.0008363925999105789
0.0005696596305904101 -0.0009232170855661202
0.0021020900376557084 -0.000994309067063034
-0.0016856992449459042 -0.00025457538463565465
0.0007755731624633416 -0.00011958782970625217
0.0008291197027165121 0.0018925203855098848
-0.0006911036878084557 -0.0003353641563071664
6.734954796517364e-05 -0.0005797444335096355
0.00040518814353073234 -0.0018053837738070174
0.0002799569805976968 0.0013032265345828307
0.002412906889249027 -0.0015046748600456128
