0.00012823974019407242 0.00021130594637624255
9.560386002333178e-05 0.00017346910748797673
0.00494902598344346 0.004389862790126286
0.004823092065984638 0.001509556498369886
-0.0003033465427740327 0.0013833532156621027
-0.0012228473327697905 -0.0022526879648411082
-0.0006785925474314677 -0.0007239169155815803
-0.0011410980058589558 0.002698462099865534
-0.002992458844963511 -0.0006331564219669413
-0.0020031060093670438 -0.0001675903826701448
0.0010547463086771152 0.00208784544849783
0.002079636544660275 0.0007735961097429556
-0.0007975832772258687 0.001754085327643548
1.1525308890937965e-05 -0.003945914680232048
-0.0033511368233040137 0.00012648258692619566
-0.001608348840268539 -0.0026448762053396806
0.00014974504471999242 0.0018354665009712127
-0.00026991758283188106 1.7999822669373967e-05
-0.0009871489503243734 0.003361910807535654
-0.00032001075341300415 -0.0013804150680079143
0.0006608813342618452 -0.001220544232731967
-0.00029989015226787537 -0.0023623227034190496
0.002122221735597105 0.0018211429883135345
0.0011587145493788785 -0.0026776939645288956
0.0019870783457389737 0.0009985106748927849
3.208225945425363e-05 0.0005189685999423608
-0.004190563880444909 -0.004486221127907443
-0.0018757180335309204 -0.005950274550035666
-0.0003259918799936099 -0.0005189002116059734
-0.0027217039573097976 0.00012486887226172946
-0.0011206611286027218 -0.0006770902958938737
-0.000924004105789493 -0.0009001190801290465
0.0015248568762843606 -0.0003698966177337862
0.001831647168584571 0.0011284227235567894
-1.960950941417405e-05 -0.0023585448214233124
-0.00047245540329226687 0.0011612753793250681
-0.0022717703196356693 -0.0017526304115779922
-0.0011190247709331276 9.752030730567757e-05
0.00039677446281317013 0.00034360201107294045
0.0005942498857214672 6.165445362897096e-05
-0.0007499996054871618 0.002298189887335671
0.0028030224191805658 -0.0009411703064570829
-0.00046616003983295445 0.0015622612920263535
-0.00030733999840717026 0.00034343559605229396
0.0007481066199288953 -0.004367048731385395
0.0021641721973972654 0.0008186604811780965
-0.0024233647433849607 0.0004179930282667868
5.300243165843258e-05 -0.0007896868383257331
-7.297218685486988e-05 0.00046177207639087713
-0.00037416442818617214 -0.00040536686606850803
-0.0006324505075155805 0.00042525241164419127
-0.00010225946928336538 -0.0010859997710699772
-0.00011393585014119656 -0.00018348512084799442
0.002344982870918876 -0.002557071590299692
-5.749982225869503e-05 0.000935495082890079
-0.0026890834859731646 -0.0006377772236875034
0.0012214930700733602 0.0006041900382781687
0.00027697273664239905 -0.0014424633176070142
-0.0012119341877511673 0.0016580131753048566
8.836712166234165e-05 -0.003536878342769621
-0.0001567658620079233 0.003118617173831083
-0.0017726404639611631 0.00027951170915795884
0.0026170561765128902 0.0024099913398034343
-0.00040554095027441967 -0.0003419066066493549
-0.0008854299114060558 -0.0010847324819569493
-0.0006092638196207276 -0.0016500278235003474
-0.002203128115726094 0.001248640309700496
0.001194250088479063 0.0016877850985773455
-9.926978247809812e-05 0.003913983842738182
-0.0004459794058497595 -0.0024652530545892556
0.0023526455141637433 -0.00040718325169820523
8.014750163365607e-05 0.0019417760832998346
-0.00026062184407790197 -0.0021913983844823095
-0.0033045111604740806 0.0011057154986974442
-0.0015442090119167958 0.0008723790621576132
0.0005172969341881343 0.0003389375732992087
0.000238058748229574 0.0012329575372634599
0.0019074137963789582 -0.0009805572721360253
0.0014110835670707073 0.00024316373158052382
-0.0029455802066814035 0.0014995870234967782
-0.002097736888280749 0.0014413475254614002
-0.0015744267461781172 4.069368252737006e-05
0.0004150729229704403 0.0005068556573147013
0.0022728700996064288 -0.0024689975862828817
-0.0026391959316632153 0.0018804886717392387
-0.0007250421326797106 0.002275070944956686
1.7380595008815882e-05 -0.003940167897920943
-0.002874445236317599 -0.0005474288004164591
0.0017157935536350989 -0.0013990181951601347
-2.7938255025400333e-05 0.0006506302882048962
0.002021260493560296 0.000631633573817622
-0.00036856678066717296 0.0011728268420337768
0.0012657927844955679 0.0008516084488371976
0.00018467541212160082 0.001325896106323858
0.002431028426533724 0.0008278215272834619
0.0028506035314008406 -0.001932266401460784
0.0010036640620044212 -0.0015778413949028673
-0.002253185207234271 0.0007531423658071711
0.0010298431774938084 0.0015309906771827433
-0.000870652659669988 -0.000556942797506631
-0.0016343514772722365 -0.003138369160913219
-0.0027634344380975547 -0.0005996961012102697
0.0007695063103026755 0.00011470008415533884
-5.0418276344010674e-05 0.0012934122629364852
-0.0012077137500089252 -0.0004091302399807804
-0.001642543226170674 -0.0015572212721204012
0.00018975792720130833 -0.001517262841407209
-0.0016111115820767003 -0.001270625781766815
-0.0017901485042341862 0.0011289320498772898
-0.0006568242294211202 -0.001133240956280643
-0.0020785874797595583 0.001155638040964196
-0.000596975493683586 0.0007296872927841508
-0.0009676311870453476 0.00023059903475009067
-0.0020426583349070133 0.0003199001677310599
-0.0009566119794415309 0.001793722251846202
-0.0001434548339326805 -0.0012296243019618849
-0.00031466864906192827 -0.0007647258310906121
0.0012654198852568282 -0.0006737838909108514
0.0012935973482745763 -0.0012806150387364365
-6.909628615164874e-05 -0.000996032537673054
-0.0010079041985455305 -0.0017060463464771908
3.415712232185932e-05 0.002173367835305579
0.0008270760559624491 0.0009859886491737318
-0.00041054319635338237 0.00034213213900522853
0.0005913861478952568 0.0010891149268843045
-0.0022093585272388856 -0.001988254518445595
0.0003890130726894033 -0.0008858451249604784
0.00016408452991997162 0.00046108423428648014
-0.001665618547956439 0.002497077609237796
-0.0002474929047761085 0.0001319914842572422
-0.0004678539868932348 -0.002819972922137314
-0.0018301451357319602 -0.002043561524387888
-0.00023364665662942898 0.0012349445384329009
0.0003018145718849772 -0.0015142340913081784
0.0012839112021622516 0.000467262729153122
0.0007535351997663124 -0.0006626898220818588
-0.0011492238539892838 4.077364315760097e-05
-0.001020139488566195 0.0003666289454294014
0.0006774430210990871 0.0012537254448285989
-0.0028088165200952555 -0.0013471759561515815
-0.0008291397443114966 -0.001298508493871494
-4.420413978742158e-05 0.0005082977481385368
0.0017290132744823337 -0.0023736754186110634
-0.0018378992166248667 0.0035251461212797426
0.0012645904267485012 -5.3862615913823226e-05
-4.2119629472346224e-05 0.0008232861984374432
-0.0010226270010618187 0.001219331755280489
2.3618267079563265e-05 0.0011045403251994516
0.0003708065987714304 -0.0018557792492957957
0.0021596836649282252 -0.0013051634976725976
-0.0014140862474747184 -0.0009497982063915904
0.0008321229192076949 0.0009236434799804738
0.00014751965194919323 0.0005061359169026998
-0.0010665843269130242 -0.002225586602325033
0.0014090233980623272 0.00021495474830859085
-0.00020810874974008437 0.0006480991819779625
0.0021405393692226957 0.0011354116086914718
0.0010107239436496543 -0.0005368696505624484
-0.0004248757520872908 -0.0029786023658153337
0.0005685890428645083 -0.0011195121225917135
-0.000417893015625219 -0.002078033408348228
0.0010707755463855097 -0.0012129456029956673
-0.0020918461992902636 0.0012468137710829924
-0.0007606976690807589 0.0003607412341320915
0.0006889311263076962 -0.0006501686536067914
0.0012361646362201706 -0.0008493996357210504
0.000335631448671156 -0.0003666231399268064
-0.001321385181764747 0.003358870682897301
-0.0027398193553701045 -0.0021562496145600004
0.0022905484794256575 0.0008118591176806005
-0.00012737975674034926 -0.00046769612653680494
-0.0008965085674727231 -0.00019202793956066145
0.0007968802204990004 -0.00020111851438929336
-3.795090123166331e-05 0.0010935663141771574
-8.989485072698975e-05 0.0003519180071855384
-0.0016926779089742232 0.0026125864816259657
0.0011344900345925928 5.347573251202398e-05
3.398414301729014e-05 -0.0006489153871550333
-0.0016686662749381977 -0.0004760553090679045
0.0011445109678490809 -0.0006991727155731124
-0.00015073634902813092 0.001034635464473098
-0.0012863798549885186 0.002137903048716444
-0.0002992179878254862 -0.0003785962728210604
-0.00033290383979586757 0.002238642510811688
0.001709313530542455 -0.0019089879494840203
0.0019034438653060203 -0.0006194522602510457
0.0016656062523487762 -0.0005851346041740572
-0.0003234561345397054 -0.00018821761438559895
0.0003759563717638831 -0.0019692744245181693
0.00020995500587963682 0.0007929058425921926
-0.0015535905228541886 0.0009554633063929195
0.0013638660699805338 -0.00019748000409818738
3.087948452473113e-05 -0.00022839512132240188
-1.6693743780133675e-05 0.00042255008327643295
-0.0017045864730761229 0.0016211916991209813
0.0012925916519376235 -0.000726581259145905
0.0014754801978505187 0.0002207880987497492
-0.0008160412326658115 0.0008237868220836988
-0.0007997125786107591 -0.002339905231336747
-0.0006257727534752376 0.0013278798183781213
0.001004774642752817 -0.00048350126211449624
0.0015091320734763308 -0.0007887098980731389
3.8346108626215846e-05 0.0015102506499690563
0.0003242473104400544 -0.002449313319417054
0.0012016510429358406 0.00031734813622135913
-0.0006081436480684507 0.0015481776992708376
-0.00044322825530127306 -0.0023563731599553026
-0.001075812692844311 -0.0021623064394876547
0.0007630109787207572 -0.0007833504240227882
-0.0011805012571120112 -0.0017350926824245218
-0.0018169894791149562 -0.0004075654342983764
-0.0031395444992564606 -0.0037715039303956558
0.0010860525458739072 -0.0008063897327830517
-0.0006960962818045261 -0.0014599949499270648
4.654965806430686e-05 -0.00040426036346495516
-0.0004955903828531519 -0.00022561567473461505
0.0005367413614485897 0.0009515351033947856
0.0016097735658534824 0.0035690502557005365
0.0009377988778319138 0.0005889416967919733
-0.00035264137837437486 -5.492029595385696e-06
-0.000989086917090249 0.0011129864149062437
-0.0017451442376926274 -0.0022339379546110886
0.001104929347622344 0.0009613629269583406
0.000315205524281883 -1.138668796022491e-05
-0.0001389559442615361 -0.0005981717054549478
0.0016836430161762627 0.0006084533774207241
0.0009911703705806553 0.0018768603492055657
0.0017048295599372645 -0.0005887880099812156
0.00030063552764737257 -0.00018217430956415999
-0.0006895768682571494 -0.002340449562721886
-0.00024178854673096673 -2.9604589166785586e-05
0.00022340326855903469 0.0003238435627549923
-0.0004153065306026239 0.00018693210418917745
0.0017903836209625414 0.0011680081400470767
-0.0006249403196500288 0.001816184447618442
-0.0003028854201419261 -0.0008288236188401843
0.0012515192497236907 0.002678000653863747
-0.0007455193654460844 -0.0004500653150986982
0.0028212672924624216 0.00136536121036064
0.00043375409522373586 0.0006816923182271325
-0.0008133201637460965 -0.0004098430156533038
0.0012859066516770472 -0.0014101879679760713
-0.00055757872610123 -0.00040799361116327976
-0.0006579149942258782 0.0018282595078897576
-0.0009370515161682263 0.0005102710059114742
-0.0026649321755219295 0.0014504762146997888
-0.0004967644202979776 -0.0002485178789678496
0.0007865732116513513 -0.0018519958545239613
0.00023872097814673556 -0.0007831820367088951
-0.0012343355884629945 -0.000968159494320404
-0.001188201351956607 -0.001399119285816425
-0.0007092213358387824 0.0004320034372430308
-0.0008668667223703251 -6.854500172989607e-05
-0.0020709154121876256 0.001253443366387923
0.0010052910513656487 -0.0016371110958732433
-0.00394042598640639 0.0006608792610993676
0.0017044339779407438 -0.0009688008865472033
-0.0010291747841329453 -0.000842320901016478
0.0020730070324078247 0.002189108225794144
-0.0017102330542921643 0.00047340912190735676
-0.0018916579441128208 -0.0024568354713565823
-0.0013615173572050143 0.0021047663186836056
0.0013470580125606456 0.0011114650548037627
-0.001320875772820457 0.0024165205461134896
-0.0017547051543867068 -0.0005475416813994725
0.001333638453296605 -0.002259792236752238
-0.0013589192994326888 -0.0007165557188160216
-0.0028842309236146767 -0.00013883846374769542
0.0016095791952649048 -0.0004764456693742133
-0.0010809895642378887 -0.00047427711547241836
0.00100457891981444 0.0004265780644876504
-0.002256465889343989 0.0011395984148087073
-0.0027313155159676638 -0.0015604474801053279
0.0006894063241579486 -0.0008319153843589595
0.0011832584378806837 -0.001269792334887126
-0.0004552347372077931 0.0021515670983260917
0.0005696745058730306 -0.0008924489304788554
0.00048378541238493596 0.0018329209669553088
0.00032279194382219787 0.0005292925585382296
-0.000996366793598799 0.00033493459913307497
0.0017608014059280284 0.0022269615435808843
0.00024959946647920133 -0.0005603134911372459
0.003609413887350167 -0.0022997563977715015
0.0012135683825663008 3.9170193720618654e-05
0.0013187315112558242 -0.0016239788185168998
-0.001515649526946569 -0.0022965360391157008
-0.0009895688926882475 -0.0028123923769377292
0.0014669543850604938 0.0013457535065929975
-0.00019276863352639127 -0.0014553435059626032
0.00046957962795188697 0.0003037370309332667
0.0003009480718700046 -0.0029579620695990645
0.0007525276277392222 -0.0011084210888433774
0.0010650372640559624 -0.00018308125190001414
-0.0008748576493143971 -0.0025729239884679936
0.0009041265001510383 0.0006319512676225779
-0.00038093211628403444 -0.0012167299659093355
0.0023230901661044994 0.0018261151745400314
0.002114245579858516 0.0009702881017318346
-0.00022982040951622184 -0.0014241808370612018
0.0017389352540627986 -0.0024846327367721984
0.0012391499695325015 0.003545318300595386
0.0006146923709758689 0.0017959796773357806
0.0010021170408895349 0.0019498415517441657
