0.000127801180097932 0.0001694540264635476
0.00021654470285159603 7.967852003438616e-05
0.005534329001469849 0.0052174200340217546
-0.005209982555342596 -0.00017858394557568894
-0.0007259060400320107 -0.0007649912943656046
-0.001894337909266694 0.0005992748012744494
-0.0012102387496806032 0.00048048913424522915
-0.003551460654806981 -0.0003339910323471398
-0.002337098127814491 0.0009353584993564963
-0.0005797080759355663 0.00045174302119758844
-0.0007487916799256031 0.0007789156507575861
-0.0007531199364406573 -0.0006188123638576675
-0.000398818652134504 -0.001099195721672142
0.004039325772259229 0.0001917423294826732
0.0002998052691918951 0.0017373539426922798
0.0034073433645345247 0.0030581762520803125
0.00038222169302992736 0.004143898152782673
0.0005813124053309268 -0.00012023378836175728
-0.0012953813098693153 -0.002744900020622852
-0.0016343251188934637 0.001875339322882984
-0.0016428806892077462 -0.002560989254009642
-0.00036783515166577787 0.0019637630843886813
-0.0005189488827342731 -0.0007995100289344689
0.00012061615613647988 0.0009842937890757358
-0.0013694477356898638 0.0015536143422371547
-0.0019563551397796205 0.000729271309916167
0.0020719915045476016 0.002035612837900198
0.0006224112500610117 -0.0007433085795085547
0.002313284819217743 -0.0017235912855628809
-0.0010911115762066586 -0.0022499364812093026
0.002086736244614189 -0.00043328015220598547
-0.00014333185090646824 0.0002323428553880836
-0.00016302703770849697 -0.00043089421169298364
0.0008882687737122671 0.0015801399824669235
-0.001184361333873254 0.002046408534264959
-0.0015639597171906538 -0.0017975234487938219
-0.0020371621438794803 0.00022617809707133686
-0.0005569693803404088 -0.0012191297090556569
0.0010359592025491768 -0.0007804108170028777
-0.0009602813142483378 -0.0017600808188119588
-0.0008790870158887648 0.0002182589622117766
0.0006604890177553599 0.001565341145983804
-0.00017304131703858828 0.0005109531170876763
0.0029634272508717316 -0.0013475070894788824
5.7430764743001174e-05 0.0009169511608039968
-0.0006866065105577507 0.001454812369731383
-0.0010917444761707076 -0.0018474847730643763
-0.0025915749400038054 0.003148787458504876
0.00014673178643575833 0.002237046599508134
0.00026490402185569265 -0.0031492963973761704
0.000319779959145709 0.000634550617887116
0.000366264485307279 0.0016299355326365838
0.002879014218563163 -0.00035676428381920623
-0.0010750443752840753 -0.0019686916054389818
-0.004425199539611891 -0.0012764299992581872
0.0014241731231247011 0.00038124968309232647
-0.0005416953121726364 0.00010737858985394908
4.7275251697943416e-05 -0.0029514429782111495
-0.0008909226090460769 -0.0013016662684801937
-0.0015166508804451424 0.0006052242067493733
-0.0033030942817231673 0.0009991608896457137
0.00018478209747467905 -0.000588545514146086
0.0004892314367696497 -0.0003997634624665976
-0.001462269561802413 0.0008361047443921215
-0.000614384975460203 -0.0021287622592217376
0.000602688509134796 0.0013182736126815561
0.00038920121633611714 -0.0036784186040864377
-0.00029350352250497437 -0.0022748194869609
-0.0008944383709858586 0.002157233631974776
0.0011125616294364706 -0.0013624478926376556
-0.0012898704077706435 -0.0016489862708375766
0.001304082570445899 -0.00146530572447302
-0.00045298856303508305 0.00016072121710840556
0.002240580754039723 0.00020056426379498203
0.0007874761991733912 0.0033538483005602373
-7.801095535217514e-05 0.002108476493093154
-0.0005145802105028298 -0.0008482500540517221
0.001459750112095853 -0.0004510779224323709
0.0006774786039102574 -0.0003301769665979983
-0.0011035743726894643 -1.1792403708419855e-05
0.0009435719574381046 -0.001625989729092841
8.280530663065517e-05 -0.0013215481022308658
0.0020958675753905685 0.001232040443452848
-0.00204466671320204 -0.0010892032681044516
-9.119804474262917e-05 0.0006244741266747066
3.0446008523501433e-05 0.0021968429015760387
-0.00030436969128569424 -0.00026581421253316664
-7.69014965992308e-05 -0.0013283746172133937
-9.763612751221339e-05 -0.0010452706213448187
0.0006656464203686872 -0.0012312805749444683
-0.0002903417242433194 -0.0007524917517598426
-0.0005769003339171312 -0.0011281341775272184
0.0019910779663574393 0.00014609080398817376
0.00196042484031583 -0.003571445090655173
0.0003686905690937884 -0.00103596067349675
-0.0007240452729861097 0.0012274536881344738
-0.0016746059641938424 0.004228733921223394
0.0005721506703430394 -0.0007272685319576613
-0.000792677981850621 -0.0008904638350588666
-0.00040228266004325986 0.00154626752171339
-0.001429008647668242 0.0015032602678241055
-0.0010063477225411073 0.0011480362191400952
-0.0021834150728762066 -0.0020052326005763053
0.001971445986068186 0.002301401133313989
-0.00134192843975683 -0.0012074161622204831
-2.908557270078795e-05 -0.0010204075696607947
0.0006261876076132088 -0.00020851645646281807
-0.0007537274587011758 0.0016814299312238724
-2.4024244175015076e-05 0.0022544111043482497
-0.0012406978417189253 -0.0009676821272325485
0.0007318420434068333 0.0005528946202719083
-0.0005456494998488069 0.002110802429052968
0.0003034198689464088 -0.0013451601717116611
-0.0007032158379667899 0.0015843266848580492
-0.0023990983341325026 0.0008287425237554501
-0.0006110510952986686 0.0009541298245581742
0.0014952940941046166 0.001164484735762592
-0.0017488044290307455 -0.0013181823078489395
0.00024464232801405276 -0.0006291288402680643
0.0007155781916196308 0.0003184825763084449
-6.623508364916364e-05 -0.0008517470390214517
-0.000718627074792246 0.00043117144050845696
-0.0013069706097033242 -0.002296564538392182
-0.0013669419563328079 -7.013748662199354e-05
-0.0009044015859305115 0.0002265692140719957
-0.0001484697951302093 0.0005810147143654168
0.00024928231732859984 -0.0004678221551917657
0.0006575719018191196 -0.0006570905403421648
0.0003638992140893223 -0.0008372193509567135
-0.002250932087748794 0.0005654420754130121
0.0004787180258883865 -8.776792608523831e-05
-6.185660997855796e-05 -0.0015516353760664568
7.170340364258798e-05 0.0005547563997976738
0.00014395836679853994 -0.0006647195994162281
-0.001703411539136682 -0.0009453128341195152
-3.929876742434778e-05 -0.001987762219904313
0.0004664271959561898 -0.0002422751705340172
0.0012456451175646927 -0.0005894433273852273
-0.0012753283878894504 0.0008958416346256196
0.0018238978673701814 -0.0001553595543134801
-0.0010767955554275889 -0.0015411587304766077
-0.0014696125071044439 -0.0012507235392530734
-0.0005216295361546529 -0.0015737144328590153
-0.000829459145484501 -0.0006963638638330554
0.0003568613508263537 0.00013087560244970465
0.0016444717310568364 0.0032890237101913257
0.0016058143637853735 0.001322488028085727
-0.0004711243553399589 0.00343097975244622
-0.002120747203625582 -0.00039900277414891037
-0.00029624255577125866 -0.0004591122942468218
0.0006001107114960996 -0.001123472365172518
-0.00042827121412308746 -0.0014280446864339414
-0.001367939295293702 0.0010354323845223029
-0.0015639523418466438 -0.00032516956662305413
0.00020285472794865733 0.0015558731602529367
-0.0008543692907449203 -0.0009329393662952282
0.0029925214592970333 0.00012472942653945167
0.0011667498744096123 -0.0008971986795556471
-0.0008816018960625401 -0.0023920435214637844
-0.0002852926666965737 -0.00023176704821007422
-0.0005831536836058732 -0.0006643494719738263
-0.0007905794220294349 -0.0009216731192809059
-0.001074921456800817 0.000875304588513109
0.0009014799544524043 -0.0018982067248097245
-0.0004192977296940618 0.0022342440138971194
-0.001054835653949417 -0.0004879540291931295
-0.001406422388589335 -0.0007383581605980297
0.0015821595525681597 -0.0032602004787775935
0.001087977199642897 0.0005251725695951464
-0.0006927360423248357 0.00021694924699941758
0.0009786044107654456 -0.0010799813076242026
0.0003274992079083666 -0.000466540792905955
0.0014579203351964734 0.00176557215562378
0.0005336687989051351 0.0002994022463947721
0.0014991930342419923 -0.00013550066136797147
-0.0024732780564410647 -0.00028204331855718497
0.0017862679877718342 -0.00011097546332604539
0.0007631842234917196 0.0008030090930232192
0.000813622368124322 -0.0009732264205697762
-0.00019399488797075185 0.0005570907029189972
0.0025858802272947013 -0.0005423084837072984
-0.001159821109920889 -0.001781227710197299
0.0013942155479066565 -0.0006655939986890223
-0.0015012485705668216 0.0002117449778364474
-0.00043632538967106104 -0.0018608680596275823
0.002793806618581992 0.0005065351017279891
7.335996067576378e-05 0.0010760079301843327
0.0023787704846885676 -0.00019144866302026582
-0.0005331543491983033 0.001376953904078869
0.002078158789262561 -0.000372242484165543
-0.0014022921405933753 -0.0024282122783625733
-4.581245708660634e-05 0.001311521846171603
0.0002977125770041015 -0.0010181344174706906
-0.0004316976956143525 -0.0006317737239409873
0.0007608415901732561 -0.0007864416892367677
0.0007189794055455197 -0.001260200640217598
0.0003391721365845325 -1.8774258641977766e-05
0.0006527448721862833 -0.0009777157588059195
0.001485001650849491 -0.0007270234664628026
-0.0008744522917471747 -0.0003709018933168831
0.00017627580605193246 -8.53298011309326e-05
-0.0007469898697300304 0.00047498349938135533
-0.00016600354759372534 -3.3898418195224055e-05
-0.0008694617358392849 -0.0012558205109262182
-0.001034821687986379 0.0020891907066844895
-0.0036741947354075044 -0.0012235038680929768
-0.002004791928556479 -0.001304923661120681
-0.002188416336276834 0.0032470893044421814
0.00033373231588413243 0.0008875647722742196
0.0008708190173761248 -0.003298485472181895
-0.00263284470824981 -0.0005445216044750341
-0.0010725236269527303 -0.0008783195413289792
-0.000564463107641638 -0.0005166088996503838
0.0016072588137681328 -0.00014738224314123248
-0.0010307965506341397 -0.00040993995652210664
-0.001444867403615133 -0.001457138545796275
2.8880931894958476e-05 -0.0019448371231815874
0.002283503091504891 0.0010289259194481179
0.0003685207471300917 -0.00044825439390204383
-0.0012387941013840176 0.0008682308843789783
0.001791193185001528 0.00045264433441441086
0.0015558471579208432 -0.0014897593668950783
-0.00015790722300668445 0.0010553024719263022
0.001974612026455679 0.0005992508722641898
0.00034983218344673264 -0.001634489149867876
0.00011060886895082608 0.0007818526596166373
0.00010613036929098878 -0.00047679362872111026
0.0006406753785678873 0.001092268547631213
0.0002822597695639498 -0.0004888059774383588
0.0006084682110809962 -0.0019619179459632262
-0.0005675998011520669 -0.00016458849467929787
0.0012775706457295907 0.0011073798137594293
0.0005211400813865114 -0.0012941576799595858
-0.0001548776826700912 0.0018545804868024744
-0.002791987733018417 -0.0009404992316073371
0.0012105617229135935 -1.7836589414321648e-05
0.0014680542190018935 0.00033099428464536233
0.00010082548793613293 -0.001118542400893155
-0.0010282278247132366 -0.0011420028191538015
1.1455892478637745e-05 0.00013989557560741299
0.0022212381835436798 -0.0004719802588145982
0.0004338562787706858 -0.0016008027628782778
-0.0011842327829746434 -0.0003961768253537073
0.0009038866806482399 0.0013427655486506391
0.00334447630911673 -0.00025709031120985175
-6.36922910537434e-05 0.0007372220243480419
-0.0013511252690601551 8.159398841743491e-05
0.003970487760433065 0.00035139824176214584
0.0003758228098093805 -0.002557474220507711
-0.00010808872947926917 0.001656360737315904
-0.0009308367838219219 -0.0029331367372512885
5.936559418822289e-05 0.002830828781679976
-0.0006600934836997347 -0.0008647863237822488
-0.0011791850476247025 0.0010781189474908467
0.0027206830831178505 0.0014822809707710505
0.0025179351053285126 0.00025521934048263254
6.209908790954105e-05 -5.146474110532269e-05
-0.001065060255229891 0.00010507859176573784
0.0010835720970627555 -0.0013077932013457162
-0.0011306993585541555 -0.0006761686671203467
0.0015126774523436157 0.0007932769746034038
-0.0017412147518711084 0.000346128192222597
-0.0008984370675030698 0.002407606874793686
0.00081117012284017 0.0027299235641722987
0.0017771944318039662 0.0013212144327256162
0.0008641147196031795 0.0006788279435639842
-0.00011896320813638155 -5.409254438255844e-05
-0.00010340127972120523 0.0003481303275508804
0.0036291974690041834 0.0007654073482465508
0.0027536900934952793 -0.00046066031892453874
0.0001798097524427795 0.002004759590369978
0.0011053322484870546 0.001503226336403372
0.0012063277004134652 -0.0007867418266260942
-0.0005318655269409185 -0.00195763699528556
0.0010163982546046797 -0.0013267471404358863
-3.9376458049699824e-05 -0.002485986645872662
-0.001834023118607896 -0.002841162062746092
-0.00043284842457199475 0.0005904885382246655
-0.00022947964018517792 0.0030177023760493433
-0.0018294311055387451 -0.0010143607757820213
0.0015164315685173501 0.0008809404527859686
-0.0013503927662516864 9.365591053723298e-05
0.0025263499401802433 0.0009014462433387003
-0.0009682706310652355 -0.0018324520286788098
-0.0008657565569643525 -0.0007014909381251692
0.0006319380106144251 -0.0015664973238518065
0.001747177207862367 -0.0004843731218255446
0.00034909710406973144 -0.0013154436523947766
-0.0009151024239919684 -0.00030696347523518193
-0.0012172285785497004 -0.002005537151888606
0.0008450532788688846 -0.00044648860187885696
0.0007891386361675161 0.0006546110711678542
0.001371392072127213 0.0006140555028769239
-0.001353288138105832 0.0020227250694458757
-0.001359788686244578 -0.002875267273510202
-2.9691190612221642e-05 0.001525439707713769
2.9440997722411988e-05 -0.0006732209553744697
-0.000109595480310569 0.0005478542606550095
0.0002093212528901004 -0.00022152422764074538
0.0035468846934954387 8.572953028814996e-05
0.00044096797937045107 0.003034617726839705
0.00024076310534165915 0.0008454609372359649
0.0019947330653696097 -0.0003954693280985124
