0.00025718944707288767 0.0001902760320841868
0.0002183200956349234 9.344373199342813e-05
0.00245097265252166 0.0017093717764557841
-0.0014894892275230933 0.0015646772878075978
0.001663726481844545 -0.00033525382048378853
0.002620862252344346 -0.00011253692831769266
0.001346795928807591 0.002036233081290359
0.0012183281965295932 -0.0031995353531915236
-0.0005039094272224589 -0.0015337125020624947
-0.0013378751493845708 0.0031185544785503404
0.0006286768124405772 0.0006107605773100004
0.0036368945523446165 0.00036677279122057015
0.0038476939856846378 0.0010606190032991917
-0.0021485903601358145 -5.0075405330390174e-05
0.0013031539534481041 0.00011885418824647087
-0.001164482543798532 0.0040500734578800815
-0.001337527076489261 -0.0016124124150236271
-0.00403764316708092 0.00015939613653027522
0.00248334254691608 -0.0009756046037300019
-0.0008905572423263777 -1.1013526350174762e-05
-0.0011835329917138993 -0.002394110922194922
0.0010746884161114104 -0.0008980412908092645
0.0006743007023931451 0.0015792511892168547
0.0016246611537964178 0.0006516216289238784
-0.0001929866408898847 -0.0015050391850476182
-0.0011788414094819394 0.0031383116053597193
-0.003039931545916322 0.0003250414856890746
-0.004341403144703362 -0.0006782486043507862
0.0010530796513571145 -0.0009695264165697076
0.0010843799558222546 -0.0020753381506013885
-0.00140031890181394 0.0015242257095941752
-0.0008506407118870422 0.0021038176267995493
-0.0005613366146808918 0.0013815596938146473
0.0012642279807982527 0.001288254188838125
-0.00012304265368288407 -0.00020462788579664855
0.0018170800606290998 -0.00014103426057558873
0.0009558498306231392 -0.0006682874569888403
-0.0017912423378597976 0.0010143691260199716
0.0013394606666445306 0.002981649328099805
-0.0038907282046517903 -0.001027332402597092
0.0020786098600250285 0.0017912391958105178
-0.00040457130562052585 -0.00044924129292243356
4.941439962191512e-05 -0.0007335567258010286
0.00032503379019599096 -0.001095594742870314
-0.002329354314076925 -0.0007297901527610478
-0.0020958014299250036 -8.867871846367936e-06
0.0011533836892939908 0.0015173310943216868
0.00038603648839016845 -0.0002194880345239314
0.0004196781263910609 -0.0022542750728154473
-0.00015225533625474704 0.00026813276578473356
0.0014793226315735115 -0.0010365275328310566
0.0017837411533416525 -0.0015764605020268448
0.00023371749632000605 0.00043734055440777927
0.000947794261898354 0.0015589727472847927
-0.0001350169406529541 0.0010101651802985438
0.0006375039342816718 0.0007560594372098089
-0.002214668611970686 0.002088077878391121
-0.0024007857929376525 0.0017778890222737186
0.0008460325571520901 -0.001546083391794785
5.275017931202987e-05 0.001581175912470653
-0.00010070807649922327 -0.002094702167495124
-0.0010899865029332819 -3.817692860205644e-05
-0.0008704433158693339 -0.0011078370447168365
-1.677873322231123e-05 -0.0016123670937301493
-0.0017578448858973704 0.0001482295459498947
0.0009760257248847212 0.002120568080053467
0.0013182995636958198 0.002142523989923645
-0.0010191489411670253 -0.00010903621795771191
0.0009329658534669835 -0.0002943911969176333
0.001737602816858423 0.0002610339614849757
-0.0008182782839436853 -0.00024628433655837594
0.0019211332765869883 -0.0014335396263188672
-9.033281321200216e-05 -0.003683856104965448
-0.0007071943858181751 0.003494043341153121
-0.0019182335537162281 0.0012130005378485687
9.426112452546718e-05 0.001087506359782877
-0.0021002315738201495 0.0007926660424491838
0.0010894856634749133 0.00036802084920961494
0.0025316829998474105 -0.0005260255791648394
0.0008904867484322791 -0.002480941716541182
-3.072280167254951e-05 -0.0014832337820656055
0.00046599149744702673 -0.0006212083799660621
0.0003082222860386923 0.0012769649161788563
-0.0009647364943782555 -0.001924268163360923
0.0015114688527070317 -0.0009308473941336864
-0.002295448413769091 -0.0006858972989204683
-0.00023191493681498843 0.0014077477744041669
-0.0036548989557388186 -0.0002713015390112958
0.001018197826501212 -0.0017856920322852593
-0.0013341947111564208 -0.0007154739852536766
0.0010287260790184673 -0.0029440196994013515
0.00033091451472795576 -0.0005077848166938781
0.0006171659692871818 -0.0011590145336104632
0.0008213539732665646 -0.0005326201411805922
-0.0009361299737985492 0.0007697979894208361
-0.0004731682093729441 0.003701348395606066
0.00010523077277673684 0.002288288726963942
9.785873581976292e-06 -0.001397190029806063
0.00022788625528890677 -0.001960172322130475
0.001089184262985185 0.0007238552455627994
-0.0008694404857159629 0.0012148895379674382
0.0013382709422641002 0.0032051666230900385
0.0015360534127583502 -0.0022222505966208957
-0.0015535135302283864 0.000799115312349551
0.0013894631774493658 0.0004703754361440281
-0.0006750711382184201 -0.000632726040013978
-0.0006499013083768276 9.555194187446126e-06
-0.001976494082559319 -0.00044102688938608855
-0.0006107161286264336 0.0008081159574336725
-0.0002794098232099061 -0.001444864666339853
0.0009840894838434278 0.0012534237730017037
0.00044078800079908417 -0.0016676823921250054
-0.0004975561788326493 -0.00030230295974402466
0.0010003951681465 0.0012113971908120876
-0.0003610503496155332 -0.0006047856682114384
-0.0009093669331243751 3.393779248125916e-05
0.0008192770250047637 0.0009235134971121217
0.0019001917391600833 -0.0011044737974902118
0.0005550520143451628 0.000925121320057024
0.00026045790462531375 0.0006542189395720265
-0.0018615839921821303 0.0001464840296456401
-0.00022858530547521108 -0.0006274325063434762
0.001844985806554577 -0.0002875101256639499
-0.0018639878253733319 0.00028841804501106104
0.0019283551989563359 -5.181285224688198e-05
-0.0010284755663824633 -0.0003537782468133709
-0.0020657475996398392 0.0013302808769391353
-0.000676403059743016 1.1464001073078811e-05
5.4221580614751225e-05 -0.0015371379321406813
0.0005538584004004254 0.0011716640342822001
0.0008798478809071572 -5.719782208644265e-05
-0.0002180685275924503 0.00044203971376018916
-0.001400864844111756 0.001555309419985035
5.930870765552716e-06 -0.0008226420794834137
-0.002273049705228967 -0.0003165720458946996
-0.0013474959892588363 1.2447944074177335e-05
-0.002062668853261512 -0.000497629269874725
-0.00020078312541926008 0.001904039916918079
0.0006421706692524738 0.0008840610930777362
0.00013531579672035131 -0.0016039508092755652
-0.001720954489272012 0.0018740622116657144
-5.08317153142702e-05 -0.00037418017134466204
-0.00019159518300853953 -0.0005448883612720188
0.0006288042559949793 0.0001679461533779545
8.279011968524755e-05 0.0009659759484192701
0.00013064747747794166 -0.0012040818852460506
-0.0007829317074559303 0.0024412047400895233
-0.0013108779678064222 -0.0011722132855431589
-2.166755267942367e-06 0.0006644518032648504
-0.0008480816149644928 -0.0015353424161354224
0.00016748316931935637 -0.0019937986713879042
0.0017586394968695652 0.0021392782031719117
0.0015305028652450555 -0.00016163237952192855
-0.0004054865888225783 0.0007313269062105956
0.00025813023405078756 0.0006467926216255688
-0.001835043779273091 -0.0014352447342953186
-0.0003627983894039939 -0.0015665973328195342
0.0004835784739665139 0.002236401467029095
-2.0569833798851526e-05 0.002192098897895801
-0.0011687967679447056 0.0009659201866742971
-0.0007357935728211193 0.00047400597022804715
0.0006209213978293433 0.0001839010154521473
0.0002160458292683973 0.0010253191907149658
-0.00018256826570155622 -0.0002378027349300535
-0.0008413686975933793 -0.0024480285087224783
-0.0009118095317470692 -8.09879592396638e-05
-0.00013379255058281527 0.00039744240181579756
-0.0004545973333124808 -0.0012538029745514134
0.002011041731932062 -0.001396437625839417
-0.0013807514439038223 0.00039757694901127274
0.001012781378922064 0.0009448283164075395
-0.0003022447283735748 9.575679538986787e-05
0.0022311540873290905 0.0006900891323596142
-0.0014941959900077982 0.003160769604351978
-0.0008556401446655844 -0.0012818730882588573
0.0003557675378499665 0.00034791124008716175
-0.001661798893843479 -0.00014131305371008811
0.003186255860784248 -0.0013884883472702998
-0.001105282856244787 0.0016532569580526993
1.3187410839807107e-05 -0.0005433398567453843
0.0023061571485369046 0.0012663177314746062
-0.001024913710677173 0.0005276758610446938
0.001066694156797253 -0.0016502197033052123
-0.0006301237724139543 -0.0010072140982429075
0.0011694814335347944 8.603956980403e-05
-0.00012212918283219598 -0.002896879694895532
-0.0004114759597190115 -0.001361539279072479
0.002375316620200891 0.0010436425520586189
-0.0006650366921132367 -0.0008729933370215668
-0.0012100271208668135 -0.0004681650295229943
-0.0018413083572297378 -0.0010256987780115183
0.00078899433014921 -0.002084848376534007
0.0017308538604696871 -0.0019165009777726558
0.0004604370101122081 -0.0015110565736366007
-0.00010743686606776712 -0.0001909389732550894
0.0001876800604704107 0.001527331233421371
-0.0007564653031296763 -0.0004922033735153552
-0.00036235759282081864 0.0005151008624350734
-0.001300398887744866 -9.619768287426644e-05
-0.0022010403794264152 -0.0014733338763176067
-0.0004411442552736106 0.0011907226999964893
-0.0013276405832906458 0.0010723220915201464
-0.00333503359392114 0.0007938121880920151
0.0012372895209825918 -0.0027405608814456434
0.0007275067409577837 0.0007200600806430505
-0.0008599482637407554 2.679047421419709e-05
0.0002894616546040136 -0.00045799726095162963
-0.0017236556204577136 0.001250948494444507
0.0019152577532043592 0.0003499435897893629
0.0009774595302253193 -0.0023346894376640092
0.0015569747364927958 -0.0017193603417999363
-0.002619940350782542 5.55566577660259e-05
-0.0012127121330251264 0.00232748985763349
1.5347259546731032e-05 -0.0023989850426721308
-0.0018986630476723668 -0.0005260738656250961
0.00043731462978036545 -0.00035608641610315446
-0.0008218152216509126 0.0016179781039555366
0.001236651171844297 -2.288371593324113e-05
0.0029505678092000493 0.001210570029016511
-0.0005148302201533715 0.00023444439187901092
0.002564588047675931 -0.0024916075666750006
0.0009743971166663456 0.001977304558114812
-0.0011159080747478254 0.0014323155539924391
-0.0005358611936055023 -0.0012891292863451476
-3.511187629440318e-05 0.0006859145731065206
-0.00025631814429226245 0.0004934281036625264
0.0020955249802319773 0.0002616027280853738
0.001427807879446342 -0.001888208940281188
-0.0006386702881932886 -5.6538485233273693e-05
0.0005946509591875141 -0.0010736326631502963
-0.00018537282871376235 0.0017452359862056347
-0.0006957090059392226 -0.0009798164236124748
-0.00012731710798573307 -0.000966526031462267
0.001828677077870459 0.00013208913496945868
-0.0007411175821407003 -0.001006810435006638
-0.0031139614676793173 -0.0009194036800210688
-0.003448725167057625 5.828763417851126e-06
-0.0017260268566095737 0.0006912899632602929
-0.0013769971028738503 0.0005564659239110864
-0.00012102855595795953 0.0015324775925334513
-0.001694793029223115 0.0006413119032269632
0.0012605065615145196 -0.0007432066570256791
0.0020363720100062045 -0.0011163425443352492
0.001161868253543448 -0.004209238003230545
0.0006315628053044017 -0.00027809716053140576
0.0010328292859955828 0.0004865550386061509
0.0005990081131177054 0.001197097757779383
-0.0007692190549330136 0.0016723349412431795
-0.000581750164285845 -0.00033255052113179384
0.0010707886492978716 0.0016035544406696918
0.0006831455886801312 -0.0006788086812239915
0.00030467824834343405 -0.0014373468018260404
-9.948163025824255e-05 0.0011401217640969183
-0.00028248123847980666 -0.0021041927030869246
-0.000334575790390407 0.0005312787600075149
-0.002204885944893275 4.900197994077269e-05
0.0025573036568443696 0.00123313850363788
0.0006825022417177677 0.0009370128562971445
0.0011099953138700859 -0.0014021336824449006
-0.0015371882835534048 -0.0007858757745757323
0.0010993560603887954 0.0020167797028654935
0.00035836734884396923 0.0012770821022366119
-0.001494746791130199 0.0008872326277470106
0.001527828583119829 0.0001338200765417961
0.0006940840752529153 0.0027161870888354656
0.0001974171604691353 -0.002998840657838624
-0.0018805882049064311 -0.00014722066165381674
-0.0022697503559010114 0.0009331785661306815
0.0023598591511723387 0.001705816925769601
-0.00029710820285681547 0.00045664478122753066
0.00044359945599052223 3.109803175629796e-05
0.0018489925026731649 -0.00017825235902663899
-0.0015548678075864627 0.00040303152529354736
-0.0016167058081492046 0.0015891710568635114
-0.0002484993042549434 0.0015798446181451964
0.0005579707035114173 -0.0014455652444673411
0.0021981485365656223 -0.0037086853388775772
-0.0024555757609680063 3.075266917620076e-05
-0.00020211607742549404 -0.001142628512206238
0.0006675884144341646 -0.0005977848301579207
0.0005885122372986481 -0.0010945866332024404
0.001299345879388403 0.0006419482079071234
0.002042814080716146 -0.00013078688188950958
0.0006478477946082614 0.0020582440459514257
-0.0012837662539649443 -0.00016515306871834161
0.001804805062535056 0.00012811295145270807
-0.00023356907073566498 0.0007047027249759986
-0.000440263976596955 -0.0003247209539483331
0.00086048269567992 -0.0007607270563605661
-0.0007364022416951644 -4.3591401662769326e-05
0.0016958780804567954 -0.0014253444817991542
0.0035084456544386493 0.0008416836306870681
-0.0008363070166031022 -0.0011462049363847823
0.0018284083861038935 -0.0006155968859792202
0.0030671612781595194 0.0007434778819693361
-8.935690575413524e-05 -0.0005994296883551285
-0.0019377129435938251 -0.0011161323122503286
-0.00029610082780686346 0.0020436717230391302
0.0013881279552560286 -0.001331443289801436
-0.0005964288858795015 -0.0015812713237096305
9.92686292863462e-05 -0.001101810639116782
0.000430771877607514 -0.001591757786955577
-0.0015210446578427302 0.0006713711632426983
