-2.8905713888413982e-05 0.00018855012455849904
8.799745760155446e-05 0.0001724325862859553
0.003382980686106779 0.0036263670721975055
-0.0005321021199144235 -0.0018801772190506585
0.0005698406525430701 -0.0005351972721907776
1.833694173909774e-05 0.0013251400643197386
0.0007321848368903988 0.0010069718401644369
0.001926627551564806 0.0006316669283291677
-0.0035711426835889765 -2.0325887677575874e-05
-0.0004712078611542135 -0.0010320307786584391
0.00032224472025176444 0.00222823100135968
0.0010064569288406365 -0.00020754110516869507
-0.0013614124200173787 -0.0003831942985562686
-0.000227213672526288 -0.00023619012448809073
-0.0014449668215325844 -0.0005151144536980508
-0.0018543736867818066 -0.0013078059529757207
0.0017163353574365613 -0.0010109382824381717
0.0008621854769492712 0.0006507286425025524
0.003696823405318787 0.0013303732331297648
-0.0006713354059092182 0.0024128933284534395
-0.00017349063812030624 -0.0001831589123711261
0.0006115889131280446 -0.001855542297570204
-0.0005376405569612928 0.0005007350474893395
0.002253796229920049 -0.0023484431143446513
-6.848204688836328e-05 0.0001412137190178539
-0.000246738453208306 0.0005448383651878912
-0.003666283543080072 -0.0025714546257052354
-0.0017320527422574822 0.002472764806469115
0.0018061961389429545 -0.00107921678322718
-0.00012086842417493435 2.7940697888621723e-05
-0.0027326089624778696 0.001628723225317563
0.0004497628882330275 -0.001821938609854117
-7.414639072021098e-05 0.003776788823230704
0.00012244551992319887 -0.00031446978049436223
-0.001437767680524885 0.0009955226249960183
-0.0013382351349118557 -0.002209236301180625
4.2850858905882884e-05 0.0023579974599848125
-0.0004156283978178885 0.0016871164720336541
-0.003127151019770887 0.0006510828994187522
-0.0001442454082072324 -6.61896535385244e-05
0.0025174396384633024 0.0003408232989711059
0.0006279585231495863 -0.0023586342182671184
-0.0013051892278363353 -0.00047015315642733594
0.0005601975023708953 -0.002879957112209034
0.00020226525285012176 -0.003858541558343629
-0.0005532525615625239 0.0023540821474506792
0.0019481764022812609 -0.00035237993985984197
0.0022273914344052553 -0.00019756498522889538
0.0015079039836565996 0.0017413661220267592
0.00029592409209562115 0.0028301293277844227
-0.00043866607105456814 -0.001991614081939834
0.0005664263054566563 -0.0002493359189616799
-0.0007088485321523791 0.00011850037848469163
0.0005228254300476807 -0.00029691277954547215
-0.0005539512339610777 -0.00012919528108477443
0.0018234271050753031 -0.0012409591203438608
0.0008347406407594458 0.0008522035787198726
0.002141092979032386 -0.001121894356545128
6.516641207390712e-05 0.0028747207683111433
-0.0002531458904708823 0.0022129151740739685
0.0004955758101452326 -0.000689964577291863
-0.0012068100438898885 -0.0019900371995254626
2.5020593764473374e-05 0.0016041778763633849
-0.0023413055221582026 -0.0015553576719861168
-0.00044390825887915983 0.0005141218383811141
0.000681943471204767 0.0020405257716455652
0.0012515213321675819 0.0016502257957336092
-0.001343124468432302 0.0002658289214935463
0.002723347662308341 0.0017351934757331325
0.0016382891657059806 -0.0005114620384306379
-0.0017601426615516875 0.0002166852462992792
-0.0014903717485437095 -0.0013165271545499014
0.0006112862789945261 0.002171220849741775
-0.0023181863191398416 0.0022668449964529983
-0.0012923461434798452 0.0016141983761584079
-0.0010034508596290029 0.0012517370138971035
-0.0008441450441086978 -0.00020494601741694287
0.0019501848739072428 0.002094011625773459
0.001013293502646688 0.0009916933931047556
-0.0011533083815959636 -0.00028767419793797273
0.0012971997084156518 0.0005864707303735133
0.0006060049219437398 0.0020641625333658272
0.004755234737162834 0.0009996992585886834
-0.0008323483975458212 0.0018040688850856441
0.0010914540659525838 -0.0014217194719754397
0.0004021876257427619 -0.00190822464911668
-0.0004803819826921746 0.0008402162150101625
0.0006501248943301086 -0.0011848763665780586
0.0014253310838406523 0.0028955253343293866
0.0027330649632885916 -0.0008477047276762636
-0.002275540323291958 -0.0006603984225686206
-0.00029194722232997363 -0.00028215189282129597
-0.0017684965797267458 -8.796897121093726e-05
0.0008154429691361661 -0.0003831357961060486
-0.0017405601091496988 0.0025816711756725045
0.00038573989822764934 0.003028455435820828
-0.003636488924867965 -0.0005742722778131567
-0.0017085508716786074 0.0025659109392625647
0.001904861886751014 0.001554101258451055
-0.0006903332119630479 0.0004135933574356525
0.00029498730075522755 -0.0025731158036751
0.002716321124506986 0.0003712240486087261
0.0024879993801436863 -0.0002649188206708648
-0.001335503795815205 -0.0006575871456147038
-0.0012209426012433943 0.00021036297712318604
4.182735088749373e-05 0.0006183270771127778
-0.0007359001799213957 0.001081090165232673
-0.0023313664939711 0.0010664250696079418
-0.0007627789463044255 -0.0006287090128207889
0.001899019965667946 -0.0004161170657928962
0.0007196159747443312 -0.0003956509002959178
5.616562422939881e-05 0.0010311008486889287
-0.0009257989201690372 -0.000672918699836746
0.0025472198971739825 -0.0015312095626413551
0.001222862043625257 -0.0011237105577947665
0.00206957516976809 -0.0001810987239937015
-0.003554558867302701 -0.0022029423370248887
-0.0004730804674124626 -0.0006498298444082074
-0.00034500989685201167 -0.0011825569579018357
0.0012507774417834393 0.00048232111765958587
0.001349591422943047 -0.00024070721305836592
-0.00035487408926042086 -0.00028729721451420647
-4.184215508827945e-05 0.0003148620249909476
-0.0007160295264066683 0.001625828119373094
-0.0016032371229536921 0.0004146973652600651
-0.0008539855411506791 0.0006486708867571333
0.0013112495981125825 -0.0013089003795844901
0.0006300645720089694 0.0004236460575260423
0.00014652185521465245 3.385411786314393e-05
0.0005618838234806213 0.0003390779137641788
0.0002926879186124929 0.0013510439179249159
0.001484487010154241 -0.0008563670433769586
-0.00020817957312792236 -0.0015411495894164053
-0.00025092658760798755 -6.158824227966525e-05
0.0006545679873910814 -0.0011104179870996755
0.0005310948453522997 0.00027456838809583416
0.00055768982160202 -0.0020117988001482788
0.00013855402765539313 0.000577128054826516
9.275781057876368e-05 -0.0005062913040468579
0.001261324038227775 0.0006372506246877348
-0.0008693075977816348 -0.00044479133913520065
0.001926904185169183 -0.000540480644582063
-0.0010865711220900912 -0.0016602942998015775
-0.0007492111188006194 0.0004941104881607127
-0.00032497513264805397 0.0012025644616685716
0.000428338100915846 0.0019339588485291661
-0.0011915743538452922 7.975244252564695e-05
0.001576637840315337 0.0004937392942581014
-0.0001624871647640144 0.0001582632141186013
0.0010337171213897422 0.00026950998338438756
-0.00058838396045122 0.0005984881135781448
-0.0008401760675450332 0.0019112708200448422
-0.002536898934232543 -0.0019523752462735297
0.0008485288975115341 0.001204966317634551
-0.0005392149260290134 -0.002139123898604063
-0.0006811487051982017 -0.002068938792794419
0.00019795754326358404 0.0002455140066099262
0.000531192904977734 -7.991155601989785e-05
-0.000906816176258813 -0.000995836381919777
-0.0008397282352584319 -0.001372011631963357
0.00029800951727883366 0.0007581941487629059
0.00032583040411608715 0.00026622466614319314
0.0010055908197171544 0.0009726203689116847
-0.0004528765635171603 -0.0003352431834149747
-0.0008107603798735376 6.692615488948027e-07
-0.002008967076812215 -0.002298225825622663
0.0010311221774003032 0.0006388598863640407
-0.000506164931442821 0.00046444381570664615
-0.0007785093691928299 0.0006900072046962053
0.0017477087471029747 -0.0009816278692254714
0.00031158038604264083 0.000761625569353684
-0.0006718423805738522 0.00026179938677659654
0.0008492356131090526 0.0007349626482734342
-9.64332996606446e-05 -0.0006110020174568741
0.0002968511193948911 -0.0005164780770341405
0.0019010171758510543 -0.0011342703425286358
0.0004332775134879939 -0.0002658154145797821
-0.0003570595318956042 -0.001602124579490609
-0.0002115760193828979 -0.0006236844489364644
0.002334276390731779 0.002534022121739968
0.00016775123745353676 0.002026924532610234
-0.00022569047328925966 0.00014043367802236834
-8.202884683295124e-05 -0.0015639507459841568
-0.001328269120951257 0.000957587281175207
0.0002518980743651286 0.0005923279144070035
-0.0025820328460910338 -0.0012708873044285608
-0.0003523018221188727 0.0010547345750595665
0.0024585285277525233 0.00037531888290303093
-0.0015171951267637736 0.001172209958252974
0.0008184700366572394 -0.0011500596473125399
0.0025501473359908237 0.0002689266323242669
7.927967336849503e-05 0.0014189461134340403
-0.001127290361708017 0.002585338479055414
-0.00132293648763366 0.0014020388676236825
0.001477305528715471 -0.002482692210877084
0.0009408568444216624 0.000244358066585405
-0.0012344513263155162 -0.0006431058686980436
-0.000980545623027355 0.000276342310975251
-0.0007905433395090704 0.00024257314417963494
0.00021537004562245955 -0.0005144429103340726
0.00020037108958351858 0.0010787384623244575
6.448084057889722e-05 0.0008839836954331827
-1.5304488873224947e-05 -0.0006732687368454118
0.0008571224682625435 0.0011921842035707985
-0.00021066542035832618 -0.00021438402145779032
-0.002122415626499361 0.001983710928199704
0.0011657152579537236 0.0009555060865349145
-0.0012790029294229572 -0.0010728139424199304
-0.0004163027763888025 -0.000651653277629936
0.0014812635111779117 0.0003992511757449829
0.0015730952406590214 -0.0011013859617737037
-0.0010299716933959277 0.0002437317802402559
0.0005416757634212434 -0.0007403416230875527
-0.0033232205694752903 0.0006605789281365288
-0.0015703373696971965 0.000992070950493556
-0.0017770625014096326 -0.001243110641513517
0.00030017748222122237 2.609805331308771e-05
-0.0012784964755238929 0.0008563793362086368
0.0017532342644668956 0.0012301148315220767
0.0019859264513164723 -9.210373734432761e-05
0.0019843648483241026 -0.0007920654825927241
-0.000503885653134722 -1.0929542370855006e-05
-0.0015032458006894532 -0.000691890595213322
0.0004050705024370315 -0.000578015776015202
-6.439961803546275e-05 -0.00027188687998469963
0.001246852149585562 0.002345956513398419
-0.00010332336917381679 -0.0016828913104918175
-0.0007145285469840586 -0.00116463434942868
0.0016290655841002006 -0.0002903309085855258
-0.0006678346954420545 -0.0001737347819297486
-0.0003449012931473801 -0.0017116570938532356
0.0006371673069083452 0.0004763226262879306
-0.0008397069605239291 -0.0012457574173195133
-0.00035335745782955866 -0.0008006420868629605
-0.0015239853512507106 0.0017073807738797915
-0.0010826975811642273 -0.00044378803005680256
-0.0005220102177720977 -0.0015216668857355603
0.0013990380125487331 -0.0010499307431338064
-0.0010258280393077696 0.0010053038471089654
-9.059095948669101e-05 -0.0022142991576855372
0.0015458952877521435 -0.0030170235785841673
-0.001405442142176036 -8.95949030468723e-06
-0.000735619444146079 -0.0010005875724996322
-0.000599677189166601 -0.0016254172038935512
-0.0023223629723254945 -0.00014997862556735987
0.00041434282573525583 -0.0020621942197466925
0.004480177623062908 -0.002861425295029379
0.00011074655989702136 -0.0006054658942183905
-0.0010952369253354756 0.0012764389485975978
-0.0003410511440739516 0.0026669283213263573
0.0011101297263005844 -0.00014005120516045555
-0.0014211163195664853 0.0003025632842060083
0.0031131210124498107 -0.0007497292292412216
0.0008925795222669976 0.0016805026977409637
-0.0004605748826587774 -0.001609124554893343
0.0012585196854357932 0.002366169219324782
-0.0005919370114317394 -0.0017207147131412393
-0.0009640904150902331 -0.00042272651744896384
-0.0014554184843110682 0.0003235293052836478
0.0023612867091766165 0.00031523964103788183
0.0013404358656234148 0.003109334638646769
-0.00170905733114223 0.00012184094703687579
-1.0613612851772755e-05 0.0008853573861009574
-0.000675534212536964 0.0016134625129000492
0.0009019208218154623 -0.0012920540235661852
-0.0006356176720657077 -0.0003670868270969803
0.00017092742169061927 0.0023143507439110007
-0.00013536178129210102 0.002796235368120304
0.0005342644806396446 0.0007570562554307094
6.336332391995925e-05 0.0021347999667780445
0.0016029496799923435 0.0005013659663390528
0.003352444181179693 -2.773361869827325e-05
0.0023122975363584343 0.0012293638290952666
-0.0004900412554937398 2.3813964608756725e-05
-1.105412293844199e-05 0.0021624108193931627
-0.002411940847106127 0.00039029093584695804
-0.000592675632778048 8.559757384160794e-05
-0.0012471859937653001 -9.631722945748844e-05
-0.0004945602728431311 -0.0008366883523244959
0.0004788109708386246 0.0020928959309168553
0.0003703659051320144 -0.0011380462709788919
0.0002403121357991144 0.0019000225902474834
0.001633965946922626 0.0014066000161936586
0.0004222230175566943 0.0015223831652501547
0.0026998365782731058 0.0011997536701942335
-0.0013029267169511476 -0.0011828546639863352
0.0012965944905703297 0.0003672010974677534
0.0023727955386761064 0.0014360838157261174
-0.00013426958570452363 0.0011989239075684398
-0.00036909773091295275 -0.0007045523550293606
-0.0005730412154633539 -0.0003546010578834615
-0.0003652741696213099 0.00035960084558852695
0.00021025618584427768 -0.0005285144395059619
0.0011262490286323749 0.00253471483395292
0.0004937519996895305 0.0015741942859573215
-0.00013591149506265125 0.0001886147304918692
-0.00031085213891481473 0.0003404783912032846
0.00117185154708334 -2.171933938692793e-05
-0.0011274196374346603 -0.0015399957746431105
-0.0003962115721067121 0.0019455403804054109
0.000317232702433485 0.0025807030412642387
-0.0005869739276767885 -0.000843786390852093
0.0013120010764639666 0.0011902354896480211
