0.0001121765101341544 7.314709928786223e-05
0.00019461017568884204 0.0001522054018945294
0.004337881181396895 0.0033708179501133347
-0.001446022054648049 -0.0011163001323277733
0.0006551301935003701 0.0021683863360028844
0.0017214312033219234 9.370948898803635e-05
-0.0001586310783445355 0.002656287327623553
-0.0013612483723477308 0.002078760090903504
0.002911159733858882 0.0006319256490342937
0.0013863744160376424 -0.00014562040733599033
-0.001648348567674927 -0.00023777470756223908
-0.0012095920319694455 8.255075315815895e-05
-0.001636272607512204 0.0020063867746237473
-0.00014275137644985183 0.002749908032264065
-0.0008254812681658404 0.0007178445175563549
0.000282793339723805 -0.001979416141903566
0.0005018751940667877 -0.003857141387980955
-0.0031998901423076175 5.844205968730301e-05
-0.00040558464678107055 0.0002565718846372222
0.00011154385245623785 -0.003953092122623598
0.001061060009239628 0.0002264913792533394
-0.0017166170416916327 0.0006630394521074879
-0.0004788725016012329 2.4655845205012234e-05
-0.0024845268586439983 0.000884465355805324
-0.0012567664917434948 -0.00038469323132855817
-0.00028422972118267005 -0.0017570563711354118
0.0002706648522828458 -0.0012467506824088597
-0.0006506211349657247 -0.002774132178767079
-0.0017342296961574948 0.002588175086558475
-0.0014073403190651426 -0.0005431672718829181
0.00017043954914057694 0.0005772421898337255
-0.0024627786651099885 -0.00018483539317097153
0.0004883433830130115 -7.022890364415804e-05
-0.0020921436559902923 -0.0010443524385774158
-0.0011223212336583612 0.003295913695455784
0.0007411257695490225 -0.0010027434784701044
-0.001752910461071652 -0.0010329519214503625
-0.00022068209150979398 -0.0025150527794956462
-0.000568647329928625 -0.00018643106521274477
0.0033061802276580206 -0.0007401294488430893
-0.002431412280314139 0.00045915687946921344
-0.0008630414786754318 0.00023131073751523617
0.00016083095775291863 -0.0019878764362230234
0.0008436830024062617 0.0008277338806519299
0.0008308308263441069 0.0010216650568972364
0.0008811661029517686 0.0005384607729047713
0.0009900878414173758 0.0008025869361299784
-0.0011265458298876131 1.1904025104484463e-05
-0.0016243152408683414 0.0005838333055365799
-0.0002117294700465217 0.0034481982903565465
0.001163469920106566 0.0016949376252972223
0.0025361822776740358 -0.0012242368652803316
-0.002015057340729543 -0.00031476522833922573
0.0008402262110446714 -0.0028064617085350315
0.00029124343654039227 -0.000769398211472983
-0.0015025861733323558 0.0034930188890332113
8.081696890270863e-05 -0.0008970471155521881
0.0008870315977539993 -0.0027817835207163914
-0.00022485711424166614 0.0005485258372585623
0.0014576217147900055 -0.0022356231804627415
-0.00015125434067293677 -7.188382524388025e-05
0.0028359408065039607 0.0002468891733356968
-0.0014746955321131624 0.0020255001114482
-0.0015796829015672735 -0.0006425580760857974
0.0012658460649064452 -0.0030938072317371747
0.0004719347071543681 -0.0007441472302110491
0.003192104497343958 -0.0006489877955935007
0.0005945648761949003 0.0012480512081000194
-0.0014521207581743819 -0.00028788461168685576
0.0032606795881379978 -0.00010556888449735557
1.5968232120608363e-06 0.0006882575483959508
0.0002930528239178644 -0.0015855311580250857
0.0024765844576811144 -0.0009853964262226053
-0.0008297566558603538 0.00298221331338435
0.0018965678093910286 0.001645032844828322
0.0008164548884610878 0.0012590275729364255
0.0017519400665058148 0.0011495688393235901
0.0024801539518753486 -0.0023774116036932125
3.074048809828309e-05 -0.001253488177866026
-0.0007705175869641621 -0.002481449690720381
0.00178436070175946 0.0007237928232128498
-0.0005516563839402716 -0.003971746047487708
0.0011472394801573264 0.0032308669500119482
0.0015331955260912571 0.0008361836113276643
3.7657095977436673e-05 0.0007000810709585171
0.0003550936096987867 0.001931112795862847
-0.0007873092117719447 0.0014545326085434484
0.0025880925240710493 0.0013377189948919383
-0.0010772573505338908 0.0014303834419097895
-0.0034376966121137296 -0.002520108613301821
-0.000982123904899924 -0.000492754155284277
0.001535906662439227 0.001206898689682703
0.0013604794056365878 0.0026852259334399
-0.001172240667759088 -7.442158952793867e-05
-0.00018658652446366865 -0.00046647455885468267
-0.002945922728145261 0.00275481774644737
0.000667362098507845 -0.0032658388910529533
-0.0016602739821617125 0.0017510164019578288
0.00021204050969606631 0.002593946235084806
2.7382058326515357e-05 -0.00032929194494163915
-0.0012297830434769516 -0.005381302243339989
0.002932061388152791 -7.828478055307668e-05
0.0016565458713423806 0.0002619601325733221
0.0003151275624703837 0.002035074625680822
-0.00022259442198986954 -0.0003930113691119963
0.00015981119992937716 0.002634323867300409
0.0016215877993293615 0.001285623218313158
-0.0016270634594105185 -0.0008105069678537883
-0.0024003108013116894 -5.063653785479036e-05
-0.0002892456288292796 0.002054463406506587
0.0001611068506179637 0.00031577755596256147
-0.0006178559879697422 -0.0014892664130231096
0.0015567758686110943 -0.000594158832433814
0.0014041766761684355 -0.0011207534935632536
0.002606449231865496 0.0008174272170570698
0.0005695830861333698 0.00022404166058671878
-0.0001239718208195657 0.0008787772448748594
0.0002091602187188413 -0.0006081902695944222
0.00041018372357925933 0.0025250839755817066
-0.0013298181658232876 0.0007665095626864701
-0.0023379946472276126 -0.000953178796862881
-0.0015890795758477054 0.001773839667490464
-0.0015325045565308892 0.002509775978134988
0.0010521745778796613 -0.0011913104145666535
-0.00023428452352122149 0.0005290381098325062
-0.00043572588661749685 -0.00013927354114983296
0.0005587488386415136 0.0009547309682170262
0.001312444222212985 0.001046901044003394
0.0013207850332480205 0.0012155908490463295
-0.0005902086575952288 0.0006458208633176948
-0.0009849028406744677 -0.00014342442994253385
0.0011706816700531811 0.0003346742303019514
-0.0022033928886543218 -0.0018389241722506198
-0.0017504935126284357 0.0012580659768841986
-0.0009826791846635353 -9.505610618135962e-05
0.0003122159373359443 -0.0003043758550389155
-0.0013579722973470962 0.0008327881952156853
-0.0006612781457263987 -0.002347500181375533
-0.0005262241009289911 0.0003572438721304297
-0.0016809912728719873 0.0017079839596599432
-0.0011134607966198978 -0.00036022458366669893
-0.0009981507783997767 0.002656817889016679
-0.0011849118097894422 -0.002043186053206261
0.0010664946022834016 0.00027387490711981396
0.0017137552437428414 0.001869849033193116
-0.0013349880140579072 0.00035415281903239523
-0.0008142926783791624 -0.0006650124291624559
-0.0009099721317699525 -0.0009397684035400116
0.000356067417453223 0.0037201829810612577
0.0018564637395382633 -0.003155018195557
0.002051197424824667 0.002672363446391942
-0.0018129838725040115 0.001040551591813501
-0.0010045010025288691 -0.0018575323789400773
0.0028965533945300628 -0.00044955764763050267
0.0011066446170299228 0.0005171480843822278
-0.002240769859468023 -0.0010255149110686439
0.0005777971660955906 0.0001719079981274425
-0.003722420488353171 0.0002706977227727385
0.0008464936993423682 -0.0013148011976963922
-0.0006491768192052478 -0.000361394474881602
-0.0018711149987945454 -0.00142339808979979
0.000750149788387498 0.001514329808159144
0.0013565796907730444 0.0004892402573203968
-0.0008952582983835395 -0.0010604160134736254
0.0005688685904623427 0.000998842232876257
-0.0005218964353689374 -0.0010265698308715959
0.00136976376908571 -0.001766393307344248
0.0006970288495071736 -0.0010608217691193856
-0.0007008675075599423 0.00023402454268555466
0.00014240526645292747 -0.0015132351305249668
-0.00039254994149843245 0.0032247845285641257
-0.0006016018302125298 -4.9407143172616385e-06
-0.00011743663423380884 7.489416973954996e-05
-0.0015755027470341525 -0.0004510962902913617
0.0023995222041394075 -0.001615679870424203
0.0004514020005345784 0.0009872342837389946
-0.0001466533148106971 -0.0017655443314985768
0.0016160265861923473 -3.032293924566186e-05
0.0008327744802280897 -0.003966816784119661
3.258124241962163e-05 0.00124388491687475
0.0003769722600357062 0.0002960603989269474
-0.00015480495207063287 0.0009214576216895774
-0.002101880001786995 0.0010610948737664427
0.0015238572102150346 -0.0002514253152780934
-0.0007399165778166425 -0.0010419765983670116
-0.0010170722876355152 -0.0008430702224348456
0.0008726535172585032 -0.0013618082855422246
-0.0004197590351324438 -0.0031942908925363415
0.0007853516617949551 0.0002081774337051694
-0.00125538125572979 -0.0008661658746763196
-0.0007320768350507876 0.00017416051825076947
-0.0005086141040468702 -0.0015253989474220556
-0.003236291015914255 -0.0004559756142830775
-0.0012052634462717043 -0.0011941633647801011
-0.0004423718152153364 0.0003198474407438158
0.000418203101965888 -0.0004474425288904521
0.0002906845712418937 -0.0003761092031156702
-2.244808542923587e-05 -3.4242234624747712e-06
-0.00023832999944969031 0.000749967852205511
-0.00044711573486160857 0.0008142974903139204
-0.00028097837633174916 -0.0011754184608898095
-0.0004631327460800134 0.002390133700166611
0.002237403833199538 0.0001544955746183477
0.00021217666369843837 0.0020561629084370854
-0.0006866740286840987 0.001040919354092313
-0.0006782402289079399 -0.0001350728411685709
0.0014248197023798603 3.318044133498443e-05
7.390077396243014e-05 -9.160615118840525e-05
0.00013238971074834932 0.001949672340731065
-0.001204056834021471 -0.0015222969149488953
0.0003538670151849533 -0.0018293720110687465
0.002344689301000554 -0.00129438738694403
-0.000468252773253625 -0.0008116160119096182
-0.001187582599043609 -0.0009102910833529935
-0.0003490831004528802 6.251270115570019e-06
0.000681529816615387 0.00024087248471300722
0.0012827639566929802 -0.00026496273231669425
-0.0010202224245394055 -0.00021540807481399432
0.0003735109564844644 -0.0005893091235861765
0.002209810185637682 -0.0022914120466511726
-0.0006538887905262873 0.00039186165612809285
0.0009614736100755995 -0.0016395823552240966
-0.0029922707851446437 0.0005085103429691124
-0.0020669028785893126 -0.00018359747557735871
0.0009725148896018905 0.0020641572110534933
0.0029980202230448423 -0.0005233585733015603
0.0007118902135288295 0.00027233055489420073
0.00012669508018726554 0.0012647181429002838
0.0020171520764862075 2.5613260822701202e-05
-0.0008903798229586467 0.00022912804607845685
0.0022888765391510654 -0.0019831744255636285
0.0002652728759303481 0.0015892449437225596
-0.0005523927280617645 0.0017955659467140024
0.0016298525981747643 0.00018463453520127006
-0.0006156863428312401 -0.0008454226925263608
0.0009027685364837129 0.0009329890653488997
0.0006955759571959292 0.0007540611251870305
-0.00012380923714426487 -0.0012723740823570046
0.00034636322749350784 0.0019563928018785774
-0.0007354906938183473 -0.000669370636470789
-0.0004121943033311057 -0.00020681385937308097
-0.00038395077532502796 -2.7106720215789426e-05
0.0018648634216435137 -0.0001306130201956272
0.0006700147981765522 0.0006959382621451223
-0.001142838375612366 0.001378705753592787
-0.002165092027474235 -0.0005848610120625067
-0.0034105012695180566 -0.001700122346227676
-0.0014984823431730585 -0.0007184055195965624
-0.002015408605742655 -0.00011626830637221081
9.70235864186577e-07 -0.001612151586989065
-0.0013959117882252083 -0.0007543606081603083
0.0011561162708238093 0.0024619213838044185
0.0005581608198812839 -0.0002438573978459827
-0.0001340578894677575 -0.0014126467363639907
0.00016985908278668 -0.0006425087750284067
-0.0011389483038856674 -0.0011837463309287573
-0.0014960822081946678 -0.003789110320068533
0.0004855501019491536 -0.0007670956176219586
-0.0009978850924538744 -0.0002939057569446866
0.0004463222213501651 0.000828848276021796
-0.0004781355213781409 -0.0016860452172945686
-0.0004454479279068925 -0.0027438835101742513
-1.3686148150642642e-05 0.002152438104009309
-0.0021302061776582166 0.0006270981921320039
0.0024721589757347195 -0.0011935286163580311
0.00046608542874214095 -0.0011212048010869223
0.000263234609356842 -0.000519182064130163
4.697559102768331e-05 -0.0015369747157145072
0.0015695265273226015 0.0011440097705569983
0.0002669727614516012 -0.00068313447092928
-0.0006694052566183605 -0.00010045043057009156
-0.0003009731754218765 0.0007924478458252433
-0.0006693548362412288 4.174045591661628e-05
0.0014432930619966903 -0.0003118439945501228
-0.0016465220746020618 0.0008399205969991832
-0.0016948673025058455 0.0017829506141882573
-0.002540772933247277 2.8987138047736042e-05
-3.9849687288676564e-05 0.00013655104863747835
-0.0011475008731792317 0.00018331371878581543
-0.00031151492140038686 0.0005639988997599503
0.0011024664786534535 -0.00025301003324853204
-9.787863273165192e-05 0.00011385205840620097
-0.002373746205484801 0.0016820091470637736
8.907879311396996e-05 -0.0014039079470029672
0.0010454970274648562 -0.0012019056190122487
0.002347713438613527 0.0028214456851220157
-0.0020921691524278846 0.0008302703550957497
-0.000512317469969846 -0.0006963494913919725
-0.0003913614848806714 -0.0005706269446097507
0.0005977402566159615 -0.0022794251669484974
0.00016488429278626476 -1.5674404569870714e-05
0.001072894908527708 0.0016161965626400668
-0.0019346054337718145 0.0013105006805511083
8.478977285962481e-05 0.002240387184453722
0.00037199238754558284 -0.0007060611393829164
-0.0037568638384613026 -0.0005348158302344487
0.0015287481752756468 0.0026501053276693043
0.0003480545439990527 -0.0026320592760051918
-2.6383386705271845e-06 0.0016943249836793852
-0.0002566750849433265 -0.0004374206536535029
-0.00017932292520588878 -0.0013063625297337355
0.0011092310879664313 -0.00012054067318388305
0.001734928459658355 -0.001219661711319355
