0.0002392547636740385 0.0002213305614597632
0.00020302565248438067 0.000247547764639585
0.003434925592290285 0.003556010068475221
-0.001207816431625256 0.0034203223490376945
0.0008169601194543404 -0.0007222213639513401
-0.0005474252316820625 0.0011070823340465063
0.00016632581398601828 -0.0011820124404858204
-0.0030901776020846937 -0.0025910617291818564
0.00041249237505174176 -0.0018837581537736402
-0.0017243068747769107 0.001566340542901149
-0.0004600010780361872 -0.0010979221130686904
-0.0008362753336157794 0.0005699837992240428
-0.0004210615867691561 0.0007734635110736569
-0.00044701032597354673 -0.0016605829169908525
-0.00015782348311275794 0.0007817630512712307
0.0011830187017563582 0.00024782965833492176
-0.0005059550192485253 0.0029650545801517374
-0.00025351738759156456 -0.0005479034376096203
-0.0006466002311079335 4.412933752579479e-05
-0.0008590359671916581 0.000719526214526247
0.0011266640575408634 0.002326355104135846
-0.0009410311071903667 -0.0024664380048041094
0.00023021120583974488 -0.0006079027866175106
0.0012636749209772717 -0.001141732416152752
-0.0010221040129256623 0.00034489424811734134
0.0012275158013507928 -0.000290676760528418
0.0027501323423369246 0.00018433581727628527
0.0026621420444327398 0.0005856014521168426
0.001187558468875986 0.0002554821224547022
0.0008556469151504489 -0.00016473329481142006
0.0006040425656560691 -0.00117904655989069
-3.182958751984103e-05 -0.0012862459166657328
-0.0008856235824897656 -0.0005147988213222024
-0.0019810606181693328 7.904796237095352e-05
3.584567963602884e-05 0.000926138717994131
1.2267452589925567e-05 -0.0007479018765198069
-0.0006708483907513336 0.0002657772629413876
-0.0002600290504897216 -0.0006580083732729393
-0.0021859443277627926 0.0007784217283208333
0.0014145431908044737 -0.00031867857893702487
-0.0010603743838825163 0.0007572078476409164
0.0002564911994272606 0.0008717390250030787
0.0012569062532811577 0.00015768990338908443
0.0012541736508250606 -0.0012039343069001522
0.000706235217418479 -0.0019446683041933273
-0.0008529668514347982 0.001689448942336129
0.000422641914168297 -0.0004930063253521037
0.0017215561196296696 0.0006132472919590896
0.004222931666378648 0.0024620555926135636
-0.0019322649607485447 -0.0030404692047768453
0.001116688599556243 0.000843119771364338
0.0013444684879282108 0.0004526800716338219
-0.0025598431232314576 0.002164986119599802
0.0012312545109913683 -0.0003386914205457671
-0.0005112020107399905 -0.0005292178583429966
-3.3870870332945e-05 -0.0016834881003156754
-0.0007501732615673567 -5.262041542535775e-05
-0.0006131621963815932 0.0018994091753071832
-0.0013648808322921785 0.00011543511017174276
-0.0014716915951419121 -0.0006891089005469104
-0.0013076339352009025 -0.0013156329658677794
0.0001256162869835885 0.0018613244961261253
-3.495158826447455e-05 -0.0025351428672256092
0.0016911415236303413 0.003224786624704121
-0.0020754552871683598 0.00041783356010386823
0.0022378777670141055 -0.00023345316246027635
-0.004432363842575634 -0.00044873542754142703
0.0019164118899266968 -0.0011637839423343658
0.0020469421787959858 -0.0001468935820073523
-0.0005924876134110029 0.0017149845708277515
-0.0027322161915088634 7.147617731357969e-05
-0.0006873384225079187 -0.0028525094435758462
0.0032158521201597623 -0.0007989611992637774
-0.0008904382783304222 -0.0005379725711685638
-0.0023599904158678243 0.0008134109762502258
0.00030709450248131686 0.0011256758729095034
-0.0009583356796457652 0.0007277725392492387
0.0006884636359512543 -0.00011605773337760068
-0.0002151425923439152 -0.0011576163753343994
-0.00037124303494823674 -0.0018296299895830172
0.0008519849711833261 -0.00024081955905732577
-0.001716288277603328 0.0042686907959318355
0.003222776447142701 -0.0016307091328544117
-0.0017599904025586348 0.0004547800531426777
-0.0007699714377543116 -0.000811220326934024
0.0009789783423706738 -0.0002752911644456306
0.00042746651315008497 -0.000588655496434121
-0.0019763058075689863 -0.0007334995508428209
-5.496222495742275e-06 0.0019430062917202106
-0.0028179999804820647 0.0004331719793870366
0.0011735828829789689 0.00020519946179527418
0.0010306453326842367 0.0018902708297471654
0.0019602313678467715 0.0003658858169958817
-0.00042489617604128877 -0.0006797826363559838
-0.001037388937433943 -0.00041292515439589984
0.0013222229706671665 -0.0012071346608611875
0.0006131737088715076 0.00039210657905364155
-0.0031775919175194593 -0.004063567340060936
-0.0011178158331068453 -0.0013312429500975382
-0.0003029305633678871 -0.0018564594071732677
0.0008878171728293648 0.0011355640287657688
0.0004600495483875533 -0.00040552549063987216
-0.0007561977049588035 -0.0002764909313025491
5.068319139881049e-05 -0.0016588177866431182
-0.00022247399678734241 -0.0006345978408586542
-0.001374247427595428 0.0013994243752394775
-0.0002038921929088335 -0.0007088667194787613
-0.0008181069240245793 -0.0022648862734138057
-0.001321520544377982 -0.0003867346903710861
-0.0007456980718028835 0.0016944069950830176
0.0020530980431735816 -0.0007256467125280984
0.0011823984201549391 0.0015821420106044274
0.0007357895735523372 -0.0010445192378956544
0.0011120547200694911 0.00338784298537404
2.435386060631089e-05 0.0009725049118816352
-0.0008346126625938478 -0.00013867803837924118
0.0007742233381283448 0.0005711678984277822
0.0025485183844355607 0.00025866561780150645
3.596968599387604e-05 -0.0002284795263920109
0.000634091361180319 -0.00241186131419889
0.0003785801834432773 0.001361859772408921
-0.001067334999715508 0.0014482836574419657
-8.866287848141207e-07 -0.0004719391468595388
0.000699250262929294 -0.001967063195665357
0.0014359116166757133 0.0005621386974799772
-0.002158417975228969 -0.000765161333807409
0.0008035272444949798 0.0006543340479216919
-3.440659080977915e-05 -0.0002066365125444322
-0.0011406109283811677 -0.0018402027629895973
-0.0022013653172025405 1.7264251533691373e-05
0.0013672345044072139 -0.0005482819124025181
0.000429781253923753 -0.00034350628539389367
-0.00012935298546381765 0.00020566570851454998
0.000485379863328629 0.0004574588667546962
0.0007448881361945448 0.0006228477450914569
-0.0010897815330152688 -0.001108541583393109
-0.0017174700585421117 -0.0006581310984589871
-0.0005087951178027545 -0.0012081123708925032
0.0008790527665932304 0.0022640253791981735
0.0017738589144249666 0.0011998613415576357
0.00018804662255790403 0.0003388459447617675
-0.0005432584475145486 -0.0013735207787271737
-0.0007336707127106027 0.0017925295686861118
-0.001778653947767121 0.00015001091725176538
0.0007869229663030906 -0.00024854845745679734
0.002312396084636007 0.0004093718030845596
-0.0003836527662724589 0.00029155253720078786
-0.0007942238501604054 0.0013802889261428782
0.0016897554247011111 0.0013507385697843833
0.0008384841419781739 0.0013237756737316869
-0.0012577097597963247 0.0016673930998491108
0.000666684985297102 -0.0009106781386733188
-0.000581380553625331 0.0003149639874269694
-0.0002386849093393479 -0.0008351821438268309
0.0006045625882173773 -0.00041782390871069366
0.0012742998294532515 -0.0010983280557664414
-0.0035447686821527638 2.2269822095209615e-05
-0.0007807706618823927 0.0005776848457508351
0.00030444242272750446 -0.0010336950797435343
-0.00012905382261135968 -0.0014407996495674367
-0.001119153970972343 0.000551151991219648
0.0013294599300058922 -7.027812527628573e-05
-0.00012108017179535825 -0.0013686094630448915
-0.0005792499705518402 0.0005588076033439525
-4.1029956934594366e-05 -0.0002978462298022906
-0.0011901088145014078 0.0020239341686010227
0.0018978999920274274 3.165066147772584e-05
0.0012877886624942324 0.0008628565542426331
0.0014822617772673452 0.001459114483295534
0.0021635452829118465 0.00038474112482734895
-0.0004497838142618776 -0.00027631925408011455
0.0013923497247423054 0.00012979610254576062
-0.0010479857963391777 -0.0010969085491115752
-0.0009010085813405557 0.00016823373906479837
0.002448009973893427 0.0013908607973037764
0.00011635185050837525 -4.5706883217902005e-05
0.00015665689948837438 0.0018262421804243918
0.0001426830191623719 0.0008247961353579273
0.0009970113845075826 -0.0025165510987334464
1.6547418057860488e-05 0.00177875988637409
-0.0013337347889749121 0.0018601812012631824
0.002266728803813536 0.0003316873952356854
-0.0008461161908707119 -0.001338020156506324
0.00013088975726188119 0.0013845640959173
0.0003014274301747478 -0.0006018808163256499
-3.6709459727350816e-05 -0.0031705519489287734
-0.0006515831005238315 0.003016276184183007
0.0002804007399561463 -0.001239691622838182
-0.0003367784305642284 0.0016343301158820065
0.0013301114904485495 -0.000676712690107016
0.001135070588698305 -0.0008609713321525649
-0.0011565140941959292 -0.0006465222233120009
0.0003431432373032657 0.0025658071564154967
-0.0009295876494959703 -0.0006855055521268364
0.0005403543284156285 -0.00011017743008208113
0.00032575698144151553 0.0006818543915765451
-0.001415688403362842 -0.0010647916215409663
-3.4904232344337587e-05 -0.00029102495141957997
-0.0010754308902371698 -0.0001755311190708143
-0.0002793319001699129 -0.000849604968309954
-0.0013959432046863729 -0.0016862328738531985
0.002786911463886117 0.0013264429588976182
0.0005105981666669324 0.0015043876306701483
-0.0009964228144074669 -0.00024022724883413318
0.000164073444813487 0.0006291162804533591
-0.0021691684531672775 -0.001543028433523668
0.00037392730613088776 -0.0010787334809143508
-0.0010749260980068807 -0.0015141667016543487
0.0005803246163361796 0.0030528459294199865
0.0015428882126050118 0.0029928017556968946
-0.002276237342066137 -0.0005071193537355284
0.002557213664770037 -0.0019535484846026968
0.00010638346895550133 0.0020462873704235555
0.0009177726638298293 -0.00076960571859035
-0.0011562736175631729 0.001142239111057946
0.0011633382828904603 7.67788762382213e-05
0.0014055286308313117 0.001148673583975066
-0.0008704536526151707 0.000597263772417913
0.0003067482252562292 0.0012313365331826044
0.0008851130996853042 0.0011995097695126316
0.0014802155549301285 -0.00037858716609688527
0.0006505891880402828 -0.00014165729289133453
-0.0007909084074553277 -0.0031920508348787587
-6.528410373658185e-05 -0.00013340520416974411
-0.0006168618925921843 7.343232417837734e-05
0.0009944995836355783 0.00425349930407068
-0.003444398267841655 0.00022622540099530118
-0.0010204752428331087 -0.0006403358282524681
0.002280169190511964 -0.0005994963030243269
-0.0022618330712208196 0.0025491492424762527
0.0019462556236382149 -0.0003044744501964987
-0.0005338803931254982 3.900759059321789e-05
0.0004522185961258416 0.0016707271220247353
0.0013213523422547862 -0.0027710446828976935
-0.0013071232398982465 0.0002606860388066957
-0.0008649567599047602 -0.0015105346927883844
0.0011899640913791167 0.00039262115789257386
-0.0013205782469654906 -0.0029091355636304593
0.0003403241694281545 -0.0015107878776639979
-0.0031671601040526866 -0.0001674521965546258
0.002006459351119066 -0.0014807060742779853
-0.00021231116356823187 -0.001208379466025329
-0.000519982354027711 0.0021249038482541805
-0.00028911065768402836 -0.0019429014693129873
0.0012606757164381024 -0.0009061682792404062
0.0009621788300717083 0.0014320523922422275
0.0006569198601589403 0.0003818830820143705
0.0010972779661439093 -0.0016775980319343176
-0.001260511659233566 -0.00023052241228512977
0.0008086128290237315 -0.0017842462378440211
0.0007782065136922923 -0.0011541286806269694
-0.0011317517708096532 -0.00037812939026436244
0.0006164040936456052 0.00040689204838657963
0.0017930816409728752 0.00035385331305784587
0.0005209638503618653 0.0014687966856309533
-0.0009595462515186638 -0.0004242345365859943
-0.0035775100061281465 -0.00017961568805906198
0.00036256007067238347 0.0009381823346675014
-0.00031556601690036634 -0.001039607945676253
0.000760315880322567 0.000775239573837616
0.0003424739642054114 0.00043280606288316633
-0.0007738208902790688 8.472811391067913e-05
0.00010821289995189858 -0.00010144398140327234
4.637043275471486e-05 -0.0007883508210180597
0.0010492920422588952 -0.0002683618551804769
-0.00034874107122583053 -0.0011520693917969388
-0.001776013564950234 -0.0003742133716775967
0.0005203439819626991 -0.0027553160146094853
-0.0014189711217407169 -0.0018245525719143218
0.0013516850104489861 0.0004996942174872496
-0.000770827777519169 0.00026901417345427566
-0.0007637111963039738 -0.001608176954778823
0.00011636416958653241 -0.0010249114206292923
-0.0019972101412828913 -0.0007479696881186938
8.108904572334708e-06 -0.0004942918917609537
0.000534938695860784 -0.00032780983436044085
-0.00037630973587429354 -0.0007270568343434158
0.0009068343537085598 0.0009346395681390904
-0.0008218270131020385 0.0009118910287874716
0.001349802892561649 0.0008301749274368807
-0.0010047614163071084 0.002811965039328231
0.0002890083175913589 -4.556289899628178e-06
-0.000843246558215318 -0.002083205079145023
-0.00031716640707208727 0.0012309413170082375
0.0015206560140671435 -0.0006590337196918818
0.00011426401341354389 0.0015786313733184673
0.0012282678836508913 -0.001190618740689956
-4.793287589120067e-05 0.0001997948084045223
-0.0010740799380728032 0.00030606902859332835
-0.0024947053468265105 -0.0020096618671654573
0.001283306185682675 0.00040405044461386784
0.0019301013782255174 0.001408247941173838
-0.002899881466702447 -0.0006097909575048115
0.001822340269772014 0.0030194946586548648
0.003023641165929119 0.0011745823899360853
-0.0003930964593613856 0.0012674590122612663
0.0013447399132400831 -0.0002671240496254849
-0.0019655385886997332 0.00401005556611592
-0.0016482533942327924 -0.002700760844012609
-0.0019921158498155244 0.0006751467795510809
0.0009642244461406262 -8.408719718772354e-05
0.0006311389435599301 0.00027561865710335804
0.001407510990057054 0.00012393879982938312
