0.0002823933422487498 0.00024552607640802995
9.109853054282746e-05 0.00031594665243270264
0.005770727989343389 0.0030802440565554736
0.000493728743167823 0.0003324476290420743
0.0017461807706922333 -3.521861062917262e-05
-0.0009668327424332 -0.001140193507981856
0.0013481760808732798 0.0010709873111091229
-9.241584237780529e-05 0.0007199929124224984
-0.0022660914135966 -0.0005365044269108346
-0.00017557789569375883 0.002803999966259183
-0.003295164491518209 0.0006757661142256125
-0.0010009070500892213 0.0049527109987802425
-0.00020756686588633378 0.0016570667254132314
-0.0004713180952693275 -0.0003455206109149682
0.0020877900364345016 -0.0005449678641274942
0.0005308491334955978 -0.0013939192081482959
0.00022592175454975587 -0.0025119688473312957
-0.0005923657108822865 -0.0008743099380354128
0.00030046544664162606 -0.00011270717590730609
0.0031795305791124887 0.0006835953843931666
0.0004980529636863565 0.0004913310845853836
-0.002428351239544797 0.0030478818041896247
0.00043936479636733186 -0.0011818297613579822
0.0008024620247258293 0.0007014972164445806
9.521617417578026e-05 -0.0030777732300942017
-0.0005436287999432396 -0.003027711718906046
-0.000446826990176303 0.0025564713339559647
4.9442868099593476e-05 -0.0020240709027612128
-0.00019396988804173593 -0.001561924768784725
-0.00012911247705337084 -0.0005994171505068146
-0.0019609329647944877 -0.001383567515477563
-0.0004198705199835804 -0.00020475114767945873
-0.0006246590185679336 -0.0018849350059323337
-0.0004815141892859223 0.00022934880902496878
0.000937403085914764 9.308159885194882e-05
0.002040314956308372 8.988661108456057e-05
0.0027882737968639793 -0.0015269909722481821
-0.0036207131066607902 -0.0014750151203707948
-0.0013655851882899627 0.00032481087851232124
0.002196908755117109 -0.0009883151675042666
-0.0006242087950666515 -0.0008345161865043414
-0.0015736788948416524 -0.0012263860441412394
0.0016834848966870459 -0.0015989842932127032
-0.0009622040713020172 0.0023809216286445143
0.0027743818113140834 -0.0010368215603588883
0.002322733463440971 -0.0010324462474638621
0.0008021432674798664 -0.0017367700877349906
-0.0010015641391742914 0.0015646267233687902
-0.0003649190710279187 -0.00012420436889691043
-0.00022120039581875858 -0.004861250717646409
-0.00036353620827646435 -0.0009515307722540616
-0.00019641241829655338 -6.332270144216531e-05
-0.0024712397060958984 0.002283431117120888
0.0007396176270252919 -4.8763163731330815e-05
0.0003646683574930747 0.002353320613724389
-0.00021075270373267663 0.0012599169880609584
-0.0006029250499361504 -0.001190104605783258
0.002182003914463636 0.002809912104414889
-0.0001656517971479713 -0.0002694316669104539
0.0005109701975380736 -0.0031782478827227906
-0.0014742073421317742 6.660923721712657e-05
0.002921711043716538 -0.00048415783362099654
0.0017629726545532688 -0.0027518452429046406
0.0009076096770840734 -0.001343655118183342
-0.0004616058833682784 0.0006443000878009356
-0.0025662241433852917 -0.0029051568853281783
-0.000255186271452147 -0.0010505212941208711
0.0003620606087397507 -3.3681207678748044e-05
-0.0011064112648075108 0.0003775010819419399
0.0016957431665300603 0.002184493883968384
0.0029182574836244747 -0.0009623605254570742
0.0002962842368050957 -0.0017000719817019281
-0.0010574984568238223 -8.660111744959255e-05
-0.0011124437268919569 0.0021334566919738343
-0.0021783454627268854 -0.0008482587289747833
-0.0027154971077194717 0.0019164782592552693
-0.0028497725844719027 -0.0006937751899945639
-0.0024407011939730798 0.0011956161086461193
0.000693568561990555 -0.0010148120756653578
0.000148394501357385 -0.000826009730071477
-0.001231191119349274 -0.0029824681921148976
-0.0006380928165255385 -0.0011653360357383091
0.00047844450158049634 5.665048944426181e-05
-0.001812995672156198 -0.0013933586102449747
-0.0003697592149704177 -0.0001430236799529999
-6.88425427179758e-06 -3.504346278252119e-05
-0.0013724084724208697 -0.0003018128365959572
0.000744357795485194 -0.0032709702508358454
-0.0014431906497497716 -0.0006319595636789903
-0.002416778807950853 -0.0010425980351181892
-0.00018036716483135155 -0.00039250801868697657
-0.0009533190123044236 -0.0015380786987255015
5.6064163053590416e-05 4.939576039577075e-05
0.00036559892092545055 0.0012542526651506687
-0.00017559084816397372 -0.0013491354273545962
-0.0002216124958809107 0.001420780647925905
0.0005483735656426565 -7.725982654854175e-05
0.0011226785469724686 -0.002624779775538044
0.0013678044114956715 0.0015674007708066705
-0.00020257911009797453 -0.0006435239131824002
0.0007298153327181364 -0.004201216198269456
-0.0018475677041293642 0.0004948043661315994
0.0004597609425558275 0.00017216124520075504
0.0007608502712503156 -0.0009692697078409391
0.0013457560418371614 -0.0023636675050101898
-0.0007168771020622515 0.0017059933962851766
-0.00021149155644721807 0.0010170126310410697
-0.0004142179450923681 -0.0006710153712893728
0.0015161201978540072 0.0031716905152730846
0.0001918122879551283 9.854984089252446e-05
-0.0004438135993698996 -3.145083434134975e-05
-0.00014037344749541066 -0.0013144006338840434
0.00039863992464747735 -3.721978443654087e-05
0.0011864228322376637 0.001346171439414266
5.904560243213187e-05 -0.0010168804697282016
-0.0007760082368647768 0.0003870475161200664
0.0022105035078731302 -0.0005041230261938308
-0.0021495213944764373 0.0003241280173526633
0.0003222843783982429 -0.001217771040571634
0.0011682828064882322 -2.747254259637885e-05
-0.0017754580966287015 0.00166234843568809
0.0004772503516297074 -0.0016970950422039806
-0.0004988067523158036 0.00046381221472635884
0.00012198267742637602 0.002194403890402099
0.0017969319938614177 -0.0017365298020696111
-0.0026423153122799884 0.0027859067416652053
-0.0006751819384689606 0.00045397147562665276
0.00026879710635169783 -0.0006507828165651576
-0.0004130299956808088 2.428831043815036e-05
0.0003224570424479759 0.0004157839460454542
-0.001172648703399973 0.00038853880058001055
-0.002108950258351119 -0.001153642071965871
0.0004592898820470208 -0.0003807133514725604
0.000491116651108537 -0.0011351923251282712
-0.0006939117523256582 0.0006905067697600849
0.0013761230088173545 0.00016090126086224323
-0.0003164090453011637 -0.001858805065411219
-0.001006497576997051 0.0011789168826672662
-0.0017816758913008163 0.0010715241490568599
0.0017683331382305453 0.0005087995615971473
-0.00018556643550166185 -0.0015720419285384622
-0.001067388059582556 -0.0004948108814144834
0.0018961086241450777 0.00044683224176821903
-0.0004394224937985746 -0.0014882683713917035
6.502433861905319e-05 -0.0018551189677104233
-0.00165886912293084 0.0019088449795240463
-0.0006917843316419373 -0.000405740557323033
0.0009307698097006325 -0.002354576152796727
-0.00037918610524656407 0.0012157056032926713
-0.0010321293848095374 -0.0015078135429664656
0.0022222851090267287 -0.001597013227213688
-0.0013529843145986093 0.0034976470033722426
0.00018067270425214658 -0.0004618676121704307
0.001468086506096033 -0.0015420638189904486
0.0008974984673469753 0.0010290284395538811
0.0010324823904639703 -0.0009568025769825718
0.00041077405826267716 -0.0003749892791932177
0.0008389876855175176 -0.0012931878499963692
-0.00010949825312277358 0.0020999121061084708
0.0007902415767079952 0.001884713131296426
0.0005861880482430334 -2.024536212061722e-05
5.484531984719462e-06 0.0009871567382622778
-0.0009940883149527765 3.7510380366652676e-05
-0.0013507964226931173 -0.001216228190528969
0.0014879600777259062 -0.0009005237062022778
0.0007531319049258721 -0.00011494642377564775
0.0005826128281457919 9.09293981313801e-05
-0.0009203742898984347 0.0012618207227996208
0.0008304755656199257 0.0015908203027562243
0.0010609750675834523 -0.00033559343050761737
0.0006973472283252726 0.0017812439030140375
0.0008199357313488425 0.0006969198752827288
-0.0008551465279584605 0.0013993679314523967
-0.0021797985779495946 -0.0008807920557128195
-7.811679553529592e-05 -0.0005455864821826631
-0.00042720707224413665 0.0009726504167042144
0.0001290008775733291 0.0006495703272578035
3.5783453059009836e-05 0.0026122085655848437
-0.0024453322515777354 0.001669756238443313
0.0008679261703749097 0.0014042765513149868
-0.0006100837241108404 0.0009637776874747727
8.85626095532024e-05 -0.0003208094867664243
-0.0008754072939108976 7.697848763437253e-05
-0.0013626589470019915 0.0017836178942238793
-0.0007030433010338272 0.0002970842878719763
0.0024885154746248396 0.0024672092438198074
-0.0006174306589844141 -0.0015992628385025536
0.0007955384371412191 -0.002408115438455355
-0.00029180203569078846 -9.328440048845876e-05
-0.0002479676324926905 -0.002584810361211672
-0.00046929973080786866 0.0016973557455501537
0.00014850844159207627 -0.000915745827918403
0.00016333849249832515 -0.0005111419860374093
0.0017513313250164784 0.0004262005097479711
0.0006056539523412141 -0.0014117332057026737
0.0027920023580765498 -0.0008535217462142364
0.00132614233598761 -0.0015176922878816505
0.0009535421604592724 0.0008563491040160845
9.552895165130884e-07 0.0008413173845981211
-0.0016919493685251992 0.0019522047339261513
0.0016607124199728652 -0.0004365357980604244
-0.00012515521287003153 0.0016166065593939672
-0.0011736192109063452 -0.0013556799419882515
-0.0012840216110471781 0.0013450680787477774
-0.00343347146875437 0.00011766752846572537
-0.0004140662552496398 0.0005456250638512682
0.002611172768771574 0.0014710322094429202
0.0007850765902878688 0.002715303499925433
0.0007639915269860277 -0.000633276330502426
-1.5361933405704847e-06 0.0009754114264130682
0.0025154275852125323 -0.001808853349447037
0.0012403322466432926 0.000526678833165382
-0.0006388939823081338 -0.0019761164340803146
0.0014016111903611878 -0.00036265171699311475
-0.001042947377004422 -0.0006101632401585236
-0.0003961238517024843 -0.0002295428326171306
-8.580315392938e-05 0.0031930359317566387
-0.00044318712462687647 0.00030212582837673145
0.0026584445448193388 0.00010432008819207107
-0.0003455549500382991 0.00033289382964348045
0.0005655885769806115 0.00019983907088673612
7.847191872981541e-06 -2.9462889944655956e-05
0.0014326872983128076 0.001957888544970724
-0.0009211165170267683 -0.001892568333241664
-0.0004923492502186779 -2.553551318934551e-05
-0.0001996961643188038 -0.00035216522840084266
-0.0010119675575695412 0.0031257342082001926
-0.0006707876943010724 -0.001419608257792651
-0.0021098539896180634 8.527092126626516e-06
0.002146519129461943 -0.0005932551077039759
0.0005736720861313807 -0.0013349430368058946
0.00031407633941980465 -0.0003475358596317105
0.00013241708428195277 0.0011398416412425978
0.0008980180847214489 -0.0009354576460768057
0.0003389429748563496 -0.002019091040217767
-0.00021088695250138297 -0.0021843206060703
-0.0004737143507726278 -0.000991775120100555
-0.0006487730170636433 0.0020591776959944393
-0.0010099859114229618 -0.001624603423344582
0.0007524335772669526 0.0023623044654906508
-0.00014851982043731073 0.00012232474210200522
0.0010857188910915333 0.0010106546623322237
-0.0021485726120670403 -0.0008491086633110775
-0.0012092701669272447 -0.00020463547546647462
-0.0015880651551117165 1.3024998094390168e-05
0.0010645672053053278 0.0007240655826608224
-0.001278560014624507 0.0003088377361252875
-0.0004332513767411356 -0.00034858327438277254
-0.0010506454702086197 0.003949394824931834
0.001531873012768838 -0.0024814281387974283
0.0005922533048364567 0.0008922536747737427
-0.002355954928652363 0.0015795615201260123
-0.0008477228956475186 -0.0006891036416587884
-0.0001249575437483973 -0.0008801134200794751
0.0014749860297582776 0.00034440367771974454
-0.0006688983809285488 0.0007261237161507627
0.000739607396056827 -0.00021075806361893856
0.00028562328460515356 -0.000493366310922958
0.0010634851924314298 -8.596492336232892e-05
-0.0007829165691016991 0.0005838881473871724
0.0004658635109741726 -0.0007294223501071031
-0.00041345316020075537 0.00031291994528814197
0.0018466878141788485 -0.001923617829649459
0.0012079462583455263 0.00017972296368187846
0.0012481507655966023 -0.0019387825780526199
-0.0020754721842546862 0.0021434519617875253
-0.0003366865686804259 0.0028827949714748556
-0.0012233403384227745 0.0009991453374199196
0.0011962638191726283 0.002599883718992555
0.001658040934313928 -0.002346325137423884
0.0021293883203817626 -0.0008711028540396228
-0.000991042306099966 -9.047504014066076e-05
0.0010921366809061215 0.0006345247748091425
0.0010403119988508364 -0.001708586945157646
-0.002140666479685551 0.0008014552686786117
-0.0013418630696679843 -0.001982668767977983
-0.0005224657071142982 -0.0032591743549486947
0.0003970004609567475 -0.002521653252658
0.0004566153382568232 0.000426101968326568
0.0004336451827763193 0.0011884255709410886
0.00015926526897815712 -0.0004744517757545842
0.0018396253551416233 -0.00020157662251496028
0.00017255061514284884 -0.00011419784545188449
0.0010227751747110517 0.00023644006132737548
0.002082491314706316 0.003073385375099135
-0.0010661399157553847 0.0004458076859384951
-0.00047378872535758704 -0.0014500616415323928
0.0019232329845959488 -0.0018915287420096477
0.001025155600663179 -0.002269016701030859
1.357154839621538e-05 -0.0026927193517874647
-0.0001184522872556331 -0.001044501528123258
6.724583705693643e-05 0.0014831503416615336
-6.659993552776115e-05 0.0008128205189810651
0.0017003811718691562 -0.0009795560243757587
0.0019281874029490312 0.002217342875087997
-0.0019491615443470104 0.0018541797214333626
0.0005679422643985308 0.0031430873947696763
-0.00026593433852291283 -0.0007502775477106005
0.0008265479465462763 -0.001196543251088524
0.002350978257015411 -0.00047380599846750247
0.0015853260007557218 -0.003475683052894951
0.0012922387140104248 -0.0031585152088476932
0.001316642325885188 -0.000993126058382645
