0.00011654706888533638 0.0001712487532361359
0.00037412549815289583 0.00023428602963003174
0.005318204404938047 0.0033524163782772524
0.0016685679938914983 -0.0010295931911572453
0.0011747960407030985 -0.0037506719120678996
0.0016493398653465764 0.001969566874438687
2.5127234583626367e-05 0.001081497107507173
-0.0027080288353618703 -0.0010917436577974708
-0.0022375167579868145 0.0005831441658242033
0.0019722785219309456 -0.001520291065697079
0.003295216244812426 -0.00019016735734865645
-0.0005974563242803577 -0.0015372129577717404
-0.00039069822485976555 -0.002186756768990325
-0.0007120120785311234 0.003650234585333133
-0.0006938650318271218 0.0003006362446067707
0.0026642341064186483 -0.0005453654078203784
0.0015107357288579575 -0.00036752391520622214
-0.002605492260327772 0.0015472264598863784
-0.0009273953933167513 0.002443926953579825
-0.0018183032814082707 -0.000347778472589091
0.0030653748331480298 -0.0016415231498493339
0.0008479560205877277 0.0013502647412345827
0.0018484746555042864 -0.000657850243636281
0.002787840089443495 0.0004019362136949108
0.001537927792730035 0.0019126106779754077
-0.0010635039607581997 -0.0019245757391436586
0.0013542487495460296 -0.0013305853334627737
-0.0020700981700067676 0.0015188581062956846
-0.0002096244925904979 0.00102842453121038
-0.000976806628060849 -0.0003716822031845961
0.0014932375684155003 -0.0008466468646571695
0.0013111554736053798 -0.002251407703970941
0.001016301036184722 -0.003027029601145158
-0.000900015093140829 -4.55245798916881e-05
0.0014567422383237184 0.0016720469923526872
-0.0011385446618224753 -0.002218491053530723
-0.0031405495439505433 0.0010731243853278577
-0.0009244760823895597 0.0001740204695617542
0.0006670377616959103 -5.529405915693038e-05
0.002661214919403975 -0.0007211441199370168
-0.0030115452123751275 -0.0015752068871738478
0.0012599346891799122 0.0011511198006826369
0.00036502505184296823 0.00020976290686876764
0.0019133459502977208 -0.001159978024503023
0.0013720149782496713 -0.0010022557174876536
0.0014067181638202232 0.0015776205477326171
4.710662750399175e-05 -1.955984549544702e-06
-0.0005792488968445903 0.002082087812581532
0.0005929316651230521 -0.0006258145347082406
-0.0010769157331686546 0.0004505105232976904
-0.0009091871707813856 0.0005749571899693204
-0.0002024367149474081 0.002616288878000619
-0.00023930559214441934 5.179529575743856e-05
0.0003325767289747906 -0.0018136170670762636
-0.0007357975771485108 -0.000641184773077274
-0.0031924426671856763 -0.0013601106893706316
0.0017676731306217792 0.0014797691013195872
-0.0006500630861085724 7.799681613818747e-05
0.00017113442994903618 -0.002921188287621045
0.0007521060157326406 -0.00029324033798346663
-0.00017707416942239212 -0.002476221682994132
-0.001227049886693657 0.0014347764764418053
0.00014513924717840033 0.000724629247574427
0.00015191141626426285 -0.0013405791058618284
-0.0017061840468134113 -0.0033146550800671752
0.0023186859801922442 0.0004740181134817021
-1.3536640854926593e-05 -0.0003177870823605537
-0.001074201248804541 -0.0005228795424544314
0.0007028935805816215 0.0005819148161305514
-0.00012581725472594454 0.00023900848977967913
0.001713588642369218 0.0007932192836788296
0.0006363739892408327 0.0016911529840764805
0.0010659078088721182 0.0021723255687767745
-0.0005618856497247628 0.000490897146775355
-0.00020285393502430033 0.00048273931885305544
0.0008992704622535798 0.0004356564486572163
-0.00036531245521296315 0.0007810208968304714
-1.0678052151705121e-05 0.003704067279728952
-7.522364506530034e-05 4.3934781932234493e-05
-0.0008331331014496161 -8.167235272315601e-05
-0.004323980411622122 0.001093144245329933
-0.0007786176876709685 -0.0016984239345801198
0.0016237314841856152 -0.0011069875534933861
0.00116812134782241 0.003277070452653129
-0.0013959259920639773 0.002009550430053449
-0.0004583362850545264 -0.001683080656702515
-0.00040180627524694806 -0.0005726640683495941
-0.0010602450161065467 0.0018974143044763146
-0.0005476024244126407 9.583659352350258e-06
-0.0011792758299517374 0.0036223674783671263
0.0035619226069148746 -0.0008563629504310212
0.0027809644986310465 -0.000544568837263954
0.002248124766627832 0.0012796810183430926
0.0024879680336553807 0.0010169676340044697
-5.3373397442433834e-05 -0.0010352325644076915
-0.0006424780045584976 0.001250777362474381
0.00012821304008955615 0.001278388572997881
-0.0023056505493863526 0.003207326632504947
-0.0003531556674417599 0.0029663525583147722
4.088042153828858e-05 -6.063593447248088e-05
-0.0006718120251537283 0.0007514640943471859
0.0011159948003843484 0.0006181219572260491
-0.0018573150881756317 -0.0004369074462777419
0.0009992276159440738 -0.0012855810829527688
-4.39121878112133e-05 -0.0003951205826783099
0.0012334707490550816 -0.0012139005961148332
0.0003602028377080571 -0.0003819335043063762
0.0018487044585578406 -0.0009752496545716919
0.0008160476181540535 -0.0018228671284085262
-0.00016727009809982713 0.0012633148868135078
1.9904093974757527e-06 -0.0005901946202774838
0.0003740717971772858 -0.0002096177473400017
-0.00103003851439729 -0.0006360229907764591
-0.0004603591020922261 0.000470107404467551
0.0018731277401254239 -0.0007483108343438417
-0.00016727505879890193 0.0027033485303294635
0.00010119996437338725 0.00015086247810089167
-6.577779455810294e-05 -0.0013273418276466544
-0.0012542085017267432 -0.0005189302168535394
-0.0012440655020947537 -0.0019388093409433678
0.0007607753051467829 0.000898260503809623
-0.000602801374731223 0.0003916876520088933
-0.0010117377487642782 -0.0007380457811021429
0.0005020302187576633 -0.00013799772313226666
0.000749931724171065 2.560410535544278e-05
-0.0007783568136051841 0.000739496280758996
0.0014830162214540144 -0.0013673273166926716
0.0015207666989737012 6.516937755262993e-05
0.00041379507744902105 0.001971318915685906
0.002543679406543507 0.00034029900839792647
0.00026254812011855804 -3.028873053697038e-06
0.0005715761581648923 -0.0006273350992136819
-0.0005355705789605307 0.0008279049736793333
-0.0015873098774811301 -0.0005392133466004781
-0.0010242861116282957 0.0012285634883850175
-0.001518047890792843 -0.001042133399640678
-0.0005856231231679614 0.0008028984663224064
-0.0017755229843469248 -0.0002173335566161878
-0.0009447021761468045 -0.0003938497508553144
0.0001746290698744199 -0.001095845739068687
0.002430283296367404 0.00016963031078420595
0.00095381504973349 0.0006083101260366584
-0.00014784541056565005 0.0018352698143181778
-7.358091959674651e-05 -0.0018998368582698632
-0.0022335640570693093 0.0014924313023227482
-0.001190010632355066 0.0026692575354338595
0.0008089391557257051 0.001694558511977389
-0.0008501940647659915 0.0003486128339179072
0.0004938462910569001 0.00043011829389041066
0.0005354150104265772 0.0007007364203196087
0.0009362836828145149 0.0025288738329324206
-0.0013504339732682358 -0.0007052125008886556
0.001379495188136674 0.0009366400341411463
0.00023399145164904508 -0.001166729621170982
0.0016902720959527798 0.000144718542887009
0.0006560059731787297 0.0014874103090277866
-0.0010407546621595206 0.0006715377461896895
0.001022832523560015 -0.0024405905821108893
0.002073548939660587 0.0016614850116923202
-0.002334174466151858 0.0024454820898319484
0.0007245838002369315 -0.0001491632851398392
-0.001347312129679643 -0.0015957119274550083
0.0007098749439661352 0.00020383021692285748
0.0004690990819063546 -0.0017344935319149517
0.0007643499516032783 0.0012314697140538957
-0.0007998450911969982 -0.0011255108189908208
0.0002558276083355943 -0.00039010812364940816
0.0004112213823875473 -0.0006619222517416718
0.0018842541469230572 -4.14190653068116e-05
-0.0012435685184826882 -0.0023913100317921538
0.00043988566025061877 -0.0020194673380089065
0.0009364357821446572 0.0003933930374149187
0.00015801764146752964 0.002784830193887051
0.002407161703140646 0.0010700799379233597
-0.0019236827923186774 -0.0007250905458529676
-5.8638199340266214e-05 0.0016129014546700524
0.0024951806311262334 -0.0005253623208823503
0.0004883709071026287 0.0005184853944121341
-0.0004872087425089372 -0.000778645691403277
0.0008706669540890349 -0.0011382949008004579
0.0017859294070186502 -0.00022508743490879199
0.0006312004064587367 0.0007612741793593084
0.001362862457451921 -0.001303703166489817
0.0009020345334674678 0.0009430661145681528
-0.00024659003542566504 0.00018064271119375724
0.0015867030022442157 -0.0016467972799865255
0.0020304030111366676 0.0023310000712634337
-6.171804995320514e-05 0.001987511628401607
-0.0002828756776895612 -0.0005169051990173023
0.0011781254522258307 -0.00017911715413909457
-0.003336147672793279 0.0013213209374608403
0.00010626127186236005 -0.000439997973585543
-0.00010358198149854675 0.0006916449959285441
0.0020161478485825543 0.00048446299672389234
-0.00028428665514121105 0.00034166965040399977
0.0007779698396856503 -0.0008566163948185251
-0.0013200842727121669 0.00034483032709410605
-0.000894259830862269 0.00035687914568113333
0.001917119126078955 -0.0008861243617160854
0.0014774227049719883 -0.00028710593336184464
-0.001622476240549888 -0.0010143239477197954
-0.0017199251897376477 0.0017980468452099504
-0.0003694169613039484 -0.00037849189097748174
0.004174352985404765 0.0025178766195818156
-0.00017835059042254798 -0.0018705629719190466
-0.0014282743162293532 0.0001257115320418206
2.274072678374216e-05 -0.0011170275152376607
0.0002711439751536317 -0.0001450166156886357
-2.9226234816665967e-05 0.0012893013297653542
-0.0007452738870532363 -0.00045486659956211497
0.001392339722011388 -0.001473350478963233
0.0005763748828708344 0.00026412627855003536
0.001525386497773286 0.002904207051132879
0.0003306883929730965 -0.0006541079942792852
0.00019224272211212684 0.0014463039439608148
0.00021606842965926388 0.0001179504969823131
0.001319877894669437 0.0007113590265608055
0.0007033283476990751 0.0015461815362224271
-0.0008226243813856889 0.0007323520401071953
-0.0007217713782483557 7.388905945923674e-05
-0.0009359439297664975 0.0014592016297966949
0.000905487768043797 -0.0010916677288528096
0.00017790119895908069 -0.0018850045947118722
0.0014963473488329485 0.0005120100976837973
-0.0008084933201456185 0.002634587775586963
-0.0010240354632999203 2.7232090493715646e-05
-0.0015833575799188782 5.398647242183691e-05
-0.0002735080570382939 -0.0010414891364039587
-0.00019097874862228579 -0.0003576795812906938
-0.0008647269721814382 -0.001620795871172396
0.0008127079136761367 6.692860759284077e-06
0.001465747615443404 0.001689050456562193
0.0009511672258522125 0.001285352863337721
-0.001673416085016197 -0.00018429519624908912
-0.00031224933063062 -0.00040693266693590666
0.0010288812196826032 -0.0015121561098497783
-0.0002142414899414822 0.0004809820933437193
0.0026151323466879718 -0.0023826066765261626
0.000700196516087149 -0.0005087551253368059
-0.0018907193437754986 -0.0013503832978474621
-0.0002738016669170237 0.0025168025831045593
0.0012811336812278236 0.0006072067208518086
-0.002742601097043015 0.0012182179722718257
-0.0017425972082826286 2.6098034419842678e-05
0.0005769903352467908 0.0016778698354515985
0.0012231306057171568 -0.0013214126592135788
-0.000387715480013887 0.001287869944017449
-0.001283089162829882 9.602783741053684e-05
7.835076460775993e-05 0.00020640232029926092
0.0011231725215298878 0.0016378854790875742
-0.0016092785815179857 -0.0010887953434200461
-0.0005111694114510047 0.00015431755821751397
-0.00182694590880786 0.00021549611974949743
-2.4589060195675072e-05 -0.00024676049752473913
0.0017173274188961194 -0.0018368700034264735
-0.0015744097243027908 -0.0004779944317213897
0.002847849124503358 -0.001071776716587336
0.0031366947308934193 -0.0023597632930926014
-0.0015260876902303262 0.0018566564065596283
0.0009007040191627084 -0.00012075039028103426
0.00011827649922378136 -0.0007480436496989796
-0.00356561609272497 -0.0017122747798998606
0.00027478657776179225 0.0009882210969956293
0.0001875212972775248 -0.0006543809145623528
0.0014821343521304506 -0.0014207312683237117
0.0005431690567240702 -0.00012260864784346067
-0.001829810700164911 0.001367037490750928
-0.0021701212021572732 -0.0029787453375037425
-0.0003507035388255202 0.00031480239743988123
0.0012708861031685574 0.0003111052501051722
-0.0028265115076360928 -0.0007983852860230709
0.0011327259007860894 -0.0004996290261725066
-0.0003202808310073109 -0.0002362842989958185
-0.0009317585031808575 -0.0013336903489902178
0.00029126539508907823 0.0012015653254874325
0.0006431250843364505 0.001054633843549014
0.0019387218204574136 0.0005248157170954088
0.0002843929267458602 -0.0005493025793564283
0.0006831732329455572 0.0006507852849036651
0.0006648699154067555 -0.0003168083085924321
0.0009671905671075762 -0.0004726517915629073
0.0007318778768166889 0.0014098486915409287
8.948889648061372e-05 -0.0012207364333523697
-0.0002256864339642318 0.000544022016429134
-0.0002479996021146453 -0.0004412238084433661
0.001466334003471625 0.0007615927186993737
0.00039490096201793526 -0.0004115015699142448
0.0004008371754626733 -0.00020047852078137056
-9.00292065231246e-05 0.00019812615222890208
-0.0019168435113109292 -0.0011983567006391388
0.0016399676173847267 -0.0009200827596706187
0.0016118699238439364 0.0017851296488378052
0.0008865155106993933 0.001734309992904231
-0.001396795121975801 -0.002304571475539561
-0.0014957125809912412 0.0034475344653669407
0.000672971968104834 -0.0012598955141420983
0.0007269335811815378 0.0010955549243423736
-0.0007027153160645736 -0.003200162727979654
-0.0008406927103644022 -0.0015640171000080815
0.0007256227734659897 0.0008921998208831989
0.001359055279239639 -0.0014024017699928203
0.0004302386444707469 -0.004229436346878595
0.0029767571665815173 0.000939115950290029
