7.159531314203804e-05 1.3342197314910959e-05
0.0002846642392134398 0.0002653957664813351
0.004988130600493589 0.00553509599782175
0.0018231474298037167 0.00014983965028601324
-0.0004351026712589816 0.0018033292777934193
0.001797513838454894 -0.000924105246754769
-0.0019003171224729056 0.00038324566938111303
-0.0017249331263892356 -0.0018042621602798502
0.0004163473124276347 -0.0015834254085555243
-0.0007744980592607176 -0.0018816172990401788
0.0008931503877647192 0.00056744452729471
0.0013975613982429055 -0.0019233130605357531
0.0027460561696460084 -0.0015775532653996248
-0.003031847174857911 -0.0007370534800207901
7.470189999065867e-05 8.277539950645878e-05
-0.0013705831157549313 -0.0007230521282447089
-0.001149436491815637 -0.0014166916761482716
-0.0002921522457665332 0.0019491003676804976
0.0013608080638598018 -0.001758818028983177
0.0021371827919259455 -0.0011953442177815884
-0.0021812827515609247 -0.0008781962398497367
-0.00039021429176584266 -0.004035431189309207
-3.2789302028930377e-05 -0.0019938349129245865
0.0002401136629331765 -0.002001200823560842
-0.001067971425898338 -0.001516225231607611
-1.8422517560837054e-05 0.0008785028158634639
-0.0009365678458222794 -0.002049759875785664
-0.0009422592552123585 -0.003017897223910926
-5.0376271985716596e-05 -0.0018249104432067236
0.0019243736216322635 0.001894715841798109
0.00040404892580081536 0.0003044264593328265
-0.0014370981285529792 0.0007126589536565497
0.003325474920584383 0.0011410416810680207
0.0025572861056295604 -0.0017604809930016191
-0.00011451534447441481 -0.002183037207988704
0.0010758426251887296 2.892944029959588e-05
0.00017885745385866762 -0.0019617333819848337
0.0003554753581551012 -0.002418655786791103
0.00042222179342947 0.0009126077308970961
-0.0005986875624804419 0.0002665892491168274
-0.0038355366270264365 -0.0018937505157458903
-0.0005654185864635706 0.00025074778942547725
-0.0012092111964101958 -0.001308577566906947
0.0007927158183405867 0.0018508382744460469
0.002147665101200446 -0.0007576531681334467
0.0005372497685164155 0.0008174147721152287
-0.0011029975940477633 0.0008920969463490063
-0.001112999111861582 0.0017760170183979246
0.001601951678441591 -0.001163267249588564
0.0020688911275045115 -0.0007821392431076751
-0.0020801014977524764 -0.00044765532846312766
0.002906684806262036 -0.0026415236894219126
-0.0030209949471907685 0.0004129257349780509
-0.0007953172751471656 -0.001038631414126957
0.0029778801064116733 0.002443615034838086
0.0009489772752278362 -0.0023587754674526304
-0.003005344370996107 -0.0005610579771177228
0.001547491924693946 -0.0008288298812047974
0.0009961901193566353 -0.0027080546382981844
0.001542378385021612 -0.001334111914422382
0.0026104619617176917 0.001651486313139021
-9.484648985626122e-05 0.0022616882720754117
-0.0025997911815509164 0.0008561919433802299
-0.000832465176790636 -0.002039336814568699
0.0005414927135988086 -0.0006553892812303984
-0.0006342129839301911 0.0002388959122584226
0.0053276944092108145 0.0015755194852308087
0.00038159523735647273 -0.0021130218511081996
-6.712162967163997e-05 -0.00017893421899818247
0.0007947282301429366 0.0020257857240090723
-0.003101614336260706 -3.436355487655593e-05
-3.693828645028819e-05 0.001885832033730331
7.893082162133774e-05 0.001234029674876199
0.001046791754669869 0.001775342325332839
0.0003109264218827956 -0.002587799882670391
0.0014970498230914605 0.0006484770086337559
-0.0016713074883446337 -0.0006419911721791611
-0.0008420607874092418 0.0013145696819236328
0.0010803679083726632 0.0018261139133427327
-0.0022465053523317443 -0.0004898842973364468
-0.0003976665735905442 0.0009825970362977298
0.000981633535992223 -0.002148696933345165
-0.0007419582646882713 -0.001673024823142856
-1.1979636865044654e-05 -0.00023703812693566694
0.0003848522176832504 0.00018373078033898473
-0.0011712042508701056 0.0035281088444686745
-0.0014038569602231744 0.0004399480846038352
0.00043835721343226384 0.00030877488465261684
0.0005018290837357505 0.0007424668812573344
0.00045870838571067857 0.0008592543948057628
-0.00024165636080222846 0.0003100947136553565
-0.002484750386333059 -0.0015835674257022143
0.0009502532287766812 -0.002553169796895946
0.0032289242545541713 -0.00039296626371317545
0.002166972471316416 0.002233878767168961
-5.0966628862083284e-05 0.0026539352009763996
0.0014425580242373116 0.0011325652588208713
0.0023493791996621475 0.00037703293641267236
-0.0003608773318274375 0.0012214550093862131
0.002268854049649809 -0.0014155549912376472
0.0010873945608335166 -0.00014141562413216868
-0.0012308638470614293 -0.0016321903278331215
-0.0015491657333802046 0.0014026370586586818
-0.000669867956484355 -0.0007132420383120783
-0.00027295545888718717 -0.0012775898503710925
-0.0018555878377297557 5.379628658924869e-05
-0.0012981971692606062 0.0010728059113014404
-0.0011654700115289337 -0.0017746426653775234
0.0016698915654970229 0.0018093790249670513
0.0006800303394462133 -0.0008575979483059191
0.0006349086264031161 0.0013196854643657279
0.00017830260891216312 0.001199700854062228
-0.0023455110221564835 -0.00014048032141644864
0.0009229624578107216 -0.0009997955635783723
0.0011914484765937951 -0.0011897104246695802
-0.0008289896280985683 0.0016539867349211728
0.0011642685172553796 0.0008834779225866213
-0.000593794950926219 -0.0006258600290603946
-0.00023986510207205883 -0.0018233074383729462
6.8999549606305695e-06 -4.576512180202693e-05
-0.0006694990135307881 -0.00040453849660475533
-0.0011519722418558802 -7.738383792509361e-05
-0.0005151938834067375 -0.0003182747456160198
0.0020181293654498865 -0.0007792281981817163
-0.00036031327716786886 -0.0021577961981393786
-0.0006586170920141552 -0.0009510769008476098
-0.0006393524858605195 -0.0008549122346954306
-0.0023848323665269116 -0.000985777115123803
-0.00040701004517454284 0.0006427039354219762
-0.0003697122552946827 0.0006474832294911078
0.0003374631827288303 -0.001256979456220514
-0.0025046467970465795 0.0012881493711028803
-0.002039661789436703 9.305787999806014e-05
-0.0005139642908306279 -0.0012632390786630023
-0.001755045161693618 -0.0004271053964181205
-0.00029367355640299263 -0.0020255439674197644
-0.001605699175608798 0.0007959047053607511
-0.00021741324436300408 -0.0013385608705904412
-0.00022880600377181003 -0.0020894471863646433
-0.0008743495091890309 -0.0011075794775458891
-0.0004957376451102692 -0.000906306722376368
-0.00019837962833298514 -0.0019127031752206216
-0.0009071264095110231 -0.0004545150686098758
1.3268931480238776e-05 0.0010013231161880493
2.6403630127226867e-05 0.001026155948279176
0.0027067314304076336 0.001503335018306969
-0.0003055913495552859 -0.0021442888209647435
3.9543487904642886e-05 0.0019861693523377634
-2.5883337176420515e-05 0.0011486609731963257
8.530939448118432e-05 0.0004552584444149818
0.00021394335896697162 0.002262855026003446
-0.00029242153525783167 -0.0004757840826521204
-0.0007647853481302836 -0.0005447775927030346
0.0021273125128828214 0.00037848304279448615
0.0006225532248807434 -0.002704573044022799
5.314937430791723e-07 0.0006974230255917573
-0.001403501140890046 0.0020179341601069276
0.00037904968090483876 0.0008709601126632301
0.0020572407013593405 -0.00032490843518935515
-0.00010945547613796251 0.00022815990790272565
0.0022517552085666867 6.709457141091391e-05
-0.0013763490439532167 -0.0001781279760733093
0.0002866126668026353 -0.002947608694006586
0.0005747888690078159 0.0012115783732347095
0.0015747846505450693 -0.0014945495893816413
0.001942089947228868 -1.4437226791910341e-05
0.00012754338780559271 -0.00034239922418547055
0.0012873729447035942 -0.0024082285210504655
-0.00027626086628710934 0.0011317487950738645
-0.0020436165382918497 0.0010153289021833359
-0.0012781706453583491 0.0014807793255222207
-0.00203044184277076 0.00045550691236951924
-0.0015202947420237748 0.0003619228714144783
-0.0013214325764002407 -0.00147133231192411
-0.0012217915703800271 0.0009010342443248161
-0.001123191309378599 -0.00041264536523245084
-0.0009398934255807404 -1.798521755004142e-05
0.0007775581660350426 -0.0009066784206975626
0.00025345323755229413 0.00013814291352853361
-0.0013928204352141526 -0.0003595317219064808
0.00018495125348932958 0.0017679710037957475
-0.0010695197111071438 0.0023042944539560187
-0.0022608685658530633 -0.0006059101932693124
-0.001924758033704274 -0.0009783648724390505
-0.00030503409171030556 0.0029023411985100596
-0.001479354683748343 0.001400284291150111
0.0013517534701126344 0.0017785100542240455
-6.273202836313761e-05 -0.0012667005564370368
-0.0018586029147283213 -0.0002785826884168199
-2.710031630809487e-05 0.0008746084230304472
-0.002625203147776526 -0.0005296412170607384
-0.003071598206429132 0.0008079502305538508
0.0012654058827764262 -0.00024572791689246506
-0.0008859406779834927 0.0006444765669156578
0.0010810048181611567 0.0009510308927259134
-0.0017420414951272274 0.0007628250239509889
0.001733775677472563 0.00089493032878343
-0.002737259557177317 9.907235793633654e-05
0.0012556271198424537 0.0012277573897342348
-0.00031845397268549867 -0.0015430269518601969
-0.0005785657654348503 0.00081865996870013
-0.0008970336189540291 -0.0004105360914919645
-0.0035938717635047015 0.0003496352329818473
-0.0015796065808059707 0.00019534837229191106
-9.229735146752642e-05 0.0007733397283769765
0.0004401915194700666 -0.0017882700004101732
-0.0012513080388534589 -0.00040010916928947653
5.2526850724676494e-05 0.0009261059389278364
-0.0012096247175085056 0.0005989247819502202
-0.00274806952896141 -0.00018294238163246745
-0.0005750163938486256 0.0011623248287681634
-0.0010532080809336774 -0.00037631470396852897
0.0013145246653084798 0.002743312749058237
0.00018777726783710818 0.0001838116691926152
-0.00012607698217264308 -0.0014939360358692593
0.0012445246843476052 0.0006573895699650669
-0.0003005110716849207 0.00018723373851540757
0.0012629075551172206 -0.004296876589334064
0.0008679890492761173 0.003040025195387138
-0.0016408982694699438 -0.0007470506438946133
-0.002775792773093067 -0.0003003174905775574
-0.0002731557559747583 -0.0012095984005470093
0.0007134377043077896 0.001125289408008872
-0.0006408806700043632 -0.0017784612423549684
-0.0008565323753472765 -0.000984805448111463
0.000152938146852926 -0.0010075522425920284
-0.0009901033706744228 0.0013180006004556628
-0.0009904689434675575 -0.00013182553914848198
-0.00016348787097571175 -0.0018887257696907187
-2.541711796629429e-05 -0.0007982313167256187
0.0006985548749899906 0.0017292595732471177
-0.0026694160778041416 -0.0015693921513948732
-0.0005538271976471759 9.463435409090924e-05
0.0015177685027223753 -0.0007629585664351719
-0.0006331426653023206 -0.0016919463443172346
5.1035151169468336e-05 0.0014922246951189645
-0.00044542893528685723 -0.0015502886632929465
-0.00042448683031989207 -0.0011276521471991659
-4.060725193664211e-05 -2.6526431505378066e-05
-0.0008396263148033305 0.0022658212252416525
-0.0013222527759294185 0.00042561824264803486
-0.0019546623160835697 -0.0019925382704131943
-0.0012008283373203378 -0.0023572204976418003
-0.0005161181213320346 0.0021385249763928756
0.00013492408903571071 0.00023045205607130745
0.0011138982780044078 -0.000635446388929684
0.001835761291320569 0.0001815899968281716
-0.0025469482697457356 -0.0006570448190382272
-0.0007035044487733138 0.0007138885700659414
-8.375933253159954e-05 0.0012953997979295714
0.0006158390294069592 -0.0019854556813848185
-0.0018224814375213689 4.656267119499619e-05
0.0006477468710170948 -0.000653036797256543
-0.0015326698613152643 -0.001331227793034844
-0.000540523281575728 0.0006248326920396606
-0.0009778163049348491 -0.00040875004525513584
0.000729898081203144 0.0016372786199877083
0.0009762432135148255 -0.0011950422613372885
-0.0006916063347661446 0.002661876432506227
-0.0025616259196977144 -0.001213778973664738
-0.0001764143894462583 -0.0023334538880457434
0.0020769132039596405 0.0013662511837173451
-0.001064446844971201 0.0004136640915676877
-0.0015051600629379287 0.002138205175227189
-0.0021755279456313957 0.0022971879156981428
0.0009016312272078829 0.0005967572257314957
0.0007578330736834837 0.0013777806518151163
0.003045387131221486 -0.002190166215666013
0.0032625821556893837 -0.0008452951460866387
-0.00035129851600116134 -0.0010285688811234835
0.0008390217180527929 0.0010982115529288461
-0.00022435992511116032 -0.00177581811873809
0.0011998396255834905 -0.0003882141786786318
-0.0009374048230034697 0.0004917932216832304
0.003380763908521876 -0.0007161375326454291
-0.0013444161766990453 0.0015711276627701143
0.002277523144267814 -0.0017893081014521744
0.00023311330329904074 0.000713177428192982
0.0005414006489127984 -0.0009861901072220967
0.003053438639394529 0.0008416132314076804
-0.0028376666769036043 -0.00027665375721261924
-0.0003010796236757165 -0.0014888237697721434
-0.001995287706695295 0.0005786303605038783
-0.0011988154027594436 0.0016208540917116879
-0.0019103199809280891 0.00011935928154263595
-0.00036528332109918364 0.0007395663086495672
0.0013421232471360542 0.0015659126126379855
-0.0010552778785502446 -0.001027981742284738
-0.0011638224880886642 0.001978906719876019
-0.0004983879531152629 0.0007574769879629644
-0.0007693460752331301 -0.0008678304599547182
-0.00046350463211252525 0.0007892275447472607
-0.002397870867751368 0.0005442922452015707
-0.0014515784727746415 -0.0003664463573771578
0.0009313287583199806 0.003876266285662958
0.0015681353228639186 4.9668126470503476e-05
-0.0017310181533865595 0.0022666976394371805
0.0005423229795023376 0.0019365391316860708
-0.0011642439170287137 -0.0015700453666205104
0.00014940150160556694 -0.0009714359088974078
-0.0007421582341485567 6.740421392897267e-05
-8.622041602470691e-05 0.0006426762014680613
-0.0014614083820123842 -0.0020102567476768364
