0.00013843543166445745 1.3780934273045882e-05
0.00022287914428700147 0.00023145108722736173
0.005441829328152399 0.0033501773516518094
0.0020637862179232343 -3.667736780350605e-05
0.00042169426763484806 0.00024898643814873873
0.0008917412070805245 -0.0008736721483225589
-0.0004984921295893821 0.0004557561912439088
-0.0031912389054813165 -0.0011324850347387398
-0.0017117188968794347 -0.0009348153979896108
-0.0013842446749292208 0.00010622056661810519
0.0018194511383966524 0.0014583865164155814
0.0019241367111151992 0.0014287111936368444
0.000842787451304345 -0.0017228058070460116
-0.00018493306688611758 -0.0025710859981215436
-0.0009499058334227355 -0.002111870679818346
-0.002682522478367948 0.0006475562817082622
0.00017730705491863214 -0.0001569364357419287
3.212524702463108e-05 -0.00042049635401127295
0.0004970338694381311 0.001404805826456934
0.0007242150462044144 1.744346768455517e-05
0.0012995093790693964 0.0007314711700311444
0.0013592986206818827 -1.27832823860964e-05
0.00024363211995615742 0.0008307122836444358
-0.0029357320935428227 -0.0006536999786762028
0.002156138575586271 -0.0005820361807050631
-0.0010693439881369338 -0.000960574957403984
-0.00025072196463251696 -0.00015403845915890648
0.0007979977197243931 0.0005150419904059155
0.0019103901042491775 -0.0008170154803362343
-0.0006728107023658084 -0.0008367884430024301
0.00124951396434183 -0.0023674391901973824
0.0009332505352686064 0.0023351869982764987
0.004678511189515818 -0.00014690458920188916
0.00022977851232986439 -0.0029996006406061773
-0.00014521394637936286 0.0001208602552316162
0.0008501703877081477 0.00027310619423901806
0.0012256603185124666 -0.0014862057846888304
0.001922153887822083 0.0007595386354918687
0.00042138615859394185 0.002784723939663521
0.003136904141328273 0.00013825421577807716
0.002117073875878444 0.0018777060130803869
-0.0017804037340607038 -0.0010006579853394997
-0.0002510082350021523 -0.000802779385433574
-0.0011694317370277633 -0.0014806043739288594
0.0007738074989109629 0.001311150443197489
0.00015753099888540255 0.0015663644443288907
-0.001769751529288491 0.00045021499826813265
0.0004151950006716472 -0.0006538637789056854
0.0002573995678224915 0.0016841241590013576
-0.0010515939468790606 0.0025921067423935024
-0.003227772202124484 -0.0023925447397083327
-0.0011435175965958742 -0.0030202345666699854
0.00043614518939015566 0.0012332330274450916
0.00046434664979977614 0.0015136857933476737
-0.0006204753421081263 -0.004598783148850837
0.00035240704801370624 0.00303778729565163
-0.001622153254443311 0.0001344270336010024
7.025769362293716e-05 -0.0005094437088879821
-0.00245905872448308 0.0021024685787325924
0.0017867808130830399 0.0019277113304558273
-0.00015552420417169887 0.0005780134337756843
-0.0038881370028135773 -0.0011679282752129307
-0.0016262485361555141 0.0005615443487350349
-8.428540993040294e-06 0.0006080334939737489
-0.00042596438942568194 0.0009258100755060905
0.0033385459578103346 0.0010685300780740134
0.0033337928245222516 0.0031685978988035914
-0.0007837558620705078 -0.0013886825281284423
0.0008806813865629405 0.0013753843640103962
-0.0009969202688442085 0.001095437634240295
-0.002293153223500987 0.0017182044999880799
0.0010948032701864913 -0.0024362848121042054
-0.0002470379938947994 -0.0021133179436862064
0.002448070425460502 -0.000590117603120909
0.0011141372148861157 0.0030798077340393067
-0.00040362156512340527 -0.0022966145954273604
0.0012700947096717535 0.0007560169246461023
-0.0026987910069609143 -0.0008599265919784509
-0.00033373636862736854 0.0010764406194692132
0.00137705301477467 -0.0012409533632555994
-0.0007065767008905112 -0.0005731536163578739
0.001051335053349714 0.000697855795786641
-0.002447013705395461 0.0011777450764882422
0.0008075844086435965 0.0005774941489730638
0.0016672491844286394 0.0002013532946904713
-0.00014805629804395378 0.0005673443308715582
3.338872802167025e-05 0.004300590333195029
-0.0013977253854555013 -0.003570067164219145
0.002059509992156514 -0.0009479718745867227
0.00024878737716855197 0.0014091684990306266
-0.0006968764444576312 -0.0006656001842129134
-0.0003860328784130189 0.002548693357922021
0.0003767343654544313 -0.0004210591020705394
0.0014637633135225834 -0.0026077422124225324
-0.001118373548097536 0.002436949879823496
-0.001067171105437552 0.0009944095467462183
0.00012003106713016215 0.002190019308250928
0.001144701328906888 0.0014971682090322142
0.0002113502220902097 -0.0004905387032048356
-0.00019734203578184993 -0.0010925033608751354
-0.00024579755472908994 0.0002228229178232433
0.0008289542752135453 -0.004852306187293665
-0.0011341710610314236 0.0029387218841960302
-5.948126312680378e-05 -0.00036074097954868085
0.00034690398972680954 -9.343603054571425e-06
-0.0013229260505008829 0.00012586392226815354
-0.0005593751606801397 -0.0009635492877209147
-0.0016522862928053583 -0.0005673875128199395
0.001175281002846644 0.00045748731013780337
-0.0012490923169980828 0.0010431404048794187
-0.002216830634364161 -0.0016368263237613288
-0.0024246420803645257 0.0003875328142418475
-0.0008226594555377699 0.001049160554735592
0.0012483405484529622 -0.0010146531576894862
0.0010885448115079458 0.0014671715337219646
-0.00016351259619811888 -0.0006891367613084637
0.001565820700986678 0.0016291714071974108
0.0013545547046058034 -0.00020459577875316258
-0.002911026074569696 -6.339699135927116e-05
9.261510191236717e-05 0.0016365816717323586
8.206052758636336e-06 0.0010595820843870656
-0.0007933776344011332 4.8172080528256554e-05
-0.002046936973712002 0.0013082163098085066
-0.001962250033439556 0.0013764467803303263
-0.0011143849447690746 -8.821607722598132e-05
0.00037030327753861014 -0.0004801691746896924
0.0004338931863422091 0.00022679653336907154
0.000244816694370747 -0.0012901730253456415
-0.0006735457429689065 -0.00015760893987728077
-0.0021875272459065554 0.001856074473471642
-0.0019049700920518414 -0.0002556776887489385
0.0009960564689874363 -2.956155895039692e-05
-0.0030018859570213213 -0.0018692242327451119
0.0005386058526332056 -4.692587451912846e-05
-0.00040377848724008024 -0.0007034633019491138
0.000759073392292721 -0.0005796549306393123
0.0008785741602247618 -0.0007761233262196263
0.0004472528364654417 0.0008699087791194084
0.0006225550584422938 -0.0023000976033912264
0.0024170081830230173 0.0013345810392890757
-0.000361437455353557 0.0001732738099489834
0.0028268388732790553 -0.00029050577644989145
0.00018927270903161243 0.00031707521917808757
-0.00014457515832807288 0.002883674071319122
3.816429977839161e-05 -0.000178662603982785
-0.0006317602070990152 -6.656825089992215e-05
-0.0009257636438821474 0.0005547692543062696
0.0006192793788151366 -0.0010476389290524416
-0.0010082231267094636 0.0020442865552709644
-0.0008504319694206953 8.167675866315141e-05
-0.0008991046708332449 0.000815973024182413
0.001378530989042281 -0.0001800002413621733
0.0009473209882519457 0.00040510447268786757
-0.0013578018420009178 2.3066116917347395e-05
-0.0004948175452082478 -0.00017833752166142595
-0.0015442659575639053 0.0006232165171257102
0.00015251185543661242 0.0010632289845970203
-0.0011255256392866952 -0.0005373986780489696
0.0018150972795403992 0.0009364305259231711
0.0002928615328611864 0.0015582055417566203
0.0029453381924520352 -0.0018205605958806013
-0.002801960129714781 -0.000488853701001646
-5.528419295933196e-05 2.227074359204442e-05
-0.002261890422144303 -0.00015332439283763374
-0.00011544100743105207 -0.0010266525051095344
0.00032667700198739076 -0.0009496274600153091
-0.00018148644043379487 0.0014287814606683262
0.0021642380799313105 0.0009045454962124005
0.0010603544724020182 0.001338991168596311
-0.0011513065571106384 0.0002885530989254103
-0.0011873195338745288 0.00011896381449870105
0.000492895371964118 0.0005790731566362029
0.0015822844143143849 -0.0010209567222758769
0.0004350664033985757 -8.35729225354618e-06
0.0004956229873411162 0.0003689163984081888
-0.00020687812824026218 -0.001857395525957094
-0.0013747026934429452 -0.0013709046855289015
-0.0005142604662976781 -0.0015834037034671553
-0.0008969073300616458 -0.001963891357346432
0.001580368074568451 0.0011957007271031028
9.758940188222874e-06 -0.0001138173365208565
0.00025896402777508424 -0.0006871611508881407
-0.00023863210025205437 0.00038010798395337583
0.001636446845316621 0.0003724432823143756
0.0001319611690556053 -4.1175096259447825e-05
-0.00039086715554422196 0.0004725441430381027
-0.0014510269028185031 0.0010768096457614014
-0.001401583306468112 -0.0003832480976223547
0.001253371386911313 -0.0012582903399383013
0.00048047969566637625 -0.0014493073628954072
0.0021525265831268967 -0.0006958239150343096
-0.0004013765222331019 0.0009312066819256419
-0.00042827417225568733 -0.0001486975651470242
0.00013744902243309476 0.00022524752283759625
6.17596592336325e-05 0.0005616337265650726
-0.000583778361262886 0.0017530560429961383
-0.0017432347095199027 0.001648643264877019
0.00029154578586682256 0.000671533535820704
0.0011082849618460314 -0.0035616923989001126
-0.0021461953644223222 -0.0012871378800644703
-0.0006234409643343097 -0.0008699803861824869
0.0014025729599086063 -0.0003321624796432128
0.0017095681481822658 -0.0008022463383546097
0.0001972474847906123 0.00110279223543423
0.0007545425523071232 0.0008043079997619529
0.0029449934180479343 -0.0027472164815461842
-0.003093311508424636 0.0010815419454527078
0.0001054487498077152 0.0005557626425538614
-0.000875457461440139 0.00043221086013983835
-7.814366203132933e-05 -0.001058696436360349
-0.00061642677046181 0.0011007260101552742
-0.0010085775575716333 0.0011955024633730697
-0.0006322721004364173 0.0011206031276416
0.0021209917605104437 0.001144752423966225
-1.3416471629931237e-05 0.0019558275928147884
-0.00038101950332469254 -0.00372641988117686
0.0007704246228546305 0.00032848340924946534
-0.00048524700370879375 -0.0013083723619634379
-0.0003572509204359955 -0.00020051086233187525
-0.00022853053683199862 0.0006670704159001354
6.132209087207418e-05 0.0006670337992530088
-0.001471650706406284 0.001609212567188362
-0.0005888668292041939 -3.8847434989124794e-05
0.00047892775294304307 0.0008481062533578675
0.0006933908026103201 0.0025949779491225224
-0.0018992376454525983 -0.0011122193364057054
-0.00038805620983643703 0.00021974873418771122
0.0012560125225663575 -7.861368828071241e-05
0.00044210647937059763 0.0005014928548151737
-0.0009347822632389243 -0.0008543250774987368
-0.001118500908604202 0.0014945357684008462
0.0019521878906823774 -0.000509806495756263
0.0019576989681776118 0.00027026130971126065
0.002042814438066464 -0.0013340636408199734
0.0008794101312112345 -0.00017180927343015147
-0.0004893451813198514 0.000928749076090944
-0.001375179402615919 8.946086044470915e-05
-0.0026891329338789858 0.0012027229697276645
-0.00024555219877827244 -0.00012780606113847373
-0.001176693277678488 0.0003281521199895357
0.0009830872707305334 -0.00014515496532247786
-0.0018360099978477692 -0.0028908188953939732
-0.0015255152818518306 -0.0007602596332469157
0.0017228650507901697 0.0001962900196672919
0.0017442607664057458 -4.8863467314756305e-05
0.0007211083612808229 -0.0007026078460314426
-0.0020017586876067916 0.000599028024583377
-0.0007433126058026252 0.001244462124305136
-0.0010917954076423765 -0.0005488886942982737
0.0024359768362484133 -0.0012765790818474148
-0.002212480203901007 -0.001269195538403331
-7.461301202956422e-05 0.0014438774566963633
-0.0008629110329370542 0.0008655341261451032
0.0004214622617284728 0.00013807026689788152
0.0015537714934312074 -0.0012146607845588988
0.002336492920609955 3.1937091847476737e-05
-0.0004532361579972726 0.0015213203148445023
-0.00011003573310405168 -0.0006028218348220752
-0.0009175881614022645 0.0005503121830070215
-0.0010508930238360378 0.000752455383376852
0.003121750107212471 -0.0009217504751804309
-0.0008543823909139372 -0.003909047063502877
-0.001466353438150001 -0.0015035782699439981
0.0016877906495360029 -0.0010034260610486273
-0.00033688212605998606 -0.0013056182469475912
-0.0004236202184585544 0.0008087643292535019
0.0022522074996845203 -0.0010933450191221092
0.0019384828771487244 0.0025744741697406462
0.0009270728842890511 -0.0011993819569566016
0.0031421927990119354 6.268160934797744e-05
-0.00017866138385056612 -0.0009360096607488486
0.00013225814820171474 -0.0015470145714826763
-0.0009599938947010738 0.000222174718075047
-0.0015732797272789518 0.000609436871915461
0.0013814244143543141 -0.00015726690513474844
-0.002500868710843759 -0.0018930523214923515
3.546299381008569e-05 0.0019956385003072523
-1.5654711246188108e-05 -0.001614289659023876
-0.0006945325017049113 0.0007851321752928582
-0.00021800859786815245 0.0005050130647948872
-0.0010719857405091966 -0.00040179943920794735
0.002173726635543957 -0.0003946791499241425
0.00016097388311992302 0.0007449795399138054
-0.0003570250885692381 0.00015324920263748234
-0.00018324050132343322 -0.0021421705655796843
-2.4886899498878483e-06 -0.0013423859213163038
0.002529087430931958 -0.0030854959733684767
-0.0028161805850699124 0.0021090424449536744
-0.0008016175225121547 0.0017578996196710298
-0.0009632989835322921 0.002513584643080154
0.0006789251343795763 -0.001699456808367566
0.000775085304615236 -0.0005208504059474411
0.0013320348268527624 0.00036873219022389586
-0.0012765333935514883 -0.00036753455894247047
-0.0010327757130352043 0.0013130647634048784
-0.0016620680557309147 -0.0007790980203033517
0.0002313965520729462 -0.0027827075138194407
-0.00016232003618351547 -0.002140580939637075
0.0015200572055833583 6.957546077133817e-05
-0.0013994270681578678 0.002284240299382487
-0.0007239208673656439 0.0007463993393222872
0.0006209551209255522 -0.0011524373811106492
0.0010128765774707498 -0.0021498937538486996
