0.00023085725548766702 0.0001005831909130233
0.0002963100798711595 0.00012563810546167384
0.003326613705223237 0.004653851281020557
0.0011059918264827258 0.0019226615393282442
-4.388631296413212e-05 0.002302152535976978
-0.0018851657072281448 -0.001650802631138137
-0.0014775292106438628 0.00021434234645903636
-0.000339783597195975 0.0010247839447911895
0.0008662121203779743 -0.0005732765600208635
-0.0002961934131775018 -0.00048657647882690717
0.0025342562567301683 0.004078615544174328
0.0037693151056475546 -0.0011909836193379686
-0.0006507756752264848 -0.0008137129472615504
0.00016393626834860372 0.0006468527533719255
-0.0008025274902005437 -0.0020116908093487486
0.004132591262640929 0.0007385629327494472
-0.0015818038112575608 0.00147160047836652
-0.00033025061026951486 0.0019032353136710573
-0.0003075981155489966 -0.0017896932838767465
0.00033100210677015673 -0.00023818451536501017
-7.315676615578668e-05 0.0022385742976460594
0.0026775121712699908 -0.0003739745714155188
0.001636437902878844 -9.183896963208022e-05
-0.001624300630657666 0.0022099890890536133
0.0022995707756313243 0.0005854162694393954
0.0010455665509450816 -4.809976440789462e-05
-0.0008515628452096419 0.00025969151726766673
-0.001980342222687793 0.0009466903049001728
-0.00063851421803967 -0.0004054155763660458
-0.0002912048007247943 -0.0006186989084299658
0.0015077448294992196 -0.0008365396822193321
-0.0002646716078295278 -0.0029547869931733917
0.0039239053840872005 0.0018954640006072464
-0.0006422099501721449 0.00033140042031112117
0.0024595472862926245 0.000283900980236308
-6.95376282200413e-05 -0.000248348767996835
-0.00042318809696232176 5.577116527887069e-05
0.001615473624987384 0.0010693593829539762
0.000941331361656225 0.0011297592319428032
-0.002576635854508697 -0.0039967248824013596
0.0002601515493435587 0.0012186826952291653
0.00016376652622872304 -0.001183686473039517
-0.0018709925706821501 6.483668549016162e-05
0.00041968520633411233 -0.00021655990526936092
0.0027358498087147742 -0.0005842937526705277
0.001377186336785979 -0.0008324112733735183
4.2428570618551577e-05 -0.0009474841971344931
0.0025627225977607215 -0.0017004888672095667
-0.0008083545727833487 0.0004055591832321591
-0.0005990440791835129 0.002755000764710972
-0.0017332393529949717 0.0010370179728689639
0.0022246681106105923 0.0013047876302167071
-0.0026961778745383737 -0.0005259640452338926
-0.0013769221555003678 0.0011573805121092265
0.0008842963255521011 0.0013531590221739001
-0.0007329130549229829 -0.00056398327313976
-0.0025077179768464887 -0.0010281592678354145
-0.002109233572578973 0.002096047453147181
-0.0011173729465601048 -0.00024531609574342624
-0.0005926619713789125 -5.819537670534632e-05
0.000517953339339035 -0.0020481616134023655
-0.00015093140600123657 0.003946428322751598
-0.0002282178267241717 -0.0008914489283249333
0.002424226561928151 -0.0008656625790364526
-0.0010962061765689062 0.004732664985039406
-0.0012579653159496944 0.00126293206035403
0.0004861184226970805 0.001641983251902078
-0.0013133253837331804 7.421439240550268e-05
-0.003508013311430345 -0.0005603736814425006
-0.0007795022833862628 -0.0010884176224987515
0.0012934354173920503 0.00120659898287646
0.002580314578446018 0.00042767400718405843
-0.0002540602783037914 0.002024960183071304
-0.00023241615382614425 -0.0005293788193561151
0.0022968433866945807 0.0007316895352556186
0.0005024220782281799 0.0013627311624665678
-0.000629471399611361 0.0006982095162040939
0.0005010308110596531 0.00037935290541993565
0.0009780245964618117 -0.0023011817677159444
0.0009433937401533478 -0.002454827465562252
0.002099517664682447 -0.0023677885145618398
-0.001239352739994853 -0.0022937752340960217
-0.00033293916473679 -0.0008391774205527536
6.187069137885676e-05 0.0020277087808580462
-0.0001874516011143904 0.00043905233505603397
0.0002948488679243148 0.0006431985201019596
-0.0015141122440444845 -0.000840985742915599
0.0014007096100099976 -0.0001066694455415946
0.002644269426431153 -0.002874242644863373
-0.00289916083089293 0.002671780999212608
0.0015980665066362243 0.0017259949614568495
-0.0022465466068310805 0.00030154966815989457
-0.0016802158793359093 -0.0018040961780997316
0.0006522460359354139 -0.0028911459368840885
8.452970940042124e-05 0.0018883503210240997
-0.001735473305294312 0.0018131517288247538
5.212552945339203e-05 -0.0019536328630829925
-0.00010617177518253051 -0.0032568856445876486
-0.0010686052622094885 -0.0009294522551640086
-7.957714756482401e-05 0.0011269312724223831
0.0019102586253095793 -0.0005084528003765703
-0.0025259765319854176 0.00122867321946414
-0.000672015040330417 -0.00023041479458654074
-0.0006834621907940273 -0.002838262571297535
0.0016488248226002092 -0.00043996954724965555
-0.0003946291977937695 -0.0011776784086249769
0.001391165214525812 -0.001304568224538258
-0.0009515911258825426 -0.001833079345817721
-0.0007262536982407501 -0.001399576493111791
0.0004110277429121168 0.0012665506510117538
0.002172515464921523 0.0017688145402257075
0.0019161087868390274 0.0002954372342306297
0.0009629709934418375 -0.0010678217526984971
-0.001297087547433076 -0.00048350819777795564
4.246275808916798e-07 -0.003713130599239025
0.0024179386569555482 -0.0007290251352747618
-0.0014961815829406622 -6.783070313548298e-05
-0.0013492454355118887 -0.001616738960846629
-0.00048483556426429623 0.0007929129975052457
-0.0006009210502079282 0.0009386796326441527
0.002005663654951628 0.0011381648397910833
-3.7275984838455657e-06 -0.0019671343059330876
0.0014465990534993833 0.0001983103907693783
0.0012502782842015883 -0.0008858747292825128
-0.0017416776127765928 -0.0008658911852890273
4.6808524818955245e-05 -0.000327870641538389
-0.00021159860335528892 0.0004627317007180168
-0.0013455541099463458 0.002875116041233368
0.00045489997057158717 -0.0007286698438245429
-0.0019935601132628315 -0.0022839411763562597
-0.001382955796000027 -0.0005460251304814497
0.000914374411343521 0.0006109501020374995
-0.0006502636687487215 -0.00024027960278518362
-0.0008076998854159273 -0.0005719420237502929
-0.0009718022118711172 0.0010571842785655249
0.0002219177977370669 -0.0005929025605929467
0.0004855967518470256 -0.0015969883195379433
-0.0014509609634353624 -0.0017389984567234315
-6.854497050678236e-05 0.001376018245590094
-0.0010128326561689423 -0.0008405350546335539
0.0009762342630074806 0.0005721241812901717
-0.000944731181877743 6.354854304989902e-05
-0.0002875050939590359 -0.00015501033490366176
-0.0006710854030030652 0.00045928819106029814
0.0010556865356452388 0.0014740474658095466
0.0005704876080134885 -0.0004130405486498757
0.0008486931742262783 0.0013608677450945648
-0.0017802144830140279 0.00016618320369128279
-5.144792937590991e-05 -0.00017665865736813868
0.0027367419473465523 0.000846672123511461
0.0007764976243559064 0.0015547007579936973
0.00017705562472188264 -0.0009672676041885759
0.0007386696376280362 0.0008414592128452681
0.0019182941751444353 -0.0015472703375050696
0.0002917746168886342 0.00034109660995940453
0.002315612462490908 -0.0009710982797301962
4.6942452793873304e-05 -0.00034351911126585913
0.001190864475300102 -0.00215110495938546
0.00015486389282043419 -0.0011731364792802814
0.0007883012902061479 0.0002157105107981863
0.0007755765042009164 -0.0011208943206648346
0.0010871055978373626 -0.001649664610258721
-0.000408220935063145 0.0004774777049844231
3.345621070653607e-05 0.0009605226943596526
0.0009256595502504505 -0.0027230885129512087
-0.0014327487302495424 0.001217325869284211
-0.0013648846750910358 -0.0011585038026037337
-0.0012605007287068517 -0.00030347336574621116
-0.0021692453757557214 -8.92394950177956e-05
-0.00047827976642241833 -0.00047561064177680624
0.0014019499801720577 -0.0014846621472615474
0.0008527263161880022 0.0006717572964620097
0.0009174294672823221 -5.920968284914904e-05
0.0004395880566845583 0.0004145168310919892
-0.00047993164543459386 0.0003115657008731174
0.0008266533807341387 0.0015192793654558493
-0.001618514272791582 0.0007542594185616365
-0.001439659907702342 0.00176270834208599
-1.944011185729497e-05 0.0008454431214908858
0.0007769552614588978 0.00033174514801942006
-0.0002855848108383188 -0.0005805048211122461
-1.9591977034721106e-05 0.002797011059543426
-0.0009575527374095826 0.00017475413111712185
-0.0007386695551203441 0.0008527727449746391
0.0013677440444038267 0.0007308935775036294
0.0006629121243682975 0.0020340679799665667
0.0016069159581087865 0.0027451374864246336
-0.0021842341706465296 0.0011236180716664565
0.0002929126943072156 0.00038809860194740877
-0.0003435405809285734 0.0009893309891790857
0.0011070147090978379 0.0002836442178957065
-0.0009166891733530233 0.0009251459137121959
0.00035370950684461344 0.0015355169259894863
-0.0023612564766247357 -0.00026421990864794643
0.0005803686793236588 -0.001184914884378086
0.00122515893181688 -0.00012931189529323843
-0.00234145700579164 -0.00017285182412600118
0.0008572948258213054 0.00044128180136735715
-0.0013802093632282815 -0.0007955643554207222
0.001160830637576794 0.00017109779700201673
-0.0017509064713119322 0.00029133677529893465
0.0012976466782111497 0.00207536710391079
0.0014196091734211028 -0.0011172322269580395
-0.0027704064676895308 0.001273042941690065
0.0020893729737574227 -0.0003625938618194289
5.081570343720997e-05 0.0012185946120774538
-0.0005456621680648271 -0.0006824725361552817
-0.0008643604434863684 0.0002596854007339939
0.000383023536858409 -0.0005694020516905501
-0.0013009148670872397 -0.0012834385912945019
0.0013461874795235337 -8.355293852160734e-05
-0.0014691216640801787 -0.0008118560305737107
8.680359335030433e-05 0.0010509568134369589
0.0009191886721518526 0.0009203764937458438
0.0022044955942650537 -0.00014924841341590632
-0.000779369331068738 0.0006283202183265117
0.0014784530843035535 0.0005267438320143954
-4.7731198794520126e-05 -0.00024086871887553843
-0.0005503555831152013 -0.0006699690513538124
-4.164524672593564e-05 -0.0005170503407461339
-0.0012495634494384352 0.000618882133199337
-0.002957190613320327 0.0003730555030830896
-0.0028339530902063417 0.00029270384129445696
-0.0011192360352828212 -0.00033207170694910405
0.0019403176991994809 -0.0010981952175476148
-0.0007546316154364006 0.0005805499039798974
0.0009177596461870319 -0.0027797838027491723
0.0008269436387156734 0.0016068244116002395
0.000305434411889709 -0.0009865553929839662
0.0005387317015626283 -0.002257119439889438
0.00048460835598314425 -0.0006044853044203347
-0.001973144433735483 -6.076527021181422e-05
-0.001399147027031052 0.0012744473978787416
-0.0017711429908116784 0.001120629199453075
8.263098755215595e-05 8.848161234582508e-05
-0.00015324962530943674 0.0008977142887285398
0.001110235682540957 0.0003758181171271312
0.00026257592281410624 -0.0005437357974841428
0.00036336182258758033 0.000205879974212821
-0.004714145672509675 -0.00022928031044760656
0.0005080086791277074 -9.597385483922078e-05
-0.00010347502454444384 -0.0005848902557407545
-0.0020334011718709847 7.321698294600339e-05
0.00047885461049048593 -0.0006894658893995455
-0.0021103108575829693 -0.0006993495685039485
-7.502458720664615e-05 -0.0017450924821639613
-0.0003778743784196821 0.0026091165326048702
-0.000621685328829493 0.002004874259818901
-0.0014516732895792641 0.0012747090840596917
-0.00025261780118806897 0.0024555093530715874
-0.0019401721008550667 -0.002321479254204551
0.0030104891197199053 0.003175661238414501
-0.0002575339769848301 0.0024078330486905658
-1.194823547765358e-05 0.001007792589532636
-0.0015005637995710774 -0.0006816907227211662
0.0002115075810481709 0.0008865342967985818
-0.001487986669330768 -0.0006088440202231579
0.0015436339582914308 -0.0009942226817015848
0.0036537007407872594 -0.0011121469280573075
-0.0025808617220461436 -6.0241900048728406e-05
0.0005566533680865149 -0.0014306447024964235
9.21120420051425e-05 -0.00046879348612945603
0.0003676672629405802 0.0005873302365996998
-0.001332950777434883 -5.974770430301417e-05
-0.000854126111156393 0.00033415443512521117
0.002347147284944806 0.00029578989374627786
3.278882957136444e-05 0.0032856501762765816
0.0032327522094147956 -0.001702661032319038
0.0008973847767716486 0.0020925932852837456
0.0008698176739655118 0.0010783488149969866
-0.0018946087136324943 0.0020970100047911044
-0.00023424356673660418 -7.08429584885947e-05
-0.0016042909041175354 0.000190508030852598
-0.0006464931012938938 0.0006651414597072225
-0.001296019191802822 0.0022719590145539622
-0.0017548328050265842 0.001591473367437165
-0.0006679637748666154 -0.001329030345354958
0.000209549415950253 0.0009691372197653765
-0.0014334161996873494 0.0005938462470888001
-0.0004649064753964517 -0.0010487675653731209
0.0016234324893756966 -0.0009265590110029742
-0.0011216485198275118 -0.0021416005075005477
0.0015682710749748761 0.0017287379020506858
0.0017607702651512517 -0.0012037556234493374
0.0012338807660692138 0.0018270159059403986
5.030940724686804e-05 0.0003194575485038351
0.0011398606668147138 0.0011382611949648125
0.0019171739968289905 -0.0010476754114150829
0.002224484658448469 -0.001036280478862587
-0.0012089046720244528 -0.002463253611623436
-0.0007190567622981699 -0.00044292067235088023
0.0020713152962446345 -0.0010102833862544924
0.001202130948820324 -0.0010782169323991788
-0.0001271785021254692 -0.0002094804492507296
-0.0003086755002660891 -0.0015316888449389836
-0.0038657511606192928 0.0011869247976636237
-0.00013283060429919425 -0.002959729513188341
0.0023921613263754578 0.0013135619808031557
-0.0011266268178336746 -7.581146324186244e-05
0.0008132996507594361 -0.00013700576492904843
-2.686710134705663e-05 5.2842337282223696e-05
0.0023523761978742983 0.0007715615301788413
0.001180438785353621 0.00046246216460435436
