0.00016831521362336728 0.0001943037099727211
0.0002537226985874744 0.00019437413342208827
0.005045957138801317 0.0067059463635510096
-0.0014569788707887688 0.00034207512268626003
-0.0015163523483556374 0.0007140602612541024
-0.000695814464599599 0.002235843480684635
-0.0011800622062515176 0.001739045046251276
0.000942558921332022 0.00012516430259955792
-0.0009086339016608336 0.0010415781136903222
0.0004232664440010309 -0.000993847679749785
0.0006769510027973166 -0.0003545554901500989
-0.0015450322352500653 0.000639993174681032
0.001414592045876628 -0.003154561242522534
-0.00013174476501545077 -1.121399968483411e-05
0.00048454340022171074 0.00023098752031728114
0.0025507548722200975 0.0010249283865364368
-0.00021755849814164398 -0.00019326652358406224
0.0015466696399496977 -0.0014223190276247144
-0.0011234135785064545 0.0009372051619723139
0.0005330690157698128 0.0026803372057288034
-0.0002206234392667996 -0.000693825213182238
0.0002576614813842886 0.0015481284301148267
0.001726745947529507 0.00017462654810075306
4.160298370431196e-05 -6.548811898969433e-05
0.001990124558704259 -0.0006935720022322732
-0.0011882757552756258 -0.0006546864650959446
0.0005004852399648941 -0.00011764903254071963
0.0004218400665833799 0.00014757901451408967
-0.0009551239189651812 0.0013777061182776345
0.0011027452933309453 -0.0009453548762601607
0.0021112167429362598 0.0014327555705656084
0.001585703795945909 0.0007001472344189073
0.0008700092652762288 -0.0008647019992815875
-0.0008291603545932458 -5.5657898737798774e-05
-0.001358596888722168 -0.003469929439328223
-0.00096465404778392 0.0010594574567501455
-0.0005359902308983113 0.0011199271253278648
0.0010733379116886585 0.0010682775746727843
-0.0007216634240784975 -0.001285027442742182
0.0006393698966577881 0.0017910725300174747
-0.00021937184687633113 -0.003034077321265004
-0.000724748206372843 -0.0014341323419840382
-0.0012227676451149804 -0.001006908347554359
-0.0008294202745451636 0.0002248193080696112
0.0017918695653448542 -0.001481294769268091
-0.0007807849193340121 -0.0018426339318929428
0.0010800730601337066 -0.0014580174576702078
0.0013135745886844951 -0.0016148884394374156
-0.0014136291998282857 -0.0005651162568036978
-0.0005935303661304573 0.0008919892439700727
0.0018628486678897984 -0.0033773677947734376
0.00012202548637428229 0.00015437299689887102
-0.0008220417099421189 0.0020226979970253225
-0.00014636182031986256 0.0022266537742875983
0.0007701876240219534 0.0019775477224313236
-0.00010271653150293422 -0.0007187654065282163
0.0006106756430128968 0.001343729448598931
-0.0008228380376210636 0.0018685827853798889
-0.0019024909627298298 3.2490444212371195e-06
-0.0009966997980417123 0.0009956047315286135
0.000535881927117366 -0.00023991420200356042
0.0011304001017393049 0.0005109115268227091
-0.0010237696922507252 0.0009365832436212624
0.0002846131379759761 0.0015614660165769758
0.0021003979688357963 0.0012201388646282266
9.813153447820947e-05 -0.000817793049984272
-0.0009175205721337754 -1.3556605912535047e-05
-0.0008380386267247394 -0.0008943122220573176
-0.0009869132864775121 -0.0013335986995264876
-0.002368030910270969 0.00024229722579130545
-0.0013631572030282225 0.0014984779624185255
0.0023203275472088902 -0.0015561173083217929
0.0018688666555544328 -0.00039380433745464565
0.0012526312733746306 0.0016001903849829958
-0.0011137572878792818 -0.0004921663098040646
-0.0009580547127989885 -0.002015816351482165
-0.0024779222166146026 0.00023202252572149793
0.00031093590423878886 0.0037955765106389905
0.0019489549430053421 -5.804748939968778e-05
-0.0012311815277564252 0.0018037296838100312
0.0035523831203849725 0.0033822728408284077
-0.002189775301445349 0.00029591222814697897
-0.0017932921961366884 -0.0008471229278662923
-0.0012617329468107153 -0.0002750335635088559
-0.00018350353675790937 -0.0012025218403171588
0.002245637594479649 3.808393648072881e-05
0.004754664726850751 0.0005891234035425457
0.0006273930609001247 0.0005024406887754849
-0.0017243054314296017 0.002845550693691662
0.001229314871572176 -0.004277208272142918
0.0006950911992579507 -0.0019200322587240755
-2.733116119666758e-05 -0.0013713664725129666
0.0008084009883403356 -0.0005543873297266101
0.0013341441243072195 0.002147233864076775
-0.000979621848755867 -0.0007162334666874572
0.00028635608018588233 0.00021401363255821155
0.0009896620688217518 0.0027873307925889226
-0.000724506390449714 0.0010154705809283099
0.0035901624485146174 0.00043492674107781075
0.0009948621098554576 0.0009331090202405404
-0.0030233929553982607 0.0006615413425631396
-0.0001259012752611799 0.0012282883159837289
0.0005253828192793954 -0.0003810374911520657
-0.00027968570532621915 -0.0014025280370254015
0.000802135608421342 -0.0005001114037466574
0.00312127437008984 -0.00013934441344385504
0.0006428684265403949 -0.0015672571327443687
-0.00024635594226047046 0.0018330014888107865
-0.0013355395231520021 -0.0011501045727350296
5.488833746064501e-05 -0.0004900072583817034
0.0017767355152910095 0.000540309646310921
2.4417967078035996e-05 -0.0011044132812307787
-0.0005327497780444765 8.076813884913931e-05
0.0020434441497124674 0.00018900658095110054
-0.0007373229956960443 -0.0006134329969450849
0.00027054816017847493 -0.00132528856592986
-0.00017799062242334317 -0.0016653736306801567
0.0011125648479975892 0.0007545682812121129
0.0008603761578757649 0.0007811111573525989
0.00017958462444730023 0.002124759977528358
0.0011997419622093513 -0.0013120451133563497
0.0013244145563336299 0.0010724121257094535
0.0007336439502657513 0.0006079667526263733
-0.00045504010825313213 -0.0021488281801762756
-2.128877036776903e-05 -9.244406692110329e-05
0.001221915334279144 -0.0013055269629453719
-0.001141681597304664 0.0007156215483282391
-0.0028367951690478257 -0.0010428605627974446
0.0011214555158474513 -0.0003398591337542012
-0.0007297819179825489 -0.0007747750368483539
0.0011208825613627713 -0.0014080440962956492
-0.00023868794688901922 -0.0005848340017802677
-0.0007477904566114384 -0.002628086877840424
-0.0013310615246111736 -0.001197557708677115
-0.0005692637253825743 0.0006666760105394359
-0.0001495024990347551 -0.00015664040439604526
-0.0002391805396235362 0.00041484198174279876
-0.0010866252124228507 0.0029146851644962887
-1.0007021554057327e-05 -0.0008607671255930657
0.00010072530811090077 -0.0004307397687126645
-0.0005763821913155653 0.0018875412814451842
-0.0013726027431579919 -0.00027964220447420263
-0.0007220265105155612 -0.001146345746191256
-0.0007281977099808129 -0.0016166336482070708
0.0007708570090944729 -0.0005725126037735836
-0.0009705250718020776 -0.0006105592349793216
-0.0008046917620640556 0.0011817487054404685
-0.0009744030962573225 0.001280773181447242
-0.0006791383434319419 0.000920460087639806
0.0007019169873574942 -0.00021307839297546798
-0.002369469384469942 -0.0013951719393315305
0.003096004371304272 0.0009454451103373385
-0.0014309968960678015 0.0007387598266301093
0.00012002708084027003 0.0010527928808582044
0.0004960379091280156 -0.0014763987166882312
-0.0005793829031316114 -0.0009388520560192002
0.00040600841974795603 -2.9619151542891783e-05
-0.0019734294493773236 0.000529702321378844
-0.0003524941242282823 -0.000647774400989122
0.002628805980814211 0.00010339533177634164
0.0007569983306487674 0.0002870355071522215
0.0001260529698291364 -0.0021662513588735772
-0.002387265180080016 -0.0020749363528978094
-0.0006593816620722808 -0.0008164565603618678
-6.260878898984922e-05 0.0033115910985347732
0.0018363031064805022 -0.0007309332372428619
-0.0008713828583529545 -0.002722740887091211
0.0018729455203511489 -0.00038453978344382553
0.00019217256390968544 -0.0014477743540409335
0.002628052778935955 0.0015777802065714023
-0.0007151499908538605 -0.0001627847024961076
0.0003753408134093388 0.000520691820649547
-0.004170874223352197 0.0027232757621333497
-0.0010432060058690703 0.0004688374361011321
0.0016255352744710678 0.0019303828007023935
0.0004627567631530651 -0.0007956486142041414
-0.002666812777295676 0.0002873003358299134
0.001905794019181359 -0.00011873566495393143
-8.502731320835671e-05 0.000371297151178034
-0.0010793461694945362 -0.0008627232274753398
0.0018364461969562487 0.0006671359847779895
0.001032135388117349 0.00021599424324876117
-0.0006707783786372101 0.0012846620698678455
0.0007115185503179321 0.0003945550106190952
8.499236624189909e-05 -0.00032538245307725934
-0.0002705178475313799 -0.00048427806727998013
0.0009040787244767507 -0.00022477986960420132
0.00017134952819169706 0.0009459161537413075
0.002872153186694812 0.000687330879856156
0.0017910314337805404 -0.0005263239732276275
0.0006485521007529501 -0.0016781458535194385
0.0004926501515250002 0.0018233104728858183
-0.0008675574743090812 -0.0028038576229452235
0.0009253598764755203 -0.0005068637819951023
-0.0024234304738402646 -0.0006779696726535503
0.0011750015734249357 -0.0009600944685712717
0.0009990096369416569 -0.00014590399131541443
0.0005484086089949469 0.0019489697250206048
0.0011240162497654946 -7.82860912878097e-05
0.001435596995026115 0.0011365286681149789
-0.0015931164984126756 7.901728667898377e-05
-0.00038555315260413556 0.0013576914082816757
-0.001242718412065492 -0.0019913456928813684
-0.001071739021817013 -0.002711147616138371
-0.0013406156922944968 0.00220883863657935
-0.0013895690424057996 -0.00037534009473658505
-0.0010005859728757787 0.0018562733381058084
-0.0010112643340883056 0.0002950183378654737
-0.0010041338995813484 0.0005517310724218485
-0.0029290756262481165 0.0013740948088867976
0.001040612728936723 0.0026167774349950697
-0.00114457035285795 -0.0008430800887970914
0.0004501536931200376 -0.000448527337357838
0.00284880750161099 -0.00021689027880843957
-0.0006968014975235634 -0.0007538101355144282
0.0008395681238330505 -0.0019224761805833887
0.0004001404199640704 -0.0007227010795800333
0.0014326156037886657 0.0018074572322436745
-0.00036494102342825784 -0.0006150948667867146
0.0015848716466791252 0.0003605613413429252
0.0004418906595300481 -0.0001856791368553905
-0.0004259245408322939 -0.0005218106933127871
0.002174919684016684 0.0017286926446561227
-0.0013325342061034124 0.0013212846694129557
0.0011320424153405443 0.0001244388711528501
0.0008200212312466777 0.0019104089711583835
0.0011485421037679216 -0.0029261918567046446
0.0029520366486859057 -0.000887228564024977
0.0015403345521033246 0.0014933322934093866
-0.0008369705346790153 0.001651957313446844
0.0030122741994876895 0.0008590770241499268
-0.0007902057133856804 0.00011449630042097003
-2.8216500776714268e-05 -0.0006673351074485927
0.00013176379544331985 -0.003583687286637805
0.0010310225723739698 -0.0005137498288393285
-0.0023667657576134983 -0.0001576528413180128
-0.0022625652951432772 -0.0013369198379702355
0.00034906650580777325 0.00018771255955880338
-0.0013593712255876066 5.855149243315047e-05
-0.0007952275544730842 0.0002624285281019373
0.000793298611192165 0.0006117068105964782
-0.0006412420598815456 -0.0004955021242894911
-0.003234763667967621 0.001891750850669186
-0.0024432871047056037 0.0019509884071698125
-0.002978083990314029 0.0009423048624763068
-0.0006775934265966231 0.0006560522502097253
0.002354754630554667 -0.0009465692219794565
0.002669351814290129 0.0019860049143803414
-0.001923765213173802 0.000633207018827014
-0.0013309073234366764 0.0002943436988445548
0.00169626095535216 0.0005518322735806025
-0.0012629341716084669 0.0009313560652593226
-0.0018435300731728618 -0.0014789569639812828
0.001131653035092841 -0.0002075207784514864
0.003103923371764474 0.0022600850209371325
0.001015148762617667 0.0004413177760863785
0.002611490484019859 0.0008894018898310495
-0.0008999996050782979 -0.00022883544905050478
-0.0030317391570694446 0.00035426781503324143
0.0005879399712670468 0.0012646858991188325
-0.0023385798645563205 0.00032139793901819763
-0.00030204994204371586 -0.0005221713702885217
0.00154469662221405 -0.0018181896622863742
0.00012084060257365857 0.0019209305183559707
0.0005995905077920416 0.0015833777254936757
0.001942934915654276 0.0008064712201879573
0.0006413437877359916 0.00519146054957024
-0.004258370607417761 -6.381967734245047e-05
0.0004664029367667257 0.0018803366681323028
-0.0017167115163845416 0.0005983345182974229
0.0002975384885925956 0.00021642775981558723
0.0006032941435793743 -0.0026566133296508664
0.0015629856880681153 -0.0032679817202241617
0.00302787997980121 0.0016321946549362576
-0.002909726487769483 0.001423223315681525
-0.0014275680293559093 0.0003777524074535397
0.0011733784456239315 0.002096244083434956
0.00203993412517718 -0.0019356327851834008
-0.0006619133059401007 0.00026721358732097726
-0.0007663067938208544 -0.0013236279425017708
0.00044473695736054305 0.0007473180582932314
0.002121259949280449 0.003522393843394013
-0.00046157111204677353 0.0010804599474566897
-0.002296337302335844 0.0007089223185182251
0.000453591337438317 0.0008935732847599828
-0.0017039716417095424 0.0030735290529438305
0.0010779184022487402 0.00011728983366803571
0.0006981199142177342 0.002376466414733073
0.0005151703493122844 0.002074899400571431
-0.0009611192203192496 0.001311787518337933
-0.00010973026470461304 0.001355644558056967
-0.0007577256245125249 -0.0005511334376900435
0.0006280350686581653 1.6074303662523843e-05
-0.0008910518446451879 0.0023060736439529054
-0.0010386387682928782 -0.0008500748553761758
0.000994943713017949 -0.0011114023795575796
0.0002530841416309118 0.0019452974810784543
0.0016276757950173732 -0.0023301251593281507
-0.0008978194995141783 -0.0012822196195679647
-0.003431683779887315 0.0001571210018516513
-0.0019219347267841378 0.0005831805461240338
-0.0010365510278916498 0.000988335223861129
0.002690136361478907 -0.000530065663466085
