0.000224653231345417 0.00020712329760907652
0.0002893020235219489 0.00011306180774668376
0.0032091509103028075 0.005311528335711719
0.0006277767545152642 1.6415893549426194e-05
-0.0010205910817511132 0.00034841448670103095
0.0015958969254925843 -0.0011913795960075324
-0.0017212343699884436 -0.0012679535449650339
0.00038354346614442403 -0.002131690918113708
0.0006796380528991993 0.0017271096232858991
0.00011801265719292155 0.0021004330479341485
-0.002096276764140486 -0.00043780761774188034
-0.001337938477168109 0.005364835038421403
-0.004565967579934734 0.0033422402845526143
-0.0017123004557769764 -0.0007535977358274178
-0.0023178450749001722 0.0017791840175680259
0.002572278726411127 0.0027544684044239994
0.0013636466758879303 -0.0038514620596736314
0.0015372012817376087 -0.0007661320066324946
-0.0003908358102553168 -0.0016291713427347193
-0.002693313408366735 -0.0002488508087462202
9.304926411597774e-05 -0.0023860718881826212
0.0018017455264005878 -0.000403968586901194
-0.0021253245354441474 -0.0015811980557047535
-0.0006352276139854647 0.0013836769050511771
0.0009096559804257623 -0.002219349943856105
0.00035017583758909307 0.00014317124552558604
0.0006137355178339171 -0.00048678475796403743
0.0019500300279467594 0.0019351628390461444
-9.837984146871468e-05 0.0010139409709729605
-0.0029581140236382896 0.0005029950922489214
0.001126490832452463 -0.00079767416085913
1.5344557292184613e-05 -0.0011149219374694738
-0.0006034925446090643 -0.0013527507092598338
0.0015597995125388008 0.0004553852493424102
-0.003356705664564967 0.0014012120133258996
0.002990946382942585 -0.001423617810990011
-0.0004004970874346365 -0.0011314101472938453
-0.0015569033319406229 0.0016114714474673784
0.000971552221827687 -0.002652839431547467
0.00084644413532493 -0.0006162505939989868
-0.0015067003585676451 -0.0003852641302094334
0.0001363001301325244 0.003158523572340392
0.00238406047906445 -0.002109152172231403
0.00017853786352424277 0.0027786678311082355
0.001614531846889416 0.0009557392688965614
0.0025044146566433525 0.0013201524039020793
8.46568799277525e-05 -0.0015800406915285215
-0.000440473502069936 -0.0001304202024790011
0.0004042749432988576 -0.0010307626337966488
0.001210241970822343 -0.0013783270361536607
-0.0003737378578701592 -0.0035443726069634856
-0.001266366591750957 -0.0014243246832341227
0.000836121265679711 0.0002299007898986195
-0.001218562720531697 -0.0006503360378346901
-0.0007895447697163993 -0.0007743326654771428
-0.0019269248898757907 0.00019546057563716372
0.0017946051723211703 -0.0026492152465509263
-0.0003948237250970729 0.0010951909851750054
8.089091797432948e-05 0.00245374911593781
0.003452984788911383 0.0002819364819102664
-0.0019037201160459589 -0.0002544490587118821
-0.00027596397906414996 -0.0007598897416136123
0.0010193679843727686 0.0017497981943891533
0.0004467703900557883 -0.002002880926767367
-0.0015363608685866285 0.0014080587110457013
-0.0012773250481738791 -0.0012726248698137778
-0.00014684733917176289 0.00011795387418962462
-0.0002253507434081243 -0.00045147351240130284
-0.0006110161490693635 -0.0015670229728076462
-0.0007972154203478909 0.0009146229620221929
-0.0005325616396575423 0.0013151827168605798
-0.0015634526034134927 0.0001347803598392947
-0.0017916262823296748 0.004264924203747747
-0.0010021141303849033 0.0025786043368742403
-0.0006135443973830364 0.0017434932373725195
0.00042063857364514666 -0.00289300109924396
0.0004234962975397803 0.0014618442230253613
0.00042765135170965806 -0.0015078432280864066
-7.853319834376382e-05 -0.0006670495177105196
-0.0021434748212041744 -0.00018997652924282923
0.0006087450454054622 0.0006158883383370021
0.0010004652275218732 0.00022863353147021206
-0.0002830421380474356 0.001291565629036213
-0.0008079949975345923 0.0017850995829080307
0.0005420676898602864 0.0009263491122916483
-0.001911558449875508 0.0022666147000626785
0.0005052684174634613 -0.00042114766631481634
0.0017854140340564807 0.00046750519989616164
-0.0019375509120479239 0.0007599412121610214
0.00017771621719984323 -0.0031201090950023795
0.0015806047565785812 0.0012478111183235531
0.00012073689447419704 -0.001867033130717604
-4.998983324825852e-05 -0.0018368032907456243
0.0009879068416469503 -0.0002564675266950431
0.0008393014953978844 0.00034157629710134755
-0.0019918130310798915 -0.0014327333434640541
-0.0016894281110116103 0.001650207121101176
0.0005812369423143054 0.0004684949978868357
9.00879452847261e-05 0.002174873873414482
-0.0005909548451142683 -0.0030033883335901373
0.0027608761150054377 0.002116277491368331
-0.0016133963761318928 0.00210376000619198
0.0003400228092072265 0.0008349406348309617
-0.0005032518124829352 -0.0020431298193764108
0.0011354905116218803 -0.0013522939990442896
-0.00037559007895033295 0.0007753123432482809
-0.0012646860054799968 -0.0001766265662554698
-0.002650408850978728 -0.0023004871546237764
-0.0008291539979794004 0.0014113534252676004
-0.002175183457165313 0.00016532734585343261
0.0016735754258956495 -0.0017318341653086119
0.0016944333820548465 -0.0003810944187468339
0.0014070197142455763 0.0020877543915097914
0.0013525426044511684 -0.0002904322413489675
0.0009195880686645984 -0.001372838200052691
-0.0024653899751331844 0.0005114732418321988
0.0006297384738221536 0.0006988573855023636
0.0005214132240566524 -3.927815958908276e-05
-0.0006808517035726344 -0.0007522818067828004
0.0014442653591966589 -0.00012699740628229966
0.0019103685720064116 0.0017674739680164898
-0.0013661384237741673 2.6386190395856343e-05
-0.0015338435447863525 0.000881914511965775
-6.960742657160059e-05 -0.0011129290556012015
0.0007393974825757339 -0.00028591375322298463
-0.00021313172898986877 0.0021415526344605615
0.0010461559723295745 0.00026732520141535575
0.0018022872144921116 0.00018096855879201255
-0.0006736358712777144 -0.0009554699917861416
-9.606870371217476e-05 -0.0007134385377953825
-0.0005251254499209338 -0.0016410311577300283
0.0006541940393227919 0.0019179219960560778
0.0015599518807819053 0.0008223449450962914
0.000770877944187206 -0.0003259177238078722
-0.0021647057648400874 0.0013471137728275706
-0.0018150397827370595 -0.0019365291978751004
-0.0008859342318984704 -0.0014807401380160861
0.0008240248315002287 -0.0007147345149705739
-9.54627188483813e-06 0.0008940250919586872
-0.00021374982961517767 -0.0014799814539286692
0.0010619459716732864 0.0005405798737031032
0.0011732938988086989 -0.0012372843831369657
-0.0003678291696480124 -0.0016089815796454232
0.0008610937235697919 0.0002347512100660999
-0.0016324427914785995 -0.0010747700329502804
-0.0017026241672271306 0.001392727972909174
-0.0002913843188989476 -0.0001400729696747007
-0.0010165431121339909 -0.0012076897236854443
-0.00203064185642294 0.0011722409283943297
-0.001144770793643946 0.0010133924180410845
-0.0018874215449334087 0.00073924807332304
0.00036858918159700274 8.659351730000432e-06
-0.00021119890261726075 0.0007756619270222811
-0.0007685736087130866 -0.000273281755353868
0.0014911189663520607 0.0015873688240637168
0.0008810202783458976 -0.003332858034960653
-0.0002638541911054601 0.0009367281214342514
0.0017288183361632075 0.0004900340648319391
-0.00010854347013258794 -0.0002675196736262695
0.001568674901399796 0.000949983229554414
0.0007168725311293069 0.00044909726671975677
0.0002149505670147818 -0.0010849850132865285
0.0019657013668094602 -0.0011427597535082384
-0.0010031665315594826 -0.0010463094811695162
1.55035439466542e-06 -0.00021176527772112302
0.0002148715356432928 -0.0007954165217028138
-0.0005167989279887041 -9.571877326202183e-05
-0.0003905892151415645 0.0009096477612675396
1.0892164692645231e-05 0.00016353863404783048
0.0015881176796021085 0.0005460749246209441
-0.0002409594793126158 0.0005323841527985569
-0.0021219268896572516 -0.0011218648732648786
-0.0007622849098210117 -0.0014288273141891134
0.0021522213078406655 -0.0007702108118456985
-0.0009107494186500756 0.001914812414019571
-0.0021392548877344265 -0.00031161638007708576
-0.0022625656810989028 -0.0015433241785988636
-0.000520257247445158 1.6694533796387202e-05
-0.0002588490069296057 0.0004445657686938253
-0.0013821420251042495 -0.0008723503283414566
0.0004640416440526584 -0.000984418595173835
-0.0002718758342833849 0.001108476234126386
0.0004533858068946152 0.0003252294073957583
0.00013077967883063797 0.001099251964465565
-0.00024207577133745505 -0.0005317736044310536
0.0004583392203663208 -0.0006194398483485708
-0.0007121673968926058 -0.0006665155275092323
0.0019115436826359436 -1.3182602012315102e-05
-0.0003885397425070508 -0.001907370194165383
-0.00052647781315907 0.0004129171743161155
0.0011622517976787089 0.0007794122389042639
-0.00011666106335937531 0.0005609712287342118
0.0006574136609205582 0.00020306693759458344
-0.0011347542735948408 0.0012052922032784403
0.0014957569373332136 0.0002847563571329803
0.0007599769474438701 -0.0001362386051772755
-0.0002888113015464969 7.802003567798948e-05
-0.0008510368391312933 9.077290332702313e-05
-0.0005006635592807639 0.0022678202702866297
0.000355689258348557 0.0014958004531338512
0.0004353679779615901 -0.0006425368074650291
0.00026413971459991075 -0.0005353360662165846
0.001005086262022684 0.0008397725603768541
0.00015539128150308137 0.00014253843920573135
-0.0018910160934030476 -0.0010779606890999624
-7.841587537290275e-06 -0.0035184865962845724
-0.00013762140767633596 0.0008153341493823782
-0.00026441735972100133 -0.002250587963208351
0.0010318009379799873 0.0010377295398888394
0.0008820742993581786 0.002120647494836185
0.0026558849849327437 -0.004020941917627981
0.0013370541509548492 -0.0008007962388004327
0.0012191002880128925 0.0006264187328988278
0.001652611550361968 0.0005937009279610816
-0.0011638152749745094 0.0010104346825461682
0.00036488401269873394 -8.026398203977635e-05
-0.001461588526604186 -0.0009508918254563937
0.0006680127328944896 -0.00041565118874488616
-0.0009102910603967667 -0.0006416588509172755
-0.0007586867262735131 0.0006901041994434087
0.0014899792802137968 0.0005228110431067879
0.0010636916593213053 -0.00015006610859667361
0.000980739217300974 -0.00011179682610452148
-0.002765013437406767 4.777067782053892e-05
0.0013082804857726899 0.0014509850931246973
0.002303637677035995 0.0009683577847968267
-0.00045940123343824314 0.0013810141018608297
-0.0006328265644159609 -0.003014491931150456
0.0002499445149710747 0.002898215998308094
0.0008744095796037342 0.0009754987175526989
-0.0008604441778394922 0.00020349787279978643
0.002028824460099052 0.001508406179504418
0.0026877892016601715 0.000491696255203896
0.0006402607970796728 0.0006752326850230256
-0.00031796418435153063 0.0009137991284119705
0.0008155356327328653 -0.001574772795325209
-0.00031664174845905845 -0.0008011321672415418
-0.0003964490775142635 0.0012683972321490351
0.001009522267818055 0.0008191661182289417
0.000332801294771203 0.0006404034342925541
0.00012331056014906077 0.001427058440844609
0.0006490389047186835 0.0007082758956911504
-0.0005214652307148938 -0.0006411548437744041
-0.0009805774410188602 0.00018176155396619313
0.0013499903081623198 0.0002289060084016226
0.0014900606691206962 0.0015826151891246447
0.0007113136237167192 0.0006133674972850159
-0.0018417311482226684 -0.0002668986484077372
0.0008784502269432282 0.0014818523972973028
-0.0014500387558107107 -0.0002563219560524031
0.00125488142171758 -0.00178698082621359
0.0026477372777088727 0.0014432681486981308
0.0004398936407153154 -4.729857613100051e-05
2.7526841054912917e-05 0.0019898147909631065
-0.0024121419915066667 0.0017822290271640809
-0.0020995301294020326 -8.589485002208684e-05
-0.0005042074598331115 -0.0014873756157087119
-0.002483575015773052 0.0007514587766934883
-0.00045354091504426356 -0.0013788698517696626
-0.0007460190538257548 0.0008843789292984503
-0.0010201280482943706 0.0013178277553544926
0.0005646433940899799 -0.0019811408291722644
-0.0018964434984783973 1.684109857463414e-05
0.0025387190629786167 0.0026681046481741217
0.0017960211180348333 -0.0005204676082452619
0.0012998729722809856 0.0021941196766183777
0.00018693808695330194 -0.0008134642973984467
-0.002541798650563719 0.0012175972889522544
0.0013578174502723492 -0.0017065324931515129
0.0010585034164053678 -0.0006009285844787284
-0.0036969579339943153 -8.224231672421728e-05
0.0015221419102866766 0.0011451798556662673
-0.0004525729735373457 0.0017906605207910473
-0.0003740063727386249 -0.0008504136641305893
-0.00019788397014439992 0.0010994723330170534
0.0010793401140973575 0.0003376457678058618
0.00013103429778951408 0.002063086435144344
-0.0003935653415440124 0.0004984262982742493
0.0011043381869205594 0.00045911465093301137
0.00153731227805394 -0.0018311364393722629
-0.0011055930897761411 0.0007195059926929537
0.0023669230621023076 -0.0011069786978270169
4.435209745341308e-06 2.4449330700425868e-05
0.0020927502656988123 0.0019842058141737564
-0.00040742870986658965 0.0011018163127691448
-0.0002298105601976039 0.0011962074088501457
0.0007675595500184956 0.00045947037634905735
-0.0012567277580691604 0.0005005063978931543
-0.0006398830489487211 1.9660834277331234e-05
0.002239092438764671 0.00040645080300907025
-0.0008558836728665416 -0.0007559189924691859
0.0011260159929984434 -0.0003546823124663985
-0.0012482372456490874 0.00070906023821713
-0.004108576090503361 0.002609745616945833
-4.430025313203798e-05 0.0009325963182026011
0.0015776270806919567 0.0016377441379371168
0.0018326834349664406 0.001928949228393751
0.0005722804022547406 -0.0018866086104397722
-0.0028272070563830705 0.0013223479011325106
-0.0030249240996647582 -0.0015653617529140626
0.00041085960037252623 0.0011149899754176855
-0.00012968887722598877 0.00036400871645898565
0.0003220072672732754 -0.001093536962103055
