0.0001593752358523248 0.00011311765222879388
0.00016377670636453088 0.00021224791631483227
0.004774035385752948 0.004732971153744223
-0.00035077555001154196 -0.0018754495455768083
0.0001228492387549323 0.0005935350009069201
0.0035103096629077774 -0.0013458020685725859
-0.0006388714428026903 0.002417361335070656
0.00014061850172819267 -0.00013645465677658702
-0.0007912242450207605 -0.0005367593344089954
-0.0006847180922324623 -0.002275421016108035
0.0003655234366214919 0.0015405154145631446
0.001382063567691759 -0.0005595545665824709
-0.0007904090976962695 -0.0025287175908657433
-0.0007817800113386886 -0.0008490821291351835
-0.0001211217165395032 0.0010189887518629302
-0.0017783377759284778 0.002797142049465093
0.0027307046874828823 0.0001673923556138054
0.0010804300643570647 0.0021042580744098337
-0.0020203067203105277 -0.0022907702478114967
0.0014292118746308809 0.00033248462073414315
0.002612280486263674 0.002032071318511374
2.1755876161082567e-05 0.00040757881564447304
0.0008956868044413301 0.0008250282179957517
0.0003183801483221263 0.00030325967420645304
0.0006168621467115092 0.0018948121923476721
0.0007446275957451478 -0.001772970381441955
-0.001537852292391624 0.0008872583385208755
-0.00015788496201025177 0.001350591025714164
1.5021656146411387e-05 -0.0005241030599774148
-0.0005572075532379526 0.0006000635266878718
-0.0015588037637155995 0.0030710019015698924
0.0012914690604763927 0.00035897395761256477
-0.002433070572537075 0.002266028671569943
0.0006339879158394004 0.003648669614734996
-0.0009951943558175339 -0.0017141553403481331
0.0016784967319467211 0.0002378470174341496
0.00205027079178841 -0.0033842916209844576
0.0016626184387564839 0.0007896143938035965
0.0024973162331574325 0.0022091959517900727
-0.0011682517484423464 -0.0043182133480894475
0.0020109953639478916 -0.0008006230894472293
0.0018552603451637718 0.003174707070776449
0.001163696725199641 0.00013490685344209319
0.00343575347298293 0.002057169083514186
-0.001096501504111231 -0.0038944218151897047
-0.0027068591021401434 0.0024222823119192747
0.0013257593957276127 -0.0033175371362108652
1.2761899027415076e-05 -0.0014087537819104522
0.0027805293124350226 0.0013018327968441553
-0.0010445584655224647 -0.0020640396973439527
0.0005157227728809625 -0.0012825270529794558
-0.0013785319809358203 -0.002915798257839188
0.002266992420605959 -7.527181634080353e-07
0.0006038105288201074 0.0001560761601502342
-0.0012132139544645227 -0.0018875681044542875
-0.0013502589906590414 0.00075219837758732
0.000761345265097579 0.0002995953435041575
-0.0008366485204732183 -0.0004434957656996817
-0.0007609017956142716 -0.0004956945612002184
0.0005934315936577113 -0.0015014524114005574
-0.0005008200654164235 -0.0003696139536474962
-0.001333276781971089 -0.0002584998531843364
-0.0013102825036854198 7.31672852581766e-05
-0.0004591006043283682 0.002278519904802859
0.000795112619450988 -0.0019167298140768017
-0.0006409522308025354 -0.0004879957152629124
0.00020727805701379817 -0.000292034042371082
0.0017551941830336393 0.000946538503149603
0.0019386302275898753 -0.0008919091354621732
-0.002312148160944534 -0.0014275330090141281
0.0010617075598160946 -0.0005450157455488524
-0.0003253740558592706 0.000611147256337727
0.00036133777792821077 -0.001364207075485978
0.003119146596627348 0.000600532329752819
-0.0011017370514771457 -0.001291020686166293
0.0004011905068187219 7.798375066808733e-05
-0.0004656984228503397 0.0008320431351657059
0.00016863163850163723 -0.0010507439552327983
0.00033772328312118926 0.0016911205483112098
-0.0027817750835626136 -0.0004333614279599504
0.0002778100970269282 0.0005688230074433839
-0.00019301291386889606 9.734809536919013e-05
0.0005259102084375736 0.00041811902693597943
0.004129663168239356 -0.0025183465761209134
0.004298234863081224 0.0001716675144956714
0.0011359906573422996 -0.00043613822861861967
-0.0016565638658162197 -0.0019477813524904101
0.0008651903492654645 0.0021991708291812504
7.348772063512454e-05 -0.001670003971715728
0.0010383253147385532 -0.003252211939953337
0.0008676712448197414 -0.0007166334341192746
-0.001953456504096999 0.0037367064402421836
0.0012900259913610347 0.0008576524718680326
-0.0036302903909895346 -0.002228399868294099
-0.000933388640972634 0.0001264334034215891
0.0006875915241147001 -0.0005556597139936721
0.00022390356933843514 0.0017267049134733995
0.0006398980424332193 0.0010639662275956567
0.002091748968799 -0.0008310372261042563
0.001872145017136732 -0.0013771712510933084
-0.0008419366459664967 -0.003429689519529087
-0.0008548106541052491 0.0015679486090389597
0.0012743276353735752 0.0013978684093572302
-0.0005781226535499336 0.0017502208032749945
0.0001794119611639507 -0.00030653978449938363
-0.0006383413439120603 -0.0015982930749263433
0.001011511645429179 -0.0008571527892439483
0.0016608437275670933 -0.0002535773504378941
-0.0005260285032112485 -0.0011621111057105009
0.0002845244456576925 -0.001362089661813386
-0.0010111057936648294 -0.00038723153768846497
-0.001089300676732933 0.0011828599053712635
0.0002446627467172456 0.0016204350214349783
0.0008965198939531711 0.0005563758083136839
0.00022625612852224144 0.00012280873831332532
-0.0017353420012151673 -0.0012590927063485787
0.0037012680335312014 0.0004389804410881703
0.001086898025223332 0.00021094426758905838
-0.0002733681604290303 0.0007634415811884705
0.0014351399723337918 -0.001764832608706289
0.001238429684496751 -0.0004888218006459795
0.0019468145546280642 -0.0002875510081222097
-0.0001813778856859695 -0.0016868155150680428
-0.0008988277389907608 0.0011985505739668522
-0.002337658448793842 0.0021443229862769067
0.0011346815433388795 0.0011777926387519927
0.00014314793364831146 0.0018165253241528361
-0.00112304467612365 5.906732760100661e-06
0.0006865353479618373 -7.471248626346309e-05
-0.0004766286827596663 0.001075034164001971
-0.0007089887195171924 0.0008913439888732758
0.0005309425607975025 -0.002303584748129003
-9.97269036507545e-05 0.0009501202651357798
0.00019186399041050308 -0.00014456174263164325
-0.0019281064444873594 0.00043831860756785544
0.0009494735202997219 0.0013919716173100075
0.0003753185511889226 -0.0006309836329981606
-0.0003965451262290512 -0.0012139780379506286
0.0019184388251764733 8.69942464096579e-05
-7.338521413687422e-05 9.02474912458911e-05
-0.0001240095438741284 0.0019915104882734483
-0.0012415802554605916 0.0008275897730476591
-0.00038429888968659245 0.0004549602559470199
-0.0019199258525485052 -0.0015780498868685638
0.000537873498492969 -0.0002717097677874076
-0.002652714015265563 -0.00012108997490634437
0.0019192262639986144 6.927689440000869e-05
-0.0016078466790609906 -0.0005875007081676839
-0.0007617403903545209 0.0005112086248829808
0.0019547210872566285 0.00036792867157711435
-0.00048241653031483875 0.0025813215172702866
0.00035149046334484886 -0.0015464949652697726
0.0005679842979218159 0.0003441497405827544
0.00018233374143937858 0.00010502304252928485
-0.001149466911037775 -0.0017851289826929114
-0.00305421151817139 0.0014214735219497355
0.0005432567664492446 0.00235291742078565
0.00044292408833061857 -0.0006374279148990086
-0.0012604966978655102 2.3008489634857027e-05
0.0021649571041489394 -0.0008023104678230936
-0.0006559753683573874 -0.0021485798252531187
0.0005013089246519516 0.00019969144341313222
0.0015819069259651595 0.0007004766799817691
-0.00045745161411167687 0.0010063731286108367
-0.00025348725401140376 0.00044427559094736943
-0.0007970983243625479 0.003674126923142235
0.0019110088816896539 -0.001751248281276069
0.0004882145388494817 -0.0011783914154495233
5.587572678593611e-07 -0.0002689434207073262
0.0011257841309252688 -0.0010757504021215896
0.00026807087996124225 0.0010606563643061292
-0.00010516398842493696 -0.0011585759421846246
0.002064050048878102 0.0014043735179802663
-0.001690992093287025 -0.0021589916147636353
0.002367848432448154 0.0010465781538569242
0.0006266490302427414 -0.0009297817756119281
0.0020725762787902084 -0.000907186316699248
0.0007864423001178051 -0.0009842537780367772
0.00016795764484450843 0.0002935009357772874
-0.0014930541384735995 -0.002049921277461808
-0.0003652833260988704 3.8165152166230515e-05
-0.0005643986016292217 0.0006097068055649659
0.0018781058078791422 -0.0008508747279519674
0.00168788465701588 -0.000764474391518345
0.0010725775156613633 0.0002954559422136207
0.0001433708712433031 -0.0004738520200914643
-0.0006338261467436114 0.0012514310843772815
-0.0010696289350161446 -0.0014570095860980687
-0.001449719501401425 -0.00031520516337007814
-0.00014834380103767776 0.0008422837528099208
0.0008674761967121757 0.0007544544237504803
-0.0025436838303614187 -0.00018843112939868453
0.0021897279430745336 0.001056258427448385
-0.0019886501443966875 0.0009495952949314405
0.0007615278018403376 -0.0018307558860680014
0.001535066892262233 -0.0012664668642548942
-0.0014632365134852783 0.0007377326803134607
0.0019924235564491447 -0.0009675172618654699
-0.0005046898678730725 0.000298254735447558
-0.0011022334018737816 -0.0004829699530439182
-0.0015074288072533808 0.00048249481447372526
-0.002209048220312774 -0.0011377345491199065
0.00024132649504663784 -0.0010072687891567289
-0.003789608497572368 -7.707678715614218e-05
-0.0006387483097290761 -0.003292966186890261
0.000413340668969737 0.0026543178372119454
0.00031281992714691836 0.001728007879576554
-0.00024092767547256684 -0.001069330865026155
-8.520908911677035e-05 -0.003172547637827139
0.0002614903435907553 -0.002638849922588948
-0.0013851547852721108 -0.000752672560669632
0.00029673159404720265 0.0011157573493599708
0.0010514727483821715 -0.0004661246397056812
0.0010763682778662774 0.002354624051810595
0.0015863702919406157 -8.276783114915548e-05
-0.0001809766722228188 -0.0015546049020665493
-0.0011707377348234677 -0.0007236354891311933
0.001077068027391585 -0.0013378563764972107
0.00032909667797038493 0.00033552850534916174
-0.0012795901645717923 0.000937962949865178
0.0008560842230120467 -0.0005850605501380036
-0.0011087248697653354 0.000585770107932011
-0.0037355572486834853 -0.001362728247489162
8.947463181474224e-05 -6.964158200812455e-05
8.287062835181956e-05 0.0009609582832789144
-0.0015292442165721874 -0.00020439414807572559
-0.0014299170821437518 -0.0016167468127885863
0.00013967332219477367 -0.001428217084888466
0.004824856884772872 5.910888776552194e-05
0.001551862576237958 -0.0029733792878199787
-0.002135689346022624 0.0010027419785760088
-0.0014334158917415638 -8.954348551318355e-05
-0.0016868208746300963 -0.002062850862108762
-0.0025225276604441587 -0.00024014258402218667
0.0005291449313343549 -0.0006677893256255541
0.0006057101759945441 0.001102738725509399
0.0010953417041325228 0.0012539514452690654
-0.0014323273901788547 -0.00034129108611763117
0.0029191865312199012 0.0022638437987356217
-0.0014648630212519686 8.158213737771236e-06
-0.0005973974996569995 0.0017598786042259216
-0.0015544512204182066 -0.0014550651373758485
-0.0024417600980954314 0.0006860538347931714
-0.002884329491808962 -0.0020639295270951817
0.0009643855102371111 -0.0017710801806779238
0.0008983924929737637 0.003718368680625711
-0.002606879498248933 -0.0010502727122833192
0.001454101944763368 -0.0007659897935619093
-0.002173248682050106 -0.005385796358326055
-0.0002624677774216796 0.001887157020725579
-0.0001718806112844693 0.0022462720402570803
-0.002523102429655939 0.00049079001712116
-0.0002214839024747489 0.00019093562064549907
-0.0011196144750383506 0.0010957255890902842
-1.2253521681774063e-05 -0.0029482449960028163
0.00010770021428773208 -0.0011152617784190141
0.0025765824146708654 -0.0006240694265427562
8.127399772969844e-07 -0.00017649017702293978
-0.00022065342184487204 0.0007055153953608409
0.0011364488887204841 0.0007683447560370971
0.0010630774497238163 -0.0024864739035155093
-0.00036240576951023125 -0.0032967199482532785
0.0015637167422141956 -0.001878921456604488
-0.0008442601252954881 -0.001751494229435241
-0.00261256370749498 0.0008624735487679598
-0.0016421902024939148 0.0025927708077030476
0.0001406915792803968 -0.0011196461338745037
-0.00025758285667540874 -0.0008022778348858121
-0.0009191124638130613 -0.0012266544394398272
0.0013619991722571335 0.0006368412649842807
-0.001721254654851041 -0.00014819630314123275
-0.0015284856855927109 -0.0006646436586559143
-0.0010702961101060403 -0.0001584779687714587
-0.0006073356724266086 0.00048001485632751775
0.0025104524379586097 -0.0006302527540074977
0.0008163330136307545 0.000231433957532124
-0.000962379374259515 -0.0009433821990784735
-0.0003512855506253585 0.0023665780780105466
-1.47511484855287e-05 0.0029362998290836224
-0.0007258484165599745 -0.0007534871738652393
0.0003468560037556686 -6.918037476295731e-06
0.0008546652773371251 -0.0006248176693006326
0.0011573162266519154 0.0007241074191995651
0.0024151966369960016 -0.00028855753097907353
-0.0010127406534836297 -0.0002788680547611604
-0.00208527603892008 0.00044795670490407826
0.0019297398889225907 0.0003038882536196548
0.0021834044556822145 -0.001016454690604324
0.0005135568266110643 0.0009305023140541083
-0.0008118937542063876 -0.0016356528437273662
-0.0010731855051918319 -0.0010038065142547645
-0.0011657377546142858 -0.00012817775967359943
-0.0017931701622567035 0.0017680233406205284
-0.0002526600364308267 0.001044054303949892
-0.0008744302366851782 0.00043505477835400504
-5.4881828387407205e-05 -0.0001745468280608599
0.0014236682171952712 0.00020994430019830222
0.0003832765885908568 0.0008359089476076092
-0.00041752270831520795 -0.0013894368226598866
-9.329054334931935e-05 0.0020402484074708576
-0.00031244392687725244 0.0008132812136216604
0.0006112024235760562 -0.0009090273284505182
0.0012968192688367771 0.0008931004180376015
