0.0001467191988564371 0.00020917568361792735
0.0002331565539622028 0.0001488391186154922
0.0033844828326269434 0.0008295249403958431
0.0006952197269085722 0.0006120746909668866
0.00191402285809442 0.0011424287682110052
-0.0013559018129747497 -0.0010246936314383481
0.0017167946180875675 -0.002191775835266962
-0.0008390211867452848 -0.00013374823334721237
-0.0005136675432245743 0.0002859240814559529
0.004402313726732458 0.0012613006558785805
-3.153481273586644e-05 0.002680489767433134
-7.699518223241348e-05 0.0001072172472448554
-0.0006425341289856454 0.0005632503534270556
-0.0025005717870895186 -0.0005637560792942809
-0.0005450793300951622 -0.0004750605219624919
-0.0003800206852968778 -0.002264740307813122
0.00012082443272019894 -0.0011983692265400579
-0.0011096105788597967 -0.0002555506943000412
0.0015972809148395758 0.0021875483174526454
0.000358327463607099 0.0007559642239606218
0.002096651014342168 -0.0008069652062410824
0.0013498959978753388 0.00021284383233227572
-0.002121493691389562 0.00020585208119130896
0.0009161088890392768 0.0004884039281388579
-0.0023552897310668906 -0.002266994938563781
0.0007259800965663497 -0.0021616886499695536
0.0021252500838695692 -0.002063044135899501
0.00217765427276977 0.0002788933440093375
0.0005917221249444888 0.0028815083875245503
0.003292677757553039 -0.0022956073204718924
-0.00031629201532175106 -0.0012516645998174025
0.000306077673992088 6.452126038511724e-05
-0.0010849369669225378 0.0024409429148718443
-0.0019172746546038952 0.0017580414289652658
-0.0014530913282257013 0.0007318610352144666
-0.0014092756410230963 -0.0018320727810639237
-2.8957777932808328e-05 -0.0005706486865593446
-0.001451890741122388 0.0016221016733872166
-5.175080836661e-05 0.0006793606916532675
-0.00179239937433853 -0.0004420985336179258
-0.0014298167553925567 0.0002512083003628939
-0.0010294364568151457 -0.0023289287896283884
0.0016419516561424633 0.0030954682541742148
0.0009628475498909564 0.004152914129781296
0.0011091954620024481 0.00039315033460750884
-0.0014619858503770614 -0.00048580185573956483
-0.000958399088909392 0.0016832931389382081
0.0029832151339581306 0.0008647458234379909
-0.0019333841225662324 0.0016316784760710672
-0.0002803433216952096 -0.001699246000306039
0.0006905672377613045 -0.0007995426768412122
-0.001979617009419661 -0.00020131679291187998
-0.0003813745649297747 0.0013896887025612082
-0.000862043402366786 0.0005469777635833984
0.0005765865058962379 0.0004567096277945445
-0.0013611058922668898 0.0019837443838062784
0.00029108612552243145 0.0008938650533858792
-0.0020052757034718614 0.0015712911129308026
0.0016188467547595513 -0.0009995825336215657
-0.0026544660488756603 -0.0005742354268850547
-0.0038601987932513626 0.003984301914949617
0.00036209367127170436 0.0010555852130635266
-0.000332445622909301 -0.0036060044847584173
-0.0004778337920429938 -0.0028490806346039323
-0.0009011570911391622 0.0005735003359719506
-0.00317262406372631 0.00016708394881788334
-0.000990059790066025 -0.00305089115929383
0.0019560390034882077 0.0031257633555860148
-6.846242984536429e-06 -0.0002952850197159895
-0.0009416294201471085 0.0013163346894692288
-0.0006385674845211968 0.0038473869590271753
-0.0020065481657263883 0.0013559050239321092
0.0011400374877697963 0.0006227256375324568
-0.0001963311906147089 0.0017622478301117547
0.0009972219909188524 -0.0032315358108019414
0.0009863944645905184 0.0020724892415651423
-0.001525356132983688 5.6361224399083135e-05
-0.00028488179734309515 -0.0021637690612692174
0.0006001159251466129 0.0017265440166504293
-6.719390045271465e-05 -0.0008945385363219794
0.003267719235567915 -0.0016690060374463108
-0.0023455500207450533 -0.000357578072562846
-0.0015642518418402082 -0.0003037929640118557
-0.0016424630339281435 0.002544770095150046
-0.001630408845466288 4.632967412854427e-05
-0.0037202717200355896 0.0003595240940278738
0.0007627456381614764 0.0005873098312131861
-0.00023079454633315142 0.0010100636621681398
-0.0009441379891956955 0.0006613229330212702
0.0007184551970581707 -0.003039276317020633
0.002522025963136279 -0.0014877783437913918
-0.003782209143631779 -0.00012019269356190033
0.0015552457249794868 -0.0006711041217274254
-0.00021390857538327468 0.0017198006614621757
0.0019636851640864364 5.587214054413081e-05
0.0008507881264005293 0.0011973615592631216
-0.0006943017291149577 0.0020321568248904244
0.0011321389031826066 0.0024353763701482653
-0.0006888996380765454 0.002211512611128961
0.0002361288729252331 0.0004678047263966161
0.00017916987244615286 -0.00045588045743945625
0.0021110696377393823 0.0009201644615710826
0.0011098311294545984 0.002353768779906838
-0.00032187020788740323 0.0021916942936982325
0.0008134057234621737 -0.0012089876245366972
-0.001855479559030026 0.00046817509081913757
0.001153395357851918 0.0020320453927550356
0.00020542571698325032 0.00044943695623128675
0.000216665540194258 -0.000905679736854669
0.0002452853780822937 -0.00013817751017542137
0.00011730212501756891 0.003282692589749796
0.0004891690630432065 0.0016476131716502403
0.00020559532333006578 -0.00019721005112969736
-0.0006290664329914305 -6.830183709247327e-05
-0.0014454185698603889 0.000480526623899397
0.0023887405762117882 6.780980503028164e-05
0.002092252684523278 -0.000864442495555017
-0.0006114299830738092 0.0011625246310844294
0.0003413019533579102 -0.0012692991445411932
0.0010322105146311742 0.0006544134612022655
-0.0007680342068014966 -0.0017237524165322124
0.0031594778518174325 0.00018072219148530002
0.0016251638039824288 0.0015303490504980104
0.0005918013114710135 -0.0021743738246877134
-0.0003397569193815246 0.00016370922546799597
-0.0012325459281781787 -0.0005248078623235365
-0.0028788562026656633 4.700145349394273e-06
-0.001256404901954854 0.002227072738640176
-0.0012547026792810543 0.00026994077349427344
-0.00017090770175718444 -0.00011904488463938165
0.00012071657231188179 -0.000652024161807695
-0.0005178556813855434 -0.0015961573904500399
0.0005502416550886359 0.0024834356868069373
0.0003926177927030681 0.0010384077224847525
-0.0015492900976629132 0.0005930367363547003
0.00023164300427360398 -0.002468950223088613
0.0012363343538554915 -0.00023804874299464184
-0.0007585209430148221 0.00037981956430313644
-0.00025602291900781273 -0.0008078587847793915
-0.0029998038401096556 0.0006696732851868025
-0.00036661833703522984 -0.0002241189416173918
-0.0005905884685792935 -0.0016299296212434373
0.0014061178766255455 -0.00036699416207924574
0.00020182241531696492 7.22901367308681e-05
-0.00038371620634542185 -0.001973756849642616
0.0006775028392504179 -0.0010910439138554237
-0.0016591439626632916 0.0011016088577804595
-0.0010066356934939657 0.0012827724459243102
-0.0014238643339562376 0.00037814695558307723
0.002440841460613567 0.0014850949526692956
0.0005088525839399711 0.0019838572445389896
9.583354068413452e-05 0.0006437399732067222
-0.00019096205526202613 -0.0004620888392153309
-0.0004346505698862625 -0.00166025813005876
-1.4495686196519012e-05 -0.0006988476990252791
-0.0005866855482325247 0.0018111153760720963
0.00035843594313079313 -0.0017221921745721484
0.0012856510753150203 0.0008090309650551018
0.0014239522684428348 -0.0019351695053068056
-0.0011109252715567673 0.0008981886875375532
-4.026172957131608e-05 -8.395754338153407e-06
0.000534588636398427 -0.002376362612948398
-0.0003634891748529352 5.8840615793698055e-05
-0.0020851095003453645 -6.198170169836916e-05
-0.0011737560984806266 0.0002867121156241578
-9.615678710514208e-05 -0.0019829199038618526
-0.00013910968750893438 -0.003117787722256892
-0.0023242588974414563 0.0007259122529058268
-0.0004017596357132032 0.0009579451607653439
0.00030507386105801937 -0.0007650659475497873
0.0009033182723477991 0.0010012008536633434
-0.0006597327202705339 0.001252929987505533
-0.0016781944979138539 -0.0008288440003733247
-2.1042577908608808e-05 -0.0003341289813443917
-0.0004568578563631897 -0.0010385259223548767
-0.00032625370107318847 -0.0011477220895884685
-9.07404674707582e-05 8.92703724855849e-06
0.00023489144709593228 -0.0017835848942690065
0.0003392488703297971 0.001272164938009561
0.0006832234366234678 -0.0007539466497524643
0.0006747337076413744 -0.0023308947767677318
0.001252436538327435 -0.0014811721398764286
0.0012982638340418627 -0.00028798574998147513
-0.0008536571837568943 -0.0009507204554126086
-0.0023607962811515947 -0.0004077311979454504
-0.0002527919834320048 -0.00034308315812485484
-0.0011076329292608656 0.0001318667073530749
0.0015610316627044424 -0.00041036786753618414
-0.0002989084261525814 0.0009789595103618881
-0.0003322630007693731 -0.003106088186905743
-0.0006807706584042345 -0.001213481653588863
0.0017751322440079545 -0.0017548002994852115
-0.0011402893666189523 -0.0008129067752872149
-9.516136884924418e-05 0.002472626215552722
-1.7152395382027737e-06 -0.00036056969767536825
-1.9523781769183635e-05 -0.0013006405956998896
0.00035711784388803747 -0.00027223017047827536
0.001220531433938233 0.0014053760814241954
-0.0005537451517360762 -0.00044995147563666783
-0.000146416498003661 0.0014877623737358883
-0.0026060225386124528 -0.0009324162694192662
-0.00044224554794635503 0.0005746666395459764
-0.0004833376495727641 -0.0004529832475076778
8.166936632121703e-05 -0.00013042544851149385
-0.001416097422104911 -0.001469449225746682
-0.0007667340438155286 0.0005945019661065216
2.7871893433919743e-05 -0.0015473385446098822
0.0025791280526759074 0.00041810356458365995
0.0002437864422064693 0.0011469053342123051
-0.00011046466695402608 -0.0010719062346513718
0.0007036295121476587 0.004135649099363043
7.471053540047295e-05 -0.000150820535111361
0.0016174298136851005 -0.0024928572393800134
-0.00031481183955478953 8.069279461158942e-05
-0.003517710911340486 -0.0009120646973283064
-0.0003177275336995974 -0.00048346623851230804
0.0025363721179457437 0.0037475795836876048
0.0008516703088867791 0.0009335637671000446
-0.0010616975813299027 0.001216191946126864
-0.0012923867120282588 -0.00111647693873804
0.0005348316673331858 0.0017139115653918128
0.001386191011655606 0.0007792258557136176
0.00028174415399369465 0.0006376517655410573
-0.002257510057758266 0.002883119708947966
0.0007214826192293124 -1.0620875783439847e-05
0.0006974446655300531 0.00015069425996799612
0.00035305460795629956 -0.0011007942277183982
9.175430701771312e-05 -0.0011795067484456508
0.001378742473216772 0.0012100948410981058
-0.0019036682379294338 0.0010985968291635374
-0.0009364614029063679 -0.001619118322055254
-0.0010689796745027814 0.00042405073600442254
-0.0007206726014015786 -0.0007438012775600642
-0.0009758968013515564 -0.0018594678884299512
-0.00046252281324312664 0.001491453130649571
-0.0006122029449143359 -0.0027274668777095387
-0.0003426833978477173 -0.0005026822309190621
0.0009126863083921318 -0.0009869668878932645
-8.325648512835798e-05 -0.000431101524784264
0.00041201210498905257 0.0009539965465518781
-0.0001037216634949521 -0.00030936068728786985
-0.00016736210921417704 -0.00014667536826534254
-0.0001592630372429693 -0.0010059998182880522
0.0012651129884930052 6.292844100740242e-05
1.0610377911687312e-05 -0.0019565950225734264
0.001687506583249132 0.0006574656912255147
-0.0021990273573189805 -0.0030030453456780515
0.0003881865479536969 -0.0017774955322637479
0.00010708961424007997 -0.0013393270553004614
-0.0015417556166489178 -0.0011780243732077698
-0.0007991354649681682 0.0004681154603512951
0.000585160105147079 -0.0026932895545472503
0.0013183151249679772 0.0014089294800426247
0.0004993705509237915 -0.00015366658094637505
0.0018102376755565266 -0.0010132040413376921
-0.0008119018310091121 -0.0004436572887026755
0.0004975574367145089 -0.0006514322821675718
-0.000311140478020172 -0.002795266516241719
-0.0005167164939142515 0.0021967953035826756
0.0008149946303518554 -0.002067338768404486
-0.0001584477087009543 -0.0014498963125377097
-0.0016245338515089658 0.0017648840021092208
-0.004485535725166452 0.00063028611874341
0.0009231268431588549 -0.000724158294272581
-0.000936613380557369 -0.001618809740884264
0.0007269151487692319 -0.00030954592989713075
0.0018358142870633896 0.0010567071131915658
0.00022375563655774877 -0.0013555878365319252
0.001073751290665234 0.0011792249744557509
-0.0002156211414065306 -0.0018126290357010349
-0.00016639296752637135 0.001710966289261247
-0.0016869600390308978 0.000436930256388756
0.001246988599854383 0.0008710528946981775
-0.002466453440580447 0.0016076655427365487
0.0030211954827284427 0.0004761466371329361
-5.537387977098536e-05 -0.0006318407429195231
0.0009178380115589622 7.006120113073135e-05
-0.0001339436475268207 0.0024667631470929926
-9.671739609800551e-05 0.0010099916790138593
0.001163674876687406 0.0012654194384541387
-0.0009467023407955183 0.000958842370775583
-0.00046393300529629344 0.0006444108258388851
0.002648796249181499 -0.000928991069930705
-0.0001931117410278078 0.002452863059543226
-0.0016008356746136955 0.0005539474047633062
0.002293662448971076 0.0018611190654446413
0.000649552454840665 0.0002626112375234672
-0.0006109407947432303 0.001996121880020154
-0.000877255645760833 0.0012340851538950395
0.0001310136378560289 0.00017662259545110967
-0.00016751039522554665 0.00047657580376804265
0.0007131179552546617 -0.0007903856963225172
0.002145465462218958 0.0001901824452903516
-0.001076793726168843 0.0014788294102841626
0.0006635347307261556 0.0021545855407826475
0.0034847781988895867 -0.0005336188057877607
-0.0012200027885279478 -0.001383650509218189
-0.0011105578585239118 0.0014025277179834977
0.0016894148865472369 -0.0011303850120482485
0.0007359880214828873 0.0008003985989330232
-0.0002356398760190865 0.0008897601392165497
-0.0011106990242330521 0.0010294865154033058
0.0004522096755435434 0.0007069098656488221
