5.950367671682915e-05 0.00011098591225190979
9.402459421421675e-05 0.0001676782807674295
0.00230031073552298 0.004603844435827256
0.0022189248648608354 -0.0010360198378730212
0.00303664554434524 -0.00046696741621576036
-0.0006882659776272976 -0.00034798116504287534
0.0015465900171106322 -0.003957289139519894
-0.0018469209643090308 0.0009558704161012798
0.0009858755687168876 -0.000334204827177902
-0.001623089129710294 0.0019543075980372306
-0.000343586177623993 -0.0013006990880466158
-0.000574834177691248 0.003897526772297574
0.0027428578476084917 2.3249698746454432e-05
-0.001259172699382853 -0.0031102955378682967
-0.0025417844399950504 0.001535893314115013
-0.0009158583711078758 0.0005396822873392264
-0.00040196147414149283 -0.002068590461230548
0.0008459363258967341 3.642855003593964e-05
0.0008936594433898857 -0.0010240000727943259
-0.0017451882174219172 0.0006251414396802945
-0.000736005033862173 -0.0012018447784357949
0.001493484482886728 -0.0003116568629721995
0.002455453479537282 0.0005314577029807586
0.00010238221708874708 -0.0002950942561265487
4.23723095658588e-05 -0.00016203201166019126
-0.0016658075211674242 -0.0009642031417629237
0.0033665953736680258 -7.851529373826836e-05
-0.0019467217198023432 -0.001386800337870609
0.00012242882945188166 8.76810690068784e-05
-0.0018958920350992281 0.0009670535241493391
0.0011834066398275372 -0.00030714339668026883
-0.0008619778420302655 0.0004306860345782232
0.0009502577464368705 -0.00015926695293773074
-0.0013858050187492473 -0.0007022403260657316
0.002213798004253042 0.0008055671088624801
0.0006283748795547482 0.0014137668419002835
0.0005743456125796337 0.0009321657143439537
0.0011298202014720855 -0.0035686553184539156
0.0006807864799170623 -0.0011863455627538913
-5.3721636265621776e-05 -5.320475235953048e-05
0.0011696455601234977 0.0008992395502763406
0.0028757903981136263 0.002281173715297202
-0.0011414200151259402 -0.0008207447154033655
0.0010590213521286702 0.00147858762997819
-0.0019554153523159822 0.0006099319528266116
-5.03770902946086e-05 -0.0019159315270807836
-0.0004042921729017398 0.0008934693903290992
0.00024627734305687234 0.00121700642063544
-0.0006905775272741018 -0.004433909038182675
-0.00013721334166930745 -0.0017823333981616533
-0.0006231634036147556 0.0005700343014094619
-0.0020084676984631184 0.003143725130151475
-0.0006544335133145509 -0.0012207661287359968
-0.001941396102860707 -0.0005114091511039896
0.0016670397351839187 -0.0016965013920615072
-0.0023777765226621265 0.00047159356941913974
-0.0012449960318862072 0.0002366337753460487
0.00024367943518098368 0.0006895912660922521
-0.0017404620489212116 0.00033116043458620214
0.0008805588093930885 -6.838968892188551e-06
-0.00012140695939179022 0.0004216804394684097
0.00039053636926438744 -0.0013880552271274907
-0.0004301851167657365 0.0028016391580453475
-0.002835776809511214 0.0018624906957564861
-0.0009930599732787578 -0.0017609249201374195
0.0015729238375853296 -0.0017204567724102987
-0.003731289227028376 0.00260129632488539
0.0012055417867255082 0.00041368501892837656
-0.00012422309174383957 0.0008470571994353786
-0.0010767891960298088 -0.0020998697479649646
0.0012583107601550957 -0.001331290237779028
-0.0001170249051000914 -0.0019778759503140866
-0.0003847302705038454 0.0005508470620838866
0.0025824456578390134 0.00034298346775445756
0.0027151163448661322 0.0008236026586924518
0.0006625359091834835 -2.787929517010099e-05
-0.0011813552572859185 0.000301029950296975
-0.00048437679622698074 -0.002216732762182092
-0.0013649727480044979 -0.003213748465474211
0.0012505878261894205 -0.001550770904565741
-0.001462108649180519 0.0003219206977676696
0.00061493662074218 -0.0006813159415320958
0.0008789661016959082 0.0024483156136633545
-0.0007706694081430304 -0.0024645454552185125
-1.4385898748346521e-05 -0.002906895785781466
-0.0013682768049001685 -0.001275098923806561
0.00042207974871023114 -0.00042097375824439056
0.0009942694748334105 6.227320285772654e-05
-0.0017021466814150926 -0.0008158317006816243
-0.0012896048723527451 0.0010611972329427758
-0.0011055081168733286 0.0009629744323349328
0.0021364397733954457 -0.0007025461276855202
0.0014100386871108083 0.0011872945896050546
0.0006472138315717929 0.00127809422795875
-0.0008210930897653332 -0.000678391305616896
-0.0012287242616423357 0.0009065799895189918
-0.0015422376206140787 -0.0006639373874981533
0.0013748346486859517 -4.2250398399480336e-06
-9.040469360781812e-05 -0.0021940547995590604
-0.0014192252890131896 -0.0018624255523426423
-0.0019473519293293931 -0.00018437269940453708
0.0021110873157709135 -0.0009101681321403744
-0.001265456831687052 6.0592535654752276e-05
0.0011199838737910972 -0.0007253946271386233
-0.00011012860543966805 -0.0015893353354302356
0.0007144983270253224 -0.0011099630720783826
-0.0016780298313114682 -7.410628943771965e-05
-0.00012832145107714063 0.00013021778318689274
0.0004487055771131164 0.0003210618634397069
0.000695861523310194 -0.0010763925654724915
0.0004008841067252449 -0.001932812134859111
0.0004023472839371024 0.0007845016164786421
0.0014844118174362738 -0.0004303029023269209
-0.00010043243311133921 0.0005662075359955462
0.0014677361825748247 -0.0018807095088776225
0.001517441276999722 0.000742531562212111
-0.0014408142249754737 0.0005216923863044404
0.0018511945884112763 0.0015156535031197638
0.0001279469356006754 -0.0007948648346745644
-0.00019349214167393674 -0.0002495921067815331
-0.0005415967513125907 -0.001991780708085406
-0.0021688694626622357 0.0008292710870265182
0.0002907707006444722 0.0003417000388651929
0.000365666853844499 0.0009775651390680254
-6.287411232086846e-05 -0.0017710209090036342
0.0003764894212567895 0.0020875852906731157
-0.00031764545789604207 0.0009376909454816079
-0.0015684530197663939 -0.0007872506122653884
0.00037030676934445304 0.0014967351342447387
0.0005610059801027719 0.0004650462420745028
0.0017947578657951085 0.00038765019720214835
-0.00038335644226708364 -0.0014907212574719747
-0.001372342145928747 -4.4142069192849806e-05
-0.0013547729918826422 -0.0010398260459028698
-9.924111020753692e-05 -0.00080755769621922
-0.000278105028257213 -0.001812822147039372
0.0007269810296666119 0.00042469591416288645
0.0012824093987680442 -0.0003593215682731744
-0.001736841255395481 -0.0006340332766913095
-0.0016620170852241847 -0.0007542743759195177
-0.0017470438654627778 -0.0028774473896852216
-0.0010394646518336428 -0.0005555676950334645
-0.0008583687896361422 0.0019074360706445744
0.00017282424236833785 -0.0018340988519612057
-0.0007163906708340199 -0.0006991420106808675
-0.0016523351530117244 5.204554124081461e-06
0.000562302848323098 0.0010200329278277306
0.003176365186844122 0.0020850441544420857
-0.0016131179750783968 0.00022085586172718337
0.002041912479179382 -0.0003392233637187724
0.0014242030766704922 0.0013879503269325483
0.0007084177213543007 0.0005085639753246602
0.001447657452206863 0.0014143499472139105
-0.0008365362701653632 -0.0013497844675499553
-0.0006386905109259272 -0.0007697624539193982
0.00022908360902662597 -0.00226061183480034
-0.0016598230107060285 8.527479956225203e-05
-0.002147741631314999 0.0007303696339676263
0.001435193916017896 -9.778912314997663e-05
0.0010617071767827881 -0.0009329611441550906
0.0032143763349189447 0.0003246293645586088
-0.0020281681619752057 -5.418309944816154e-05
0.0008695334598714288 0.000831896571160879
0.00041894529770453447 0.0004279063580090662
-0.0011640911133770232 0.00027323951679607505
0.00022642022064753143 -0.0009702493547352965
-0.0031869888397907005 -0.00170851898209625
-0.0009729048484484828 0.0009291690107313137
-0.0001298891741318512 0.000986782932112775
0.0026339793223548492 -1.9808608320079987e-06
0.0006250479663498839 0.0008808296792273205
0.002400988276296333 0.001422456309301395
0.0007962672159887326 0.0004711825270897406
-0.0002846364887721167 0.0007463677118062096
-0.0026345167531286627 0.002348947282927622
-0.000660757232148194 -0.0007313202943841718
-0.0014795560250797223 0.0016138866461116333
-0.00020009584084271315 0.0009988383197089958
-0.001946723240630305 0.0001506860920790261
0.0024933386571244563 0.00021381774072805137
0.00037154903644344157 -0.0024943543729421787
-0.0010302289968067186 -0.0013326769492303244
0.001116363958794822 0.000963721568656527
-0.0018214046898229923 0.00023562404577184918
0.00039205244931197846 -0.002241168702364159
-0.001631777392484034 -8.472526884673924e-05
0.000775149154365244 0.0005609583455682893
0.0008263445816471944 0.0007789845780417626
0.0024019243061776433 3.381489397747633e-05
-0.0019020529352572822 -0.0005946104019491273
0.00022694011401712432 0.0002906931346950077
-0.0006750427410201495 -0.0002484931201343881
0.0008422472296160513 0.0004633536536051677
0.0026498691299518466 0.0006923647993232221
-0.000543649531060319 -0.0008850066211886399
-0.0010485255361826317 0.000256660893612825
0.002169386038957973 -0.0006987140315299246
-0.001395242879394853 0.00087920070630633
-0.0005182542505248195 0.0004823692196543154
-0.0015840324063232363 -0.0007631256407005728
-0.00013065921325966084 0.0009837156999235907
0.000290177276051511 0.0016573313166483455
0.0010017191300913488 -0.0006625007430669644
-0.00017888926377715789 0.00010761123945639576
-0.000883473967149778 0.0032427789377742224
0.0006143903020504358 -0.0012400237788373532
0.0005220567812673961 -0.002849651055638442
-0.001347922178639559 0.0007653312818030523
-0.00048359677232655724 0.0007226679819284749
-0.002202349026598324 0.000375100709137995
-0.0008979763070533878 0.0016525202685776738
-0.0021385129862243933 -0.0006782917918599627
0.0001544818172231449 0.0015755700985318644
-0.000548496751687684 0.00021299571034110595
0.00029616338166454605 0.0016318941735919935
0.0020376295572451463 -0.000864791322000742
0.002683747024008489 3.16012080432211e-05
-0.0008203292033514863 -0.00033888476208031434
0.002157741787710508 0.001425370452729578
0.0013687215186933218 0.0015688433528407235
0.0008611312156035428 0.0014711448503701254
0.0028759711154691166 -0.002934750576336192
0.001481503603073412 0.0003674966428584797
-0.0009567700781579252 0.000411031497854318
0.0006248518325347169 0.0014813119859147397
0.0018570666400792432 0.00039949394692432466
-0.002504404811793116 0.0012196902562551072
-0.0008105860718026141 0.000142157892211117
0.0036975488191830857 0.0011065067811589714
0.0029874801490074343 0.0007074587819684686
-0.0012472373819603973 0.00148916558127934
-0.0008925866384655748 -0.002626206573347686
0.0015278099844821887 -0.0028428171713895615
-0.0014400735140095552 -0.0008808107192893915
-0.0023764752358667617 -0.0004183415584945102
-0.0002956708485009173 -0.0014018120534119416
-0.0008661690389331097 0.0011870082689412022
-0.0009327420816819827 -0.0013842522521664772
-0.0026934871008542534 0.002106784743804811
-0.0017822688851078371 -0.003036071527825989
-0.000175978199776147 0.00012342653539198893
-0.0010800504332813478 -0.0006105793834056145
-1.1803363252753398e-05 -0.003149481295310456
0.0020505471273191745 -0.002142583232559715
-0.0009156720238067387 6.219481709826822e-05
0.00018304988590819003 -0.0005305071212050182
-0.0007923231652923052 0.00015318878397367557
-8.594394111848643e-05 0.0018879037418440938
0.00019825643969964787 0.0016369620379308612
0.0005474657471706696 -0.0018419289316748693
-0.0011198944032600276 0.0003199840896657351
-0.0010496137272796352 0.001769294109522819
0.0011302146610813557 0.00017023337374279346
-0.0005548618129655858 -6.620463834740715e-05
-0.00041954990024869484 0.0003924646994953056
0.00013377085561690948 -0.004193925775610785
0.0018297753622186386 3.6434099942583567e-06
-0.0007474043473520836 -0.0012054274107234611
-0.0009124710997014446 0.002063491459507024
-0.001701015875930925 0.00019780220093009023
0.001067284214404638 -0.002066900038546968
0.0021367958576417987 0.0011308826943797427
-0.0010358569387737653 0.002210073494132111
-0.003437095511770016 -0.00211191787671669
9.610159664582355e-05 0.003120975960527316
0.004221091274077879 0.0013519225220022693
0.0016981794359786418 0.0004913333246223605
-0.0010226422178791215 -0.002455667695915313
0.004402354591637998 0.0009445630258067293
-0.0024716778752048156 0.00041616908241568195
-0.00212929639897096 -0.0014777481729481754
-0.0008277430462517847 -0.00243770308315486
0.0020351115499217805 0.001056263714474667
0.0019722966267691935 0.0005338201742670031
-0.0013127736188608679 0.0011103566614761168
0.0007866661848013565 0.0025980217997515786
-0.0011761138213305582 0.0017627255916645714
0.0014326106403425764 0.002514707622457565
-0.0041795546967253235 -0.00044750545536140755
-0.002029064449681307 -0.0014937206946796324
-0.0009401423823614962 -0.0016101921876140164
0.0007950418696588979 -0.002558444309033175
0.0003454040456888396 -0.0011278029903653802
-0.0016393298317346902 0.0007311884180751474
0.0009174650812207649 0.00197637128183362
0.0006206204039831109 0.0031300060472023586
0.0007818992945180023 -9.889227765854937e-05
0.0009497658215930208 -0.00048503873592607147
-0.0007264730037611746 0.0006515177960637314
0.0011320308581684018 -0.0028859084374655737
-0.001967631687750154 -0.0009766720033795857
-0.0014789134135172264 -5.6490228157727455e-05
0.0019141568192881887 0.0009090730192335819
-0.0008299565231807165 0.00015204086934039951
-0.0007026232385673743 0.0015970961772707184
-0.00022198220287883942 0.0002130864253700752
0.0011076879632824397 -0.0011588906405527158
0.0009260815054656395 0.0005903479044469381
0.00011229186081529245 -0.0013955402543385017
0.0006127574896344234 -0.001884899204970233
0.001684547498624474 0.00022395004333097658
0.0008473946505142157 0.0015689976864495642
-0.0006189956026858846 0.0015904042713844881
