0.0001149569897096725 0.00013069841089261854
0.00029158219985870795 0.00016253343964207407
0.004070311346569683 0.0044056918649512085
-0.001251466320542475 0.0007156722019775682
0.0005165742655335577 -0.0024803555166209123
-0.0002217950678834366 0.0017885874719320396
0.002670860456397552 0.0029980836732650144
-0.001160566252399127 0.00151187151826711
0.0015636114579560564 0.0020847454910791034
-0.004631429855827307 0.0007422885644813177
-0.0002279159054038697 0.003680127343848487
0.000458598442536274 -0.006330525277412737
0.0005789016678785156 0.0010701354194578606
-0.0017896506406015998 -0.0002239893621583216
-0.000428077888105027 0.0019866825016295435
0.0012652028855934746 -0.0016076059594331363
-0.0009245291042773486 0.0030367484122700173
-0.002660468259495726 0.001082278965051909
-0.0011950829070812997 -0.0015649389081350325
-0.00010006009570592635 -0.0012382129780304082
0.00026982733898191306 0.0012674517878053966
-0.002424585711101697 -0.0015297235048567315
-0.0015013695510542346 -0.0004612478754054841
2.876472700717143e-05 0.0026164133320627477
-0.0025825738921800632 0.0005568187937593939
-0.0003993871365662019 -0.0009844589331794626
0.0016764222519746461 0.0012181534779135664
-0.0007794504552152158 -0.003437038470130118
-0.0009980221892333838 -9.211550366894037e-05
-0.000579958792232636 -0.0018445070118196056
0.00031596796035125485 -0.0005776936151312734
0.0013896858979142296 -0.0006770747884842881
0.0011689140379676877 0.0028755771998953015
-0.0014062570646323782 0.003004166236602942
-0.001509142721787614 0.0035417171810788427
-0.0030458606349677733 0.002726971202988083
-0.0005717112175689848 0.0007861619225292304
0.002223254599658414 0.0010277198750015828
-0.0017408898518338958 -0.0011066384496722366
-0.000628999395801203 -0.002699752369000961
-0.0010158558307972615 -0.0014376145316258799
6.272333576754809e-05 -0.0016117317553661992
-8.790353844876945e-05 0.001289446061901701
0.0018437156870589229 -0.0005917890515412867
-0.0019563495780947782 -0.0006232281265411446
-0.0008834042314466493 0.0007511765110749703
-0.0005555024813795918 0.0005098352526639925
-0.000795694297632341 0.00011538760353460871
2.5833799662465526e-05 -0.00032286889936625814
0.002219661032914262 -0.0002489286921849394
0.0003255662248523615 -0.0009920218686264714
-0.00033120160468631365 1.4589434689212114e-05
3.707937935887637e-05 0.0016944351078650667
0.002727214248108338 -0.001579977107553394
-0.0023360104790198207 -0.0013916667937325972
-0.00106229865349481 -0.0002350736019328776
-0.003417925888910431 -0.0019113523751307052
7.897223277803894e-05 0.0005024197450321484
-0.0010645478353947541 0.0014464567537157554
0.0017056878438969976 0.0008267760396416382
-0.0014035170672809546 -0.002081387015138801
0.0026473404418360363 0.0005421311847273464
-0.001951451069143388 -0.001709301160870155
-0.0024499015012847073 0.0024847331803157834
-0.0003155059460620338 6.187959721042203e-05
-0.0008808056080323503 -0.0007897488168965041
0.0011336404951033743 -0.0020946695161171724
0.0013586649732669235 0.0012629591371834412
-0.0010986319686834816 -0.000581215982885786
-0.0016694743166166463 -0.0013740065078550706
0.0035055907508739896 0.0020026484929063044
-0.00026875790534660866 0.0016804302127265485
9.478788511518991e-05 -0.0007095151929370039
0.0018696324650158674 0.0019528852193850226
0.0003165179186905303 0.00017733022898049256
0.001243965059164731 0.00023841166931449514
-0.002531678725252218 -0.001542286100714976
0.0003788213571286932 -0.000516985677459915
0.0009757412257628393 0.0019410091221248736
0.004328907259392746 -0.0019754624920766107
-0.002000904097620646 0.0008317882706020613
0.001011277670273746 0.00034366237282370805
0.00014984228263536424 -0.0008216727281790981
0.0021590265647361256 -0.0005033377312342732
0.00023436115176520572 0.0033037288998047478
-0.0002921407005696305 -0.0007400027007949911
0.00014095466639668994 0.0009890975916780303
-0.00020190583730022457 -0.0006775470598027498
-0.0013013576084241671 -0.0022271626650098094
0.0008686101819946368 -0.00194234687965531
0.0007613077489746983 -0.001799445368102516
-0.0022232081884487214 0.003041590437334212
8.643468312424624e-05 0.0011353015511164535
-0.001556186064038572 -1.678598287655403e-05
0.002261881368899853 -0.002061900705584116
-1.4504259633935332e-05 0.0003052870472741791
0.0022395304170404803 0.001288109469936034
-0.0008411328214153087 -0.0015529407778560886
0.0017403846726767782 0.0016283259056780316
-0.0018164230491798238 -0.0009960850785364827
-0.0011019349394008875 -0.0012535642789657056
0.0001321426263816684 -0.0014918385885091992
-0.0009655931298545867 -0.0006582687409612752
-0.0001342778083210876 0.0005039712737124709
-0.00029645082557345473 0.001124735725743449
-0.0008184899008996019 0.0014213572287484356
1.8903724315063977e-05 -0.0020533563754114616
0.0005709291446329076 0.00021184560212544388
-0.0008498911294082617 0.0011796915043372088
-0.00028007938438126995 -0.001411793048950127
0.00013161596704016132 0.0011212420448305986
0.0007286602527323051 -0.0002471480043787745
0.0030289034808036923 -0.0003999282930659177
-0.001236722503065253 -0.00038189046286084803
0.002613829970617466 0.0009288552644639653
0.0007885751299365572 -0.0007517831245487131
0.0014474521914960888 0.0013533787414203259
-0.00246606481061195 0.0003237283633318287
-0.0012875179144800093 -9.382111831791941e-05
0.0007071819559401667 0.00030080349253379043
0.0007483563587993636 -0.00029476506895084563
-0.00041810520944805796 0.0022322526299291354
0.001394391043646364 -0.00036692008337516546
9.397802823978379e-05 -0.00010074647515268261
0.0008562820170204283 -0.0010667728732718727
-0.0018639899705952018 0.0006042808301779929
0.00033554963508590773 -0.00016508633303009392
-0.0009003513566258544 -0.00040222858487469086
0.00020358934300851306 -0.0008282080089136025
0.0009505449617084036 0.00046054432038974985
0.001597509919776498 -0.0012694442091948225
-0.0018408321028270257 0.000978280347062331
-0.0018432570279607585 -0.0007375458948531303
0.0004364404548276798 -0.003083944260693552
0.0018438527458284149 0.00038311643206525014
0.0005428882142707608 -0.0002702354774260187
0.00039377426184804206 -0.0015699747265850628
0.00036969110960388435 -0.0006540502378441774
0.001636203457855698 0.0016324092181968126
-0.0008360645612348664 -0.0009941931859319757
0.0005504297818491939 0.00014805772837003675
-0.000818534846639622 0.0012674511940708023
0.0002559730863377696 0.00010597964769744102
-0.00010082625565101812 -0.002006772880302822
0.0005831161660137842 0.0013224371652211543
0.0004668443525291177 0.0007241998694707652
0.003181363622491166 -0.00039767117487773685
-0.0006950496460588805 0.0008887127088789379
0.0004657564081163631 -0.0009634658335496662
0.0012641828890666022 0.0005891344697328003
-0.0006157928278967785 -0.0019380254994526525
-0.000708644072790993 -0.0013552266248704455
-0.0010303127156725692 3.693427177852314e-05
-0.0005509342073283607 0.0024971536810694073
0.0004229700988854921 0.0006385874604793603
-0.0010686211279198733 -0.0009492778521038379
0.0005861897844656448 -0.001057097887598596
-0.002258366081852862 3.1102495017627964e-05
0.00044592765550975264 0.0009864877598160318
0.0022294513902574357 -0.00020408005596891032
0.0021920062750048815 0.0016524183306583446
-0.001774886309355388 -0.0008949005729373837
0.0017621304170573624 0.0013727240632160473
0.0015754918674649736 -0.002029063442842721
-0.0013066413784129003 0.0015298301602974806
-0.0003542201547149228 0.00028925526385118735
0.00041629771452187834 -0.0008739714593848433
0.0003190793410054566 -0.00016401049360760786
-0.0003462813456605024 4.589176706020827e-05
0.0014447898152029088 0.0010478876132520207
-0.00018265986547228547 0.0008602603210507175
-0.0003208066999288002 -6.28501754330583e-05
0.0030054718471255286 -0.00260791268337766
0.0009202007531266437 0.002595382920713269
0.001817390126546568 0.00016955620845066384
-0.0003890966761698497 -0.0012210333739065813
-0.0017030678425727116 -0.0001953873639107253
-0.0005462353602266182 0.00024227534073717718
0.0007179257979182208 -0.0011123528436693165
0.0015771217521427436 0.0011424241398910026
0.00038414705350920504 -0.00026029333645221975
-0.0025162218128989937 0.0014596571199149324
-0.000607295886401438 -0.0010842807128534804
0.0007968499953520459 -0.0028826381155893214
5.355998352109333e-05 -0.001078068566816299
-0.0017205896785387914 0.0006106376472622013
0.000902479516290815 -0.00029649753074329486
-0.0016789601879015352 4.971014053994814e-05
-0.0007015313201043028 1.7189295279617856e-05
-0.000271052370966859 -0.003186805141285148
-0.0009362668542360172 0.00046837228416714847
-0.0010325342768634656 -0.00014068044952220498
6.0370784957897604e-05 0.003375861057782714
-0.0009203909474078458 0.0011941669146222382
0.0009055687384857942 0.000903852873668679
-0.00042940415749932655 -0.0006218839012483529
-0.0015847801593968126 -0.0011890172670288395
0.0032825308424474504 -0.0017733705132163382
-0.00035501104466976465 0.0011215268834966344
0.001680879264831416 -0.0021260804988319287
-0.00047704708039581677 -0.0006259620042659983
0.0003844594025418867 -0.0009050823063294645
-0.0010815145020429745 0.0006357326989942959
-0.000917232944689759 0.00020686349466948894
0.00020827967293481653 -4.4398337043587786e-05
0.0015756728804229535 0.0009939584639842441
0.002382037875010096 -0.0014059849067572805
0.0005879144305085029 -0.0002580391412145471
0.0028914650559703323 0.0012605698140816307
0.00033513887223461647 -0.0014846747901645946
-0.0004018270174637968 0.0008151405720006414
-0.0017608214267951234 -0.0024534679854710515
0.0005629476086906475 -0.0010077829575680882
0.000467009732958585 0.0011467051475448303
-0.0011853190720166147 0.0014112828701738404
0.0023884287552145777 0.000457544197366854
-0.0021563379651481007 0.00044471905544667047
-0.0006976370974536331 -0.00023703640073446136
0.0016671436881599481 -0.00017868076895219415
-0.00014565861386227054 -4.836381357861466e-05
0.0005765680786223481 -0.0010868515991148374
0.0010003993706947493 -0.0001451062568775525
-0.0004584100782164032 0.0028720566319895098
2.569727014714584e-05 0.000905953239155588
0.0016043481060631388 0.0009295461372906569
0.0014029239314433044 0.002423118415930942
0.00134071781884875 0.0002927159765549648
0.00030412549802329007 0.0019845292698613968
-0.0011967900402631453 -0.0005849136247093643
-0.0007328489702399546 0.0006004782186216463
0.00013838311130595914 0.0008155343134902226
0.0016252732449015467 0.0010803701652445565
-0.00122263968603112 -0.0016435890097948136
-0.00023277795818147526 0.0011109260787834356
-0.0004923272122413925 0.0012124303218188058
-0.0006275274831103887 -0.0008494343516807424
0.001095316253289154 0.00043507579040393115
0.002202066444445726 0.0007137920311165976
-0.0008662620513976522 -0.0005004442162770254
-0.0012304003839389037 -0.00040799877651385286
0.000983989093413867 0.001563265953742573
-0.0008332618524071432 0.00019001848022464976
-0.00048664641719156474 -0.0006493136864813642
0.0003795523467320959 -0.0027448300156885886
-0.00024883052336086725 0.0013370010742590874
0.0018210000509536293 0.0006088148408371281
-0.0005652902535823791 0.0006986563198121879
0.0021253674648298738 0.0041425246525862445
-0.00017921524794630459 -0.00045609596919469976
-0.002517969160532443 -0.0004236327409583294
-0.0004450644319364888 0.0017318223784360076
-0.00015564529828296006 -0.000692134806028732
0.0017796986538632842 -0.00035754778096804923
-0.0024834539820685116 0.0001493089025290102
0.0027833679578692415 3.6573180752260785e-05
0.002360844707545452 -0.001042970888380335
-3.4614634937418564e-05 0.002843843787287922
-0.0004512756609310925 0.0004738968725144065
0.0017136687339720674 0.001979739117554163
0.000796680232714085 -0.00228158457864171
-0.0002562098462239026 0.0013031140590638996
-0.0015986617440959662 -0.0002010427055933033
-0.0030703766606742424 -0.0004379283394030715
-0.001933386610777441 0.001709446501882822
-0.0009210544373732123 0.00047355166319833686
0.0005156063985134187 -0.0016446358798398524
0.0009427009255893397 -0.0012226443605924443
-0.0029421974973494525 -0.0020946249701736777
-0.003501996509738024 -0.001208718070573486
-0.0012251828236977229 0.0011382501501068585
0.0019393296546278776 0.002948134170300152
-0.0025475792730194633 -0.0009025281043105628
-0.00036572793687121395 5.0804018902103085e-05
0.0028413244178525517 0.0016674479112112524
-0.0018812160668503287 0.0016504566481362211
-0.0007295414414131581 0.0011313355054815288
-0.00034904512576159437 0.0010800815543407884
0.0009259113072910646 -0.004495821943465245
0.0012328307063958744 -0.00044325719761599157
2.8624537079631053e-05 0.0022324726781079705
-0.0007431409351671729 0.00047896910982354326
-0.0029211100786536116 0.0009170515786438173
-0.0011039574366742014 -0.0007518600599716673
-0.0013795582254567708 -0.000981416690031547
-0.0008175294365993264 0.00027798849573917417
-0.0009910599641787313 0.0005941543154652925
-0.00044214677152745345 0.0012084457109591026
0.0007579327326067844 -0.0020939431499419495
-0.000917148984303511 -0.00023329008026201628
-0.0008783386657992594 0.0025872499837609184
-0.0033685871109866757 0.000553723381794093
0.0007546445485689679 0.0016953015074260666
-0.0003174744680111637 0.0003230505487798308
0.0007168619534242201 0.00038445314437774293
-0.001839817453530368 -0.00047147181498129415
0.0013211032304135195 0.002204220777299413
-0.001334453340697039 0.0001269570042447019
0.002439195138939814 0.0004368842103959485
-0.0010943906466736608 0.00041086568315661895
-0.000478229871288 -0.000590933532434011
-0.0006993297143963435 0.0016029642377787493
-0.0006877824011518409 -0.0004523258988755729
-0.0008822311366786993 -0.0006627782858538188
