0.0001782026239599143 0.0003108105521362406
0.00014700227073552176 0.0001249377151436846
0.004711107003283602 0.004647621462813399
-0.0022263443745176837 0.000632542086140639
0.0007902466709555366 0.0011846150284741356
0.0021439967657875965 -0.00045859204952035745
-0.002755196492743689 0.0004385475700689691
-0.004147473191026889 -0.0007014424367428963
-0.0015633933560773056 -0.00268994202610343
-0.0002801144345094903 -0.0007989651336377183
-0.0004891518432217045 -0.0005201713949481052
0.0019664695274062022 -0.0010748153740566195
-3.82212281431281e-05 -0.0008378868574852755
0.004563458195006079 4.587731920676294e-05
-0.00173492666899698 0.0014464877939653282
-0.002460511892550395 5.0775787467014015e-05
0.0021367442575899714 -0.001093351329989557
0.002203204732645553 0.002540148703566338
-0.0011722295451954464 -0.0015809316543774097
-0.0009777397895177062 -0.0005378629419593127
0.0006871950019670113 0.0007171966021763625
0.0011050998778514788 0.0021039549893522884
-0.0036644749541589364 0.001047824521974789
4.525060368617038e-05 -0.00038566186713582715
0.0017789985033058388 0.0004356183988717315
-0.0023881837803146275 -0.0015529260245386984
0.000953650854990517 0.00012160493184411441
0.00043796459848405517 0.0009358975110625945
-0.00021029781090012024 -0.0007611612927119253
0.0035776044361600025 0.000854484686015148
-0.002362155045335271 0.0005910144499089221
1.1807043527655583e-05 0.0017314765593491421
-0.00033353838289996497 -0.00021528313299673505
-0.0013952895925409144 -0.002796986635823332
5.438250985912825e-05 -1.404672583978663e-05
0.00023901391055502686 0.0007020484783726609
-0.0008045499696017148 0.0011889806408882282
-0.0019772005515620514 0.0005799576569392044
-0.0011189342317132242 0.00159603022950516
0.0028024924009844476 -0.0005662266268834415
-0.0007610128210481772 -0.0020412374880701477
0.0007663768066848261 -0.000440351687810291
-0.0017601029812268365 -0.002266612025435355
-0.0016025805936150665 0.0016028459038195768
-0.0026435402425367366 -0.002357112407408972
1.7631188103752234e-05 0.0034274204872962095
-0.0016119871754808556 -0.00046408139535135867
0.00017451348374540395 -0.002467820841891285
0.000565619594502246 -0.001916010825673026
-0.0010385895753186585 0.0010354929462874918
-0.00013293419969406857 0.0024558207527966246
0.00039799909560714244 0.001332247052948749
-0.0010150627894059392 -0.002059754718173803
0.00222426991646167 -0.00013926788381269926
-0.002421895229527304 0.001888232015181722
-1.8250674933016789e-06 4.8127826077239255e-05
-0.0012536323591011624 0.0010427418390515058
0.0003141909519892537 -0.0018604652400734212
-0.0003536874225876114 0.00037414701007685154
-0.0010796401541207732 0.001049853771651113
0.0008507815692143351 0.0017354764938713448
-0.0002021686834491603 0.0005602713006753061
-0.0008299035717014824 0.00010334966565103558
-0.0022628489289779714 -0.0016388583874017044
-0.0013300176878675873 0.0012134379438903586
0.003569337493793789 0.002327840161665939
0.0014234337988723474 0.0028747541320573652
-0.0012324648266637758 -0.0001633883959557045
0.000508379771237677 -0.0006067947629871445
0.0011001652788213427 -0.0017637282420521162
-0.000358891116123208 -0.00017699229346438675
-0.0011728392556935084 0.0003851258790717739
-0.0016299440770512293 0.00045533633984525006
0.000240475195541381 0.0032470746718052425
-0.0004879944179201963 0.000617609569959579
0.0028114181763551514 -0.0006504473142170629
-0.0017736891833189774 -0.00215926968403055
0.0021564497883591713 0.002610838664196593
6.596891349470466e-05 -0.0012801001040207655
-0.0026179322323015303 0.0014224419982869802
-0.00013066327996370689 0.001911923637634159
0.0001968290629381919 -0.0010268122492112788
-0.0008693789158717837 0.0005641324596077622
-0.0025549317335211356 0.00040511510529277287
-0.0007322897370948551 -0.0008467741303349517
-0.0026931033949070928 -0.0016013891196665778
0.0006861088675264111 -0.002471285379260709
-0.0023284476147358243 -0.00016944895568004565
0.0008059054579984214 0.0006508645182155891
0.00342239054518593 -0.00037797784323494654
-0.002223382244714416 -0.0015155292091015603
-0.0007759948233674079 0.0002498959840417243
-0.0016243406227782133 -0.00233411541767384
0.0012127166337878826 -0.0002848978794655777
-0.0011299106951653257 -0.0020806295267194862
-0.0016074795488066691 -0.000602850546875657
0.002020120594742216 -0.0006127984477077595
-0.0003027493409619577 0.0007113865236006939
-0.0006779002460635843 -0.001573332580251387
-0.0014484783075561299 0.0018117055758739577
0.0015916634043817116 -0.001996558313126462
-0.00034338946391245596 0.002478785429917385
-0.0015647422853193535 0.0015015337742364863
0.00010058281370161914 0.0009098642294293581
0.0012829748321797954 -0.0005198601711546733
0.00024103795882751485 -0.0011408755037363072
-0.0006293177993402422 6.683347753732861e-05
0.002378118401361214 -0.0005223754182772706
-0.0026364458197525235 -0.001427343144578685
0.0009148527335098345 -0.0010531088690870153
8.77534234062942e-05 -0.0025724729018529132
-0.00034244390722040373 -0.0021387210210284113
0.0029136178378972493 -0.0025854114671271136
0.0013300322000530727 -0.0001518836345971095
-0.0010177065516464882 0.0010763501204552617
-0.0008869219407706627 0.0006768373700469808
-0.00021162266253367564 0.0005836524535667844
-0.0024371243336962357 0.001968148253354136
0.0014592398182769449 8.953415716715513e-05
-0.0015588171940809357 -0.0008110013026872117
-0.0008897997583071002 -0.0002546547734112308
0.0008488875067274635 0.00036361445297508437
-0.0009941885407893948 0.0009800470460061535
-0.0009105074952187284 0.00038276077389262224
0.00023978985544929006 -0.001961152133768094
0.0016750666302672032 0.0012477622711642242
0.0021510643253767926 -0.0008577291648684429
0.0031938985049305003 0.0014394229169464115
-0.0023852665981863707 0.0005457630693916611
-0.00038223227175861077 -0.00028214726414204635
-0.0010501638690275756 -0.00035629777422808946
0.0036493381192266882 -0.000541533345713384
0.003175792878772867 0.0014778857396968654
-6.364303721655713e-05 0.000505772794560377
-0.0021523011304272347 -4.287266857127212e-06
-2.7155234912595002e-05 9.012971886945297e-05
-0.0010416105221922798 -0.0034288470101706695
-0.0003012784737396647 -0.0012697934167548628
-0.0015092138418370412 -0.0005341429180784423
0.0031737506413359747 0.0005519937482751625
-0.0004340698297938247 0.002097202453765234
0.00042031437798192487 0.001621811541911827
0.0003432766393831541 0.000987782302747171
0.0013335589983928847 0.0009324979037801645
-0.00050877255331046 0.0005042486963465955
0.002390380998656669 0.0004684075207953377
0.000724106578064537 0.0010172722888996534
-0.0012892454918852047 0.00016094431850487007
0.0008770288004143036 -0.0009410832857827411
-0.0006539555875212815 -0.0012293115343667371
0.0003131542402461798 -0.0008772976782144337
-0.0001259763950345058 0.0005021706226196579
0.0015010806361872588 -5.0329243805149e-05
0.0015592357570939957 0.001493269095767718
-0.001052702300826102 -0.0002329901590368234
0.0005167608614038425 -0.000847266397886859
-0.0004681720461847405 -0.001937755277828534
0.0001111207665356066 -0.0008641286729047976
0.0006330280618382661 0.0018960148107027323
-0.001086850175958777 -0.001125931904742792
-6.36535986108988e-05 0.0011742008495082708
6.8313315221009815e-06 -4.6388071589719094e-05
-0.0012054115133657657 9.754031781970007e-05
-0.001305281883366163 0.0010805534497673774
0.00031140556192811776 0.0018694647968682434
-0.0011095887917900208 -0.0011303570120216125
-0.0007139413122282509 -3.980261503576966e-05
0.0005838963060398013 -0.0008752457117895328
0.001707245034650948 0.0011916614664763204
0.0019160174518391688 -0.0009473787539642342
-0.000240773683126115 -0.0006420910715056258
-0.0018141337653094021 -0.0011843861439681984
-0.000437220088199827 -0.0002829216913969493
-0.0014367259383204836 0.00015741157585778934
0.0014940539647925685 -0.0012831754919363722
0.0003339817284200908 0.00028892701093759005
-0.0014620990314804733 -0.00010443760438937107
-0.0007858829963148818 0.0007727304349248468
-0.0011208434518395621 -0.00014159932158665174
-0.0021159483115488725 0.0004814701268027784
0.0017006730158222732 0.0001276747465810289
-0.0003837334281212036 0.001105843706437131
-0.0006785356228567141 -0.002018272096462742
-0.0009652206202505509 -0.00017049061064326098
0.0005557541475178216 -0.0003723508549010626
-0.0016249230185460272 0.0002306779557390544
0.00026642341682288405 -0.00025328761594513993
-0.0008982690403316335 -0.0011146977987176788
7.468980359623985e-05 0.0012571364633332674
-0.0006778051695322066 -0.002305691725224438
0.0011237148056844684 0.001457653431006409
-0.0016644150855082524 0.00023429621291447682
0.0005632611506840066 -0.0008256627276588201
0.0004280909955187746 -0.001258685108379708
-0.00048452930659881224 -0.00014354610811442826
-7.090687505495932e-05 -0.0003731054312351937
0.0011507727494311508 -7.249624892505604e-05
0.0006778975578195908 -0.003870110853053428
-0.0008871918617617965 -0.00048361770203220655
0.0021223261696433717 0.0003110387951808766
-0.0006919836893112611 -0.0006620290623814404
0.0019185911290146532 0.00048189925152173653
5.572412882936649e-06 -0.000277121454668897
-0.0022795900219051237 -0.0008673948617225418
-0.0011986173769577481 0.0005018854241931342
-0.0015903073062447798 0.0005622220512965871
-3.263224056890579e-05 -0.0011349147282128593
-0.0015968750037308542 0.0010038737322376208
-0.0013035618613140372 0.00025214891512603647
-0.0005459482589784534 8.58475014613035e-05
-0.0029374685982550145 4.4975593681523075e-06
0.001953879182668559 -0.00016019312858976022
4.348419368173395e-05 0.0008504097635185727
0.0007032788535467214 7.337200937193262e-05
-0.0015991042582128544 0.0024497612192378618
0.0021055644901378577 0.0012605860766179047
-0.0015292046112808924 -0.0005143914043608381
0.00021580039397400862 0.0014543949849817157
0.0010609887648358122 -0.0020077125360957564
0.0021741243126587543 -0.0008238127164514905
-0.0007680832141043541 -0.0004055116371337789
-0.0015743801132074278 0.0010211581810312068
0.002389401278195827 -0.0005407596180813526
0.00017431838768128914 0.0006474099862945738
-0.0008295240631906532 0.0018563376634734992
0.0003012507886228958 -0.0036317997697835162
-0.0006519578782731518 9.857457450667221e-05
0.0034537258283802805 0.00011596002738109999
0.0005234590550758377 -0.0019147183250188733
-0.0017517943614056802 0.0026961698463475797
-0.000425929339044837 0.00025814185800630444
-0.0002754404936798098 0.0018506436727060364
-0.0025321989359435976 0.0004991536867434278
0.0021544301636583205 0.0009296054883031777
0.0011098425875736271 -0.00029930997438577773
7.693325289515517e-05 0.0008317285961951409
0.0003099414674632283 0.002195806498535491
0.00023325716815472336 -0.0005473729805305406
0.00014677466370240796 -0.0014827188186764878
0.002958507203688805 0.002812376994781588
-0.002900794218539833 -0.00021518401398305483
0.0013216265879297897 -0.0013758644089991042
0.0008739989085933487 -0.0005903904895192059
-0.0015706879405668177 -0.002364108162473348
0.0007096749286179726 -0.0006705564680504665
-0.0018287105559584812 -0.002802143411317762
-0.0022884858812437393 -0.0015819314243799257
0.00011536044204214884 0.0011973864972191304
0.00014876610289689068 -0.0003179060200104325
-0.0012882506747225238 -0.0029586569207478556
0.0008978750674592974 7.508729988519957e-06
-0.0005650241134464609 -0.002904884061724582
0.0006900860673821323 -0.002467546935903538
-0.0006558923510173846 0.00255305808377014
0.0027106427789642296 0.0006362510014747742
-0.0017589256545827556 0.0006326032512924132
-0.000814384589938295 0.000683638184514667
-0.0011316265781677035 -6.155720029857118e-05
0.000597397826841985 -0.002684897839371555
3.699760663570291e-05 -0.0006608397389382302
-0.00029189298243423474 -0.0005950173387487323
0.002152049549881757 0.0003664569681632449
0.002779176081458222 -0.0022053670833127744
0.0004966269174493322 -0.0002732293964026688
0.0012253927314818571 0.002177947152746905
0.002407223652288764 0.00016469379068272753
0.0015190964497614201 -0.0034372875568102904
0.000653445475138192 -0.0005106255070419694
-0.0004877743580329694 0.0007204788141856691
-0.0005121119034938496 -0.0006784720550563943
0.0009188930917636306 0.00021620656463816176
0.0002635914558997323 -0.0022052879655453665
-0.0023713308742306593 -0.0004519451760615199
-0.00016939311721846085 -0.0016090375058857773
0.0009996461361583444 0.0003283123963539798
0.0012811532050771152 0.0020163739554987506
-0.0007514198745283109 -0.0005072639647868164
0.0003014010539902308 0.0004511216313688027
-0.0008519795542024168 -0.0005791820547787664
-0.0016079378259532626 -0.0009073254299137237
-0.0019755055448929105 -0.00045983795890233703
0.00022716481553730178 0.0006666353611273235
0.0005263023779284412 0.0010640937778861935
-0.0004218050018166027 0.0005440716759942816
0.0013689955883006261 0.0013083813132882308
6.308003127356299e-05 -0.0011912485723616075
-0.0017622748100450218 -0.0021683605439632037
0.002817007082919768 -0.0009213050734171082
0.0018345699027316337 -2.3744227829651173e-05
-0.0005583470130768785 -0.0004943813513906213
0.0008570886199232788 0.001085727238954264
-0.0010261573097200326 -0.0006276005017052399
0.00013726333878685042 -0.0016441195985609847
0.0009458310885910867 -5.07554751576247e-05
0.00022648860819493517 -0.0016927186805939952
0.0015185398329996904 -0.0006836060693389825
0.00040765020692840417 -0.0002728487196829121
-0.0004630969564410044 0.0029689231831207114
-0.000648278280061649 0.0009360911372499178
0.001760140398564348 -0.0014258816990645666
-0.0016086118873492425 0.0036482334467774218
-0.00039962725392043194 -0.000648396198204599
-0.0014977991930779592 0.0005681217466833407
