0.00023489898150111805 0.00011967670155686005
0.00015425142281227545 0.00023691623535624908
0.007287011860773565 0.0047180126115619865
9.580130273971993e-05 -0.00019732186644811576
-0.0018360414508864762 0.0036369207556827547
-0.0010971067262500972 -0.002269432256496641
0.0028776889934383834 -0.00288135513416905
0.0008601314068736902 -0.0006982872035099939
-0.0010678016407905863 0.001710507897984201
0.00019986069368892428 -0.0007548462620611078
0.001068600900112318 0.0023607850009588825
0.0008890927388392272 -0.00015496863405513854
-0.0020224892347600032 0.0019847178559199183
-0.00247038384000419 0.0019359695302359043
-0.0008330157878200231 -0.0008520578919165883
0.0002685495197648395 -0.0008585857460948052
0.000769573367138571 0.0020135556125082167
-0.0018977491087089457 -0.0005714085808605475
-1.57479850695368e-05 0.0011589258499373851
0.0018675509195188783 -0.001194887360730283
-0.0030122390923430263 -0.0028385838907248927
0.0037413798086760406 0.0006883119880611166
0.0027072871293836683 0.001287312874424198
0.002881790759785747 -0.0006179039964008961
-0.0010330881052318316 -0.0008338031417048539
0.001646571228435404 0.0005151534958323604
-0.0014280938701332596 0.0035459990069801033
-0.0006396142291585987 0.0008744605246873947
-0.0030894097565369013 -0.00012682935474732628
0.0021829890194378135 0.0018057885131790572
-0.0008976865006560198 0.0010844348828913074
-0.0016161431978318444 -0.0035594648499079266
-0.0013584959061277743 0.0006047725843855568
-0.0014400195903012487 -0.0011287963776443473
0.0017772813596138655 0.002005313993601448
0.00029857389065807144 -0.00010638364202460567
0.0011258808252211346 -0.002386890973525841
0.0009366989204359407 -0.0017979523590929683
-0.001090573272268748 0.0028738422557489166
0.0017801932640196898 -0.0030966384241118894
0.0005548675295669026 -0.000723593860282978
0.001735189936729175 0.0002737733753717806
-0.0009656079841949552 -0.0022673952644135823
0.0003065540496941296 -0.0018149734036228726
-0.0010745410323568913 0.0009822321885808434
-0.00044428531919353103 0.002174447735541398
-0.0029159686034264816 0.0006543592472536872
-0.0003789484890225133 -0.0036672204170641364
0.00038878903383572763 -0.0005390778593407507
9.424954726644796e-06 0.0015728039999394225
0.0008678733865971846 -0.002416776661861651
0.0007830824643250622 0.00046772470521381853
-0.0019051999152125835 0.0005477864294733366
-0.001324461824350035 -0.0015717998409906396
-0.0011418754851010627 -7.0966931178910165e-06
-0.004704492090627078 -0.0011034519308161226
0.0018898825304337517 0.000639056226691351
-0.0001543101183611187 8.549428570546564e-05
0.0007060108647443306 -0.0012356714452551305
-0.0019064571682596266 0.0006092585014259034
-0.0006228152198842865 -0.0034927284948322165
0.0002546947513515885 0.0003096517272475261
-0.0008904492459986149 -0.0012254794986802592
0.0010711804870036934 0.0030313528138796843
-0.0020188351498567417 -0.00127855999702747
-0.0004318027081322071 0.003073675364023734
0.00130136541027739 -0.0017909904633779399
-0.0005167078101846104 0.000736532956286752
-0.0019910289351695322 -0.0002626063002235207
0.0005583649903429234 -0.0003468866257852212
1.2459411750958242e-05 0.0024840499268173537
0.0019480412949280878 0.0018062161854886572
0.0022322202184925136 0.00019488446996409736
-0.00018859964820363138 -8.590236057243586e-05
-0.001852535859178544 -0.0018925281858180377
-0.0013565526544192393 -2.4682777477973113e-06
-0.001120793666608854 0.000544530909243063
0.0007232309208198687 -0.0031034764598344574
0.001558634448634823 -0.0009035554080915772
-0.001190292087174405 0.0009514768247704407
0.004170495068627324 0.0009239565920809832
0.0030134195658368217 -0.0017000257874793903
5.867125848001826e-05 0.002461784300564956
-2.1451531103264884e-05 0.0013463151285342697
0.0007626928434760842 -8.215543658560244e-05
0.003493327345168728 0.0008483095083385174
-0.0019713725761187737 -0.0006700242255677055
0.001040840544730872 0.0031813357180752963
-0.00158609964038811 0.0015445612334545125
-2.6063476679049563e-05 0.0015551944612479096
-0.0002305705551767262 0.0003456902267262847
0.002144625244322511 -0.0007317280656477321
0.0035253350067150817 -0.00013218957752266254
-0.00233745156289709 0.0007171067783638878
0.00209605531325775 0.0031323668299063955
0.0012702842393574644 0.00039304738239427894
-0.0005591348471405401 0.0005268819347312342
0.0013307327710332941 -0.0023641490107604688
-0.002383280829789149 0.00024797773049970123
0.0013458267198500214 -0.000672920641812413
-0.0017425118689006018 -0.002552423056727714
0.0015251071303122408 -0.0005012156005410666
0.001867075767383746 0.0008432249561825515
0.0010105980773826623 -2.6724102554096153e-05
-0.0018884146517121462 0.0003232042104983646
-0.0014510940744070157 -0.0002811248906843675
-0.0008042293685347037 -0.0007258768992460323
8.525357815057653e-05 -0.0018167277730246011
0.0011690450466796307 -0.0007118189556615559
0.0018941834530533637 0.0006495607008111442
0.0006780536379213472 2.6782569763999333e-05
0.0013752675423724001 0.0013963720691880523
-0.0014761467246068032 -0.0008968563975223881
-0.0007045706497494521 -0.002010939160583902
0.0007651498069329891 0.0016823196809228717
-0.001210729789442707 0.00026607288206886647
-0.0012229833194132365 0.0006083497329722796
2.6330997198664504e-05 -0.0003155604899269952
0.0005641924797607151 6.185025983626508e-05
-0.0004886774827189931 -0.0010064148168232735
0.0010478667544323115 0.001954190787611094
0.0006059228707414016 -0.003287810552017363
-0.0004734471408864419 -0.0002805428206841578
0.000130841522301844 0.00015543491238123594
0.002275039503701957 0.0017080687892417595
-0.0015313442321122583 0.0007589483458972994
-0.0007222834843690854 0.0006214228712622558
0.0008559155979811229 -0.0003086635674551468
0.001989185037042777 0.0015317851773377464
-0.0006503565337650428 -0.0006329046220669618
0.0010023824964997111 0.0001805584253889074
-0.00019180888638797256 -3.078700673921346e-05
0.001976689242790332 0.00015801319737473587
-0.0021002727282790996 0.00011894027074686912
0.0006160712286843626 0.0015728261210881268
0.0015894330306890267 0.0035268672477537064
-5.888036297183223e-05 0.003187781922068349
0.0023196866740350197 -0.000396088645205507
0.0003783875685674485 -0.00021814115098438722
0.0025194769156425497 4.617469696340398e-06
-0.0006773857970161501 -2.6020600677273077e-05
0.0011380078067070724 -0.001374243192383954
2.656027707863174e-05 -0.001719704043907668
-0.0004205493780527611 -0.002082727641836342
0.000965404579938757 0.0014091604489296962
-0.0009378411111305773 -0.0024599519895738523
-0.0002669561135648704 0.0020082570299661522
0.000646822619580742 0.0011703285841664697
0.0013317386796560433 -0.0006624722834244973
0.0010438288274518888 -0.000619591343712737
0.0007443790268713832 0.000494804199708902
0.0006414855586745544 -0.0010210112284769444
-0.00029451758950202326 0.0008103691713624154
-0.002413160493377038 0.0007628973063111802
-0.00016110558315104976 0.0001844457346692009
-0.0009940524548529028 -0.0008761135108305998
0.0027030548529108508 0.00012144213280688195
-8.964326869921844e-05 -0.0008972110424121706
0.0005616146982530749 -0.00028669925958994867
0.001764999660148061 -0.0023975615181830484
-0.002195474768186066 -0.00017951425713862078
0.0005313045166933461 -0.00048750287553297913
-0.0016375267962369865 0.0007934512870569621
0.001398392429609329 -0.0014166768639840047
-0.0014339278016156642 -0.001365808093954857
0.001142169811519224 0.00024815771774575735
-0.0005114496943785784 -0.0008675187380462691
0.0011017337134263659 -0.00023968968291756965
-0.0011321726722180443 0.0002525937452349962
0.00016786422715421752 0.0004512416363506136
0.0008665940689445863 -0.0012407899685095058
-0.002459375779062277 -0.0024834761533837303
0.00198524037716169 0.0011221150511426465
-0.0029805741007055742 -0.0005393040474603775
-0.0004776820272770405 0.0012386981240860586
-0.00032293613423010285 0.00020362817058577264
-0.0008717353821336724 0.0015461410550843726
0.00020235031158620585 0.00031515173414898694
0.0006139037953835231 -0.0007812076691570525
0.001578296686899735 -0.0009257426088889999
0.0009129751941648272 -0.0006011277140578486
0.0007981637456433319 0.000714393896622184
0.0017023204758727021 0.0023729503474021665
0.000718015997590922 -0.0017946795138651665
0.0004428639082978393 -0.0022129308330271495
0.0012482931154369637 0.0016217056379262745
0.0006631752066597022 -0.0016285250656089328
0.0007638538836922037 -0.00047469558943517615
-0.0006563144245274416 -0.0028284280564366496
0.001986397987156215 -0.0005654616266791061
-0.001563575833607794 -0.001000817285445697
0.0006368840395819716 7.109913580740579e-05
-0.0030316381218741125 -0.0013077113826140657
-0.00010391923563472429 -0.00036334878983612564
0.0006834952848236961 0.0005817889367111082
-0.0011109839549406258 0.00025725459221336233
0.0017310900130471706 0.0011588178431102352
0.0006255468265814349 -0.0006519464272049687
-0.0017414492368861244 0.0007010188454607577
-9.285853064592141e-05 -0.0013976191291453146
0.0006681850399881303 0.000670758005058411
-0.0012396235381211742 0.002876136655391236
-0.0007857581164095678 0.001623550817916155
-0.0015468133083441854 -0.00018402768169286827
0.0006368874171188607 0.0016687624633082957
0.0004712821372842744 -0.0021078151118153784
0.0022897760937117552 -0.001158367370892346
0.0013603267263895959 0.00153223524327783
-0.00036088460566420505 -0.0021994288588915445
9.596236240941192e-05 0.0006869293366987212
0.0007450329744452237 0.0022080995625969406
0.0009387828677087241 -0.002414724919405094
0.001938092436369558 0.0019477186700532628
0.0005028783201043258 -0.0011605197064951534
0.0018292654068838559 -0.0011236929793615675
0.0006743717477953032 -0.0030702945589801962
0.0006742187713247107 -0.0003874741625943162
-0.0014400899644385747 0.0005791240850103022
-0.0009907339843317348 -0.0014427682816057319
0.000263489032865384 -0.0006495144792777094
5.9574610542477444e-05 -0.0021427805526442307
-0.0011997976516341462 -0.0008494596210442925
0.00047264483346697706 0.00012321277458515593
0.0011346440567383826 0.0016158492167399855
-0.0008784132320330964 -0.000905159816805851
-0.0022051672745462803 0.0005939151970370725
-0.0016019776828565492 -9.975812757145277e-05
-0.0011195254946827914 2.682414765601884e-05
-0.00022633951981644232 0.0020079967654866005
0.000832598768462212 0.0019089686971730472
0.000696379309503049 -0.0010691617163845009
-0.0006378286912810455 -0.000857497503453948
-0.0017660268529668295 -0.0005577770445049039
-0.0014538727956502993 -0.0013663676350074904
0.00046594010478455216 -0.001769517782925584
0.0013007721076062036 0.0003748356014234033
-0.00160869543584195 0.0006815164597157667
-0.0006055468941329409 3.7199257573071717e-07
-0.0009677060623867932 -0.001054001832154403
0.0009696125725620777 -0.000807986538617483
-0.0005677287521211899 0.00136877070815405
-0.0021543301402178537 -0.0012509667569643153
0.00040673497692900385 -0.0016284167038710911
-0.0009390797993480438 -0.00041908468499473705
0.0009610978125583226 0.0006434335244914047
0.0029999842538684027 0.0012963159321256513
-0.0010551730616080827 0.0014628177785063828
-0.00046594220527119214 -8.605036950297869e-05
0.0004376097503478812 -0.000520975580259181
3.67203415786464e-05 -0.0009892009835056174
-0.0019193874682673499 -0.0013927662383429727
-0.0007513113955290068 -4.304464792691099e-05
0.0031319499717621115 -0.0002760576432658222
-0.00018616935256510485 -5.252971565644658e-05
-1.9299624006467045e-05 -0.0005482848765586041
0.0016079768182055882 0.0013834194805967173
-0.0009143747186986652 0.0010439950750086983
0.0009556262249837414 0.001353072190587663
0.0017288141694047142 -0.00012935638639217855
0.00044259061667359855 0.002453218268497161
-0.0002613079009076691 -0.001615711537780601
-0.00015759796205760737 0.0007700897265492751
8.061092208282839e-05 0.0011038966769989598
-0.0009433465403811361 -0.001106150809082262
0.000292631601750461 0.0024615404130666233
-0.00042492111965436983 -0.0006841597764682777
-3.4716200847800195e-05 -0.0013067063050788866
1.5787753627419537e-05 0.0018499017500555508
-2.193383655215653e-05 -0.0001481212941870109
0.0012212839122476254 -0.00044930482746975757
-0.000579400116499771 0.0010706655919145258
-0.0008473659300995569 0.00031439803264403615
0.0001287275989924394 0.0002477168830271602
-0.0007436486540092108 -0.00030727835252260043
-0.0006613073115716527 -0.001143438108436367
-0.0013613473998163117 5.526108687676448e-05
6.972165556324233e-05 -0.0015201003590657606
-0.0007405798583718058 -0.0001275276322090327
0.00028566677350708663 -0.0015977987876299518
-0.0007666556530270825 -0.00047807593032779376
0.0011773202781215442 -0.000831932169224479
1.0912902599910496e-05 0.001911975075609787
0.002573242515220269 8.885959176170852e-05
0.00014647823842562434 0.0009308295773963862
-0.0018155509915808428 0.0025139046613320286
0.0018325709512683154 -0.0008581482545545987
0.00012991405179545233 -0.001153082015081672
-0.001821041495768415 0.0012589842813097764
0.0003430835607659297 -0.00023067270444281822
-0.0017141818526378568 0.0013432509233023851
0.0014032407438341642 0.0011708480034175218
-0.0002821248671205058 0.0017656346272843881
-0.0017268935425480546 -0.0008658161516910877
-0.0006420278426158691 0.0014920589453442535
-0.00020899283434348478 0.0010520987900152251
0.0010249750389513172 -0.001282820061866361
-0.0008182155377255656 -0.0012164618043194284
-0.0019072278851149955 0.002293324607459916
0.0020157457817612428 0.0011983979992339457
-0.0008496429618735252 -0.0005138881177923874
-0.0016876826867335342 -0.0013598008729293915
0.00047657335026047405 -0.002377355019711681
-0.0006145501186376717 -0.0012991675830583255
