6.559067243836215e-05 0.0002973220387362105
0.00022004288327572377 0.00032921422590769705
0.006012042741896149 0.004697103888527482
3.713736482959289e-05 0.0009772371750554254
0.0008066932689921049 0.0009519615295771048
0.0005279473375504143 -0.0008364406195775063
0.0003229209906858006 0.0007716560977462806
0.0010046605754150239 -0.0036322401766021085
-0.000505469274444072 -0.002115385610621547
0.0022087278937104283 0.00020823038932781917
-0.0019100346406487815 -0.0015301911567161828
-0.0011382590147302714 -0.001289381878095619
-0.0021604763642543733 0.0006108508495457841
0.00020118250685033628 0.0001634569710807151
0.00024351908954507387 0.0019600482272704887
0.0016992135844989158 -0.001257252253413324
-0.0016605684106581495 -0.00022162686831421867
-0.0014357124936068106 -0.0008152127034332499
-2.5648393805014276e-05 -0.003484833463380342
-0.0008138516193047782 0.0007793074069856613
-0.00032344876326303415 -0.000556012687024047
-0.0007800472013734852 0.00044391728364916633
-0.0007124112720829494 -0.002099685773335494
-0.0016165021651318807 -7.327637402841273e-05
-0.0009222699074046783 -0.0011466170626663083
0.002083797149246097 0.001917490860148944
0.0003748602564744405 -0.0012716138518716418
-9.940852812716046e-05 -0.0021494226709658604
0.0011455069521340677 0.000537471462231786
0.0008922857727136752 -0.0009183115981654891
-0.0015431059827882337 -0.000217039278772674
0.0002509390692565378 0.00020945429372061847
7.104780049012731e-05 -0.0009561855523484883
-0.000428877091877809 -0.0005276063410503703
-0.0009427932774638212 0.0015731687246948551
-0.00047845766356235215 0.000496344693534237
-0.003616500105314108 -0.0006046735564669032
-7.562435141770492e-05 -0.0018449982156779829
-0.0011073346724065525 4.722290153032319e-05
-0.0010268321747101546 -0.0006696366887918172
-0.0023412268592785815 0.0018769102087477269
0.0008880701232302754 9.475377720993858e-05
0.00039031223770722383 4.207129471672061e-05
-0.0004228161602395341 0.0005331856663629898
0.002538415482929808 0.002364416229591788
5.252639684024035e-05 0.0006666578799475931
0.0020970025856936556 -0.0009977723368857255
-0.0001122470679467559 -0.0006947766264221605
0.0028422308873414966 0.0009054297039272
0.0008683661922293506 -0.0009079106020510974
3.6096432595655276e-05 0.0025615446869143663
0.0005469754782280121 -0.0005145089142206627
0.0009042447623706428 -0.00025420445602867826
-0.0010530330423062539 0.00025363127004464337
0.001959023708812309 0.002726763827509348
-0.0005211968040309574 -0.0005227341806567061
-0.003152507866290349 0.0014924530766308181
8.183007340305724e-06 0.0029210917077707745
-0.00042372710048183356 0.0007218736983176844
0.0021140140909976885 0.000246369921900041
0.0012681647669118051 0.0007001817848387864
0.0010835693259047944 -0.00033109254871132053
-0.0015093791922273418 0.00038275996013588224
0.0022537345491007903 -0.0006740208500897868
-0.0007951053267276815 0.0008433567104035815
-0.0014069885786009608 -0.0017628489734805254
0.001061872727154925 0.0015950604273232793
-0.0012262508683548751 0.0004339173632250794
-0.000867847281710458 -0.001481416021597117
0.0006239748568418943 -0.002699422144853846
-0.0011726026479599312 -0.0017031552173167736
-0.0018087828472836088 0.0008493205771643728
-0.0005856727773968084 0.0001574117391646218
-0.000629375946999804 -0.005253234792058759
-0.0010040501837682947 0.0018426182502545858
0.000144897663662492 0.0017195568550514714
0.0014953033083229235 -0.0007722957695055644
-0.0011401091889832226 0.000659021701202863
-0.0010284686647385824 0.004771016254755115
0.0017139408017075495 0.001199556633171756
0.0011030369629172845 0.003012149693561648
0.001689431511475841 -0.0023890984679004485
0.0010746831952199519 -0.001534328862521351
-0.001365509680884251 0.0018419654000808431
0.0002118452171812534 -0.0008879784585060869
0.0018146563934349214 0.0013242914298317854
0.0010722431948547747 0.0030431499891163828
0.0008562212627759594 -0.0017289900683223635
-0.0022192078720147004 -0.00030142336870263254
0.0023227992042830236 0.00045196432854501407
-0.0008745237764588581 0.0017013307569759839
-0.0011284367319654158 0.00023616253095571504
-0.0007469536938911941 0.002305344035176669
0.0020863334220558773 -8.804746090155041e-05
-0.0007563947897082506 -0.0005249947224267353
0.002287325785241427 -0.00021243784083236806
-0.0016210035882728668 0.0028498144094499084
0.00025007337172533586 -0.0005242712837733856
0.0006719727907758615 0.0006952755198222528
0.0006719238041704182 -0.002041556821804594
-0.0004939197717458239 0.00036511330696687425
-0.0018777016907587396 0.0014122794555606127
0.0036563388898507706 0.00028978899427919036
0.00012936908709834901 0.00015048650682091263
-0.0004335883273717436 0.0007704759263601716
0.00025832777126306875 -0.00205448158371215
-0.0023272067738551046 -0.0014630969227421668
0.00023561857365807736 0.00021597321106035737
-0.00020440319169896397 0.001311534896549681
-0.0005487452897367935 9.188660059354158e-06
0.002038619610052652 -0.00040270911174510526
0.001053731239389752 0.0003298358767098112
-0.0011027746742563883 0.0002726885929820361
-0.0012588760758890434 -0.0007095146196606685
0.0007640688304032495 -0.0006792006576758517
0.00024938718282751626 -0.0009177783377661456
0.0032628915518178635 -0.001273617860614984
-0.0007663135610791554 -0.00033775494117577355
0.0001993466368567988 0.0009056184826432656
0.001055606884282919 0.0018460385974728923
0.00031826081884369435 0.0017663404125528148
0.0006204933902652804 -0.0011367545662230565
-0.0011779730812636485 0.0003131585168300643
0.00042979963811096405 -0.0005891726937800782
0.0029079437944755323 -0.0012785470772306634
-0.0010354280900013407 0.001575308724167925
0.0004475818379984372 -0.0010262183003140097
0.00033666113220080475 0.0009902444207716948
0.00023440027884011458 -0.0003351983236422882
0.0009825422349057501 0.00033794641873836147
-0.0007088817278719037 0.0017062495214918644
-0.001129377018655377 -1.5165486854423746e-05
-0.0008417574555936606 -0.0008359804616745962
-0.0004109901369236343 -0.0009787637287492932
-0.00031800164442224527 0.0007874084145150364
0.0006473143844484297 0.00010502435949136981
-0.0015341328490684936 -0.0008443080922321676
-0.001185833170049581 -0.0010656187497580852
-0.0005380963212848235 0.0033970448355883495
-0.002549112421904437 -0.0002347970069769808
0.00047632671353244055 0.0008348387891616125
0.0007731479101731712 0.0001275275901150344
0.0014975749318736468 -0.000613143693400473
-0.0007055160096521163 0.001091504245780722
0.00036515294770721277 0.0012037840870257148
-0.0006831025229473756 -0.0008859433873204056
0.0013745846365032935 0.0004416990341422907
3.466971108145303e-05 0.00034657752616493653
0.0007773980416123362 0.0007858868373338069
-0.0014813360901551722 7.950331761973295e-05
-0.00040546241947005503 3.282088054443661e-05
-0.0020944044725183094 -0.0023463497480450003
-0.0008550619764393977 0.000673416785459118
-0.0014313326615233222 0.0007574295693227374
-0.0002669532497501024 -0.00017222712988552218
0.0015039052179336807 -0.00010498409305892921
0.00024788368764336327 0.0014885846458227068
0.0007584655458563608 -0.00013314404286339323
-0.0011454150262657043 -0.000542269670209419
0.00047935088523527427 0.00021206004721319258
0.00037920228010457336 0.0019227780152859997
0.00012982785602351293 -8.845124364280161e-05
0.0024540498263803784 0.000750107930890018
-0.00127561849242164 -0.0007821630070438335
0.0016692606402445784 -0.0006567056817507852
0.0013832978646103084 -0.0005395360436137855
0.0008472460614172745 0.00032272503347875183
0.0012233451217076475 0.0003594031430433024
-0.0010452692269559143 -0.001271958414650637
-0.00169037839853679 0.0015790749969535765
0.0025424278614395554 0.0018607583349194584
0.0013239931313233685 -0.00042957067159990736
-0.0012454617700495044 -0.0012707106461616413
0.0006667042519963404 0.0004489437524189916
-0.0008267248672861258 -0.0003794635696478096
0.00041751777242068195 0.0017926442870180052
-0.0012549231419397816 -0.0002784189656994402
-0.000704317444183115 -0.0006448561450412094
-2.2967021185613057e-05 0.002398889326608416
-0.0016371289043149153 -0.00017845115479290196
-0.00021675534567491283 -0.0025670803168401208
-0.00020683421869232389 -0.0006759769942258607
0.0012529908678732813 0.0011042494026822067
-0.0017403765899499492 -0.0012342318126656632
0.0015863455116676398 -0.0014874444256833084
0.0007400647777870814 0.0007680115954316259
0.0002734316361138308 0.00036389621547478493
0.0023407338682607495 7.365783749317169e-05
0.001022102466532186 -7.141088515880325e-05
-4.3702814341519106e-05 0.00026462425179615655
0.0015093546699830177 -2.887442143110751e-05
0.001746289781501467 -0.0020564666575973206
0.0007752166440922682 -0.0009588086986319208
-0.0008841753014196029 0.0016604393746563288
-0.0011774818049290205 0.00012671770890810283
-0.003973575616255387 -8.76031730034211e-06
-0.0017081621474463742 0.000269774424137284
-0.0013977926495167246 0.0016939234924250493
0.0014608368002892854 -0.0006440730692125444
0.0010363296260451746 -0.0005769929774579438
-0.0008921210881786416 0.0007096308303686094
-0.001671995925969659 -0.0017327151607221794
-0.0006065852371881964 0.0013214946586041906
-2.5248726338829593e-05 0.0010874871107015764
-0.0022879058254899496 5.601128222738091e-05
0.0001331034146791639 -0.0009171953605686098
0.000965781373020117 0.0013374587865600405
0.0006019294515590635 -0.0007547291550706746
-0.0021427770307710756 0.0033424508459505187
0.00012185776485267376 -0.003054412608274044
0.001279984060088779 -8.254507617630931e-05
-0.0003032419657526624 -0.0004347514954101269
0.0016994506155719642 0.00028013971534259494
-0.0013210117461005552 0.001149985252411904
0.0003196273096042045 -0.0005319995757880887
-0.0001937892822366403 0.0006927759682871264
0.0007126700600588692 0.0011819601396463552
-0.0001574027314614943 0.0014769845977670808
-0.0006078576540760482 0.0003834015325155123
-4.4176172473621063e-05 -0.0007716564947704183
0.0010763300252896082 0.00038816098141796585
-0.0005215574319768593 -0.00023101067303633432
0.001264219543805607 0.00278393639441133
0.00035235623569555505 -0.0004230086191279761
-0.0019075361403507283 0.0008443498954928878
-0.000913823181314147 -0.004421505860334336
-0.0006621944661164516 0.00010929128036384852
-6.907065829988391e-05 -0.0027594455953964922
-0.0006288554539515725 -0.0009425291163503243
0.0004684988285256628 -0.0018794616731229274
-0.0006757883435131607 -5.794262056090139e-05
-0.0001252927028629629 0.0017504373852467558
0.0010211274055253485 0.0006850795885668373
-0.00046755395442594474 0.0003370114166404158
-8.229131043897072e-05 -0.00032546777890626107
0.0004602004066970787 0.0012823398077381508
0.000577425446860753 -0.00014521836179952398
0.00030605425763407916 0.00039086777364469067
-0.0003939779678729617 -0.0004601567345166766
-0.0016381213757190954 0.0025543669202096326
0.00051860764722603 5.916815317774086e-05
0.00032858595225769186 0.0004244041293574596
0.0034355570461469735 -0.0015983428450933057
-0.0009082491483276554 -0.0008970554176030484
0.0006358007317395133 0.0009131289066943203
0.0016898898407861126 0.0008958265451849331
0.0008470078146434117 0.00035206022912500734
0.0004445630194974283 -0.0012740318517224453
-0.0010570051203892656 0.00032093274016337553
0.00019502466316929869 0.0007670994897869578
0.0014849612474959284 -0.0010254221690637398
-0.0006929747006060597 0.0019539422586885994
0.0015752286169562568 0.0012425794530000931
0.0009359453440990025 0.00027453936108616707
-1.2314480956619521e-05 -0.001191026235842208
0.0015575664869605407 -0.001175216239437856
0.00041426465507032575 -0.0007071157878967865
0.0014580223862828057 0.0018872441844141232
-0.0013836932971279955 -0.002198598922463808
-0.0006290442898021259 0.0027066542885520856
0.0028775185953597423 -0.0013874512236273144
-0.00024519395911631414 -0.0015421045549283028
-0.0013034966206240189 -0.00030330047778395286
-0.0004022483473777167 -0.0020960313108278864
0.0012775411196840865 -0.0019761170585990448
0.000411272487599457 -7.99660914732365e-05
-0.0007937456595785688 -0.0005961946409897944
0.0004260496669813193 -0.000661811140244867
-0.00011701385080031034 -0.0007760894629766165
0.0008186893857701066 0.002152637362966977
-0.0018098661858296857 -0.001195725623364407
-0.0012831790777964006 0.0016347164683947998
-0.0007558987914122585 0.0006430208110686314
0.0002902869269448169 0.0011837553591687387
-0.0006553398573964048 0.0009545485329074455
-0.0001706572066528873 -0.00033951932200698476
0.00029807949430247946 0.0002565300355130394
0.000816074276604397 0.0015197865837232956
-0.00013693883002436502 0.002683386111541174
0.00042216299546418484 0.0013328639322780732
0.004850838657324879 -0.0007552513359179702
0.0003945182898180248 -0.0025213617160333296
0.002144623465701064 -0.001358270429492115
-8.784202431411298e-05 0.003579618999381437
0.0002948907215411963 0.0007576225079334796
-9.929808678391793e-05 -0.0007116421723602865
-0.0013876451968556321 -0.003398482134771717
0.001747037830531275 -0.0014516118634876763
0.003397270039139487 -0.0005674813527440393
-0.0017282627775800352 0.0021634323334760648
0.0022886576301114825 -0.0008333124636369458
0.001903089965557782 -0.0006456311471169593
-0.0020376700607767258 0.000986531004951396
0.0018846574211172243 -0.001355142281616696
0.0003255492235845945 -0.0017523690132319662
-0.0002467582517636208 0.001132903730191211
0.0010719000067292515 0.0010834782843523747
-0.0018420740887454255 0.0008485879068421842
0.002546783361632977 0.002349301934285769
0.0008614522831312357 0.00266177622353241
-0.0018305726486447017 0.0014061719089103657
0.00035761242252659617 0.0015238266003998124
-0.0011666780775278919 0.0015702001325374798
