4.498912628148594e-05 5.90952168678569e-05
3.838991558137618e-05 6.085692477061115e-05
0.02272242602451248 0.009529095904533501
0.0008685783435831663 0.0011543085462108126
-0.00032262292888014343 -0.0005897569452609861
0.0006057671979173125 0.0005779037015173536
0.0005443847851317476 -0.0005445049617580747
5.8965123874629815e-05 2.9685189150129883e-05
-6.064300604761245e-05 -0.0007068035913972749
0.0004509319773243601 -0.001512808565299715
-0.0010153320726767564 0.00021788694395535418
-0.00031739898471032694 -0.0009078159579676396
-0.0015225063371854329 -0.0006718815695336168
4.4664151698662195e-05 -0.0010988733342987573
2.3001710523887558e-05 -0.0003619157337308823
0.0013342733371239147 -0.0008524392590120222
0.001323967191989205 -0.0003466664487271846
-0.001156511203027091 0.0007022452401065887
0.00037675525232740294 0.0005910781521224291
-0.0015165356778227648 -0.0003106472096552525
0.0005267440203847271 0.0001272015103132339
0.0011779163652157888 -0.0009619796959250002
0.0009050230144134959 -0.00022016031727615672
-0.0016437118580104025 0.00035086333818275906
-0.0008954879715687366 -7.21293341105133e-06
0.00011559293030907178 0.00033674160218165994
-0.0010594590342127156 0.00012474846632019813
0.00048345738764935366 -0.0007447104171738974
9.23411850845576e-05 -0.0005575746994615091
-0.0010304673472621621 0.0016511634807594273
-0.0001614093156546004 -2.3879064339009102e-05
-0.00031234863591453343 0.0013003460817649275
0.0006157619291848373 0.00013983862153809637
3.736667746333525e-05 0.0013553063547200308
0.000978800435344322 -0.0012938587059443064
0.0005873191301778897 -0.00021566910087391812
-0.00042062961331692275 -0.0009396194710695296
0.0009215908123474976 0.000926040663916399
0.001140600318168376 0.0009303475506022434
-0.000181314420142138 0.000314547066319455
0.0005901084996944208 -0.0001748004511175615
-3.336841636575735e-05 -1.7066366913777294e-06
0.0005725601096284675 0.0012436856546767018
-0.0003757659121778558 -0.0006772080494859835
-0.0003120635757803052 -0.0003046441749459714
0.0011659770831305009 -0.0008777344387655513
-0.0008874525053792807 -0.00022339040283882633
0.0003440359843321691 0.00022787861899623845
-0.00016543443061896272 -0.00029187257434705607
0.0007064148963531891 0.00015959712518617106
-0.0008861792200857178 -0.0007739707741864699
0.0010496541589575129 -0.0007715169591566634
0.0010273068015456519 -0.001282591726429413
0.0008849616718458906 0.002151909790190856
0.00027674305062197274 0.00032366238572317465
0.0004349361745094132 -0.00044982384420242375
0.000243488709433556 -0.0004384527462255913
-0.0003603165448186086 -3.962001935135915e-05
0.00045536250439843606 -0.00022990566907115005
-0.0003169075704163565 0.0007401260465722484
6.829050559516533e-05 -0.0013995155332916286
-7.71878034272134e-05 -0.00016011074026878747
-0.00031501796320011495 0.0004849538581913579
-0.0005573359965862347 0.00045133725363229876
0.0003058282030279485 -0.0005242530462631198
-0.00013190394595463166 -0.00033952031096300925
-0.0004594492696370828 -0.0009299137064219472
0.0004921425875176247 0.00027047334475216743
-0.00015691341133428438 -0.0013426761252778425
-0.000494282350105592 -0.0007781731872223397
-0.00034282991977640267 -0.00029711852870580854
-0.0006676694596519275 0.0006528081737982304
-0.0007369224213110387 -0.00032047255461777345
-0.00013068223585557026 8.591666032398314e-05
0.0005823595504153997 -4.4499979214480215e-05
0.0005669220458748345 0.0005368378775173985
-0.0002702535168616084 -0.0007790578354176008
-0.000457646224380283 0.0010401094810412483
0.00041646894548646367 -0.0013850328199442557
0.0013421136790541398 -0.00037253248862317834
-0.0009326743945586272 -0.0009562491028624104
-0.0005534086226684741 -8.509233976606373e-05
-0.00017622629702466862 -1.3895548281455847e-05
0.0008590054987217408 0.0008181888560111227
0.001403395548866435 0.0007050455862819548
-0.0005166084154208914 -0.000896236530050901
0.0007559943181379077 -0.0003826727919518985
-0.0005940640210064466 0.0009743510033017165
0.00046670930310446025 -0.001060613578728101
0.0004998389087472084 -0.0008005043168892694
0.001042839056459228 -0.0004231921025944721
-0.0006215122746637524 0.0017786683362408188
-0.0008574290766255458 -0.00023936795180958033
0.0008186030562766074 0.0014826356695364223
0.001484715929495042 -0.0008065282670724376
-0.0001863707196238353 0.0004910279200275419
0.0001655738281022901 0.0014195155868382068
0.0008997822052162415 -0.0007649282960824529
8.110555696982965e-05 -0.0008461714850418954
0.00043155224926173954 0.00037809671357014066
0.0009127521842329714 0.00041558828432368996
0.001031318805968327 0.0014335714438649084
6.171388378573704e-05 -4.1629080073219035e-05
0.0002787961293728107 -0.00029106555890413084
0.0009165191848287649 -0.0004810442471563287
-0.00019877543228932653 0.0007504269104128608
0.00031356240698032816 0.0001070756084738692
-0.0006305921928632373 5.9478322708956456e-05
0.00011248353756786857 -0.0005719100813418102
0.0003525237523076444 0.00041115977967376324
-0.0006569089702991616 -3.705599729022882e-05
0.00014201466562851147 0.0011792181185843486
0.0005140277519055962 9.565084986993241e-05
0.00039702673771121257 0.0004589695069481381
-0.0008236731163650454 0.0005747157939264335
-0.00015910330133715904 0.0003788246940691621
0.000379261021216667 0.0005797521957295562
-0.00010815567144180981 6.652278370062279e-05
-2.027314629837152e-05 -0.0009577918737545872
-0.00037599263524346657 -0.0007349289675395888
0.000197811697791348 0.00011387283977313475
-0.00014383807129392768 0.00014288388656862204
9.354990858469641e-05 0.000399967639941822
-0.0006901634589263208 -0.0001405988409556198
-0.0005379815119116771 0.0010079392395637525
-3.6758827949353347e-05 1.899433180989017e-05
-0.00016017226097411212 0.00010312316164215144
7.168078778507366e-05 0.0004443648105855442
0.0011983542337105585 0.00048245520889883146
-0.0004122031747741637 -0.0006468983015379806
-0.0003036793643593078 -0.0003733828371331722
-0.0003470877869712083 8.680108945695971e-05
-0.00021960212168705323 0.0003100073239828272
-9.424570960264157e-05 0.0010685349095403036
-0.0009677421975272716 -0.00107414901476222
0.0002617000143183121 -0.0006219064472704938
0.00036368380550705766 -0.0005475389901164568
7.728836881524799e-05 0.00023034389829469797
-0.0004856785412492699 0.0005640051538806633
0.0001761178940186577 -9.898158980019498e-05
-0.000884290160831039 0.00014372249827001042
-0.0005212893402439646 0.0005457087818566324
-7.360558665674533e-05 -0.00040669819799468097
0.00042318307134474027 -0.0005964090375500697
-0.0002549323330436827 -0.0005763746852314537
0.0008005943078791893 0.00024865635054889106
0.0002472591351751673 0.0011732690033045014
-0.0003445490013112136 0.0015877719444077599
2.7209248520710704e-05 -0.00028297468862383164
9.02251461148506e-05 -0.0014084560959683335
0.0005250102031060297 0.0009988844785256037
-0.000937240617949729 0.0012382086807655643
2.9737971546226746e-05 0.00014906722906475855
0.0006015449546640769 0.0003033933095566057
-6.472583938470293e-05 0.00026288936902180973
0.00021883676119343527 0.00023243236326126498
-0.0005041893502849204 -0.0002452975507425886
-0.00014469806152900085 0.0006473105436360478
-0.0001887998723543941 -0.0006464378840269886
-0.0001788223311005948 0.0008204792342148027
0.0012712977665437386 0.00041836585280482786
5.7271149492648554e-05 0.0007440459374357661
0.0003042460366970603 0.0007335655117283612
-0.00020559063719222066 -5.347798832614257e-05
-0.00024055305314387923 0.0004997859791240818
0.0007419606409508019 -0.000795889211431789
-0.0005109614659813263 -0.0005627441231380257
-0.0001056321059939683 0.0005994216643824687
-0.0003029527072266665 0.0002781210827545608
0.0002667675082585543 0.00040602321953073987
-0.0005211719353665903 -0.00014116644987649754
0.00022327870863777068 0.0008524832190847117
0.0014002456594540138 -0.00029910407083390646
-0.0007232862917836741 -0.0007141534325890193
0.0002012125821942363 0.0002960469093101901
-0.0005148400819483223 -0.00010266684813676788
-0.0003566085726895077 -0.0013749839609453892
-0.0006184711088001207 0.001074610121991579
-4.333561862046879e-05 0.00044680298741207777
0.00038523402509891473 -0.0009415112686703747
0.00036141799425893994 0.00015437076730214115
-6.37251707739638e-05 -0.0006750131448372191
0.0006895080567101755 -0.0006196645967301355
-0.0002716309258973625 -0.0013061168815509615
-0.0001930311245489438 0.0008002736045644356
-0.00031764680412791214 0.0002849038691818722
-0.0006360304456727153 -0.00010814374131631485
-0.0008318936435849408 -0.0005178459368802857
-0.00047998986861715314 0.0008430607028422184
-0.00048015607581731545 -0.0002848701143507782
0.00027281596173808087 -0.00018835217320843273
7.84190744009004e-05 -0.0004815119522433621
0.00012877555912365585 0.00028097610820167104
0.00010561321539161849 -0.00020435542239315122
-0.00017730459943677675 -0.00012210150242579295
0.00025623419533555636 -7.511764991330265e-05
-0.0006982599572769605 0.0011586784646825017
0.00043110601869226177 -8.095549115517401e-05
-0.0015420233053762985 -0.00017532545571126727
0.0006062901142042947 -0.00023459643750438174
0.0004428127098583353 -0.0002702299234816517
-0.00010202936824607504 -0.0004801217771097222
-0.001037516708618463 -0.0006180833942364166
0.00013345054470171897 0.00021221791297256284
-0.00011804782692446982 0.00010120436654517562
-0.00028858902343062003 -0.0006337865336274273
-0.0015645491059933475 0.0002340171251392503
-0.00039456225981636275 0.0008064794313143935
-0.0001822438135758747 7.249543945543354e-05
-0.00016310104040203764 -3.9662745232480815e-05
-0.0012072802212332793 0.0007662295866016752
-0.0012462461016932642 -0.0006592300502270058
0.0004803669173735101 0.0001372346862089917
-0.0008897932510522452 0.000381325418651309
0.0013079215705660869 -0.00019930602140476425
-0.0003354378183624071 0.0005037251410762641
0.0004069744383792987 0.00045514573579675654
0.000388173832009955 -0.0001937878582844222
-0.0003183416850253358 0.00016374468998614817
0.0011578382526677715 -0.00012666149365251117
-0.0006488254146996814 0.0003206190321138369
-0.0005938616495962718 -0.0002933992235868071
0.0008217546109843545 -0.0006010846628036987
0.00028846213064123765 -0.00018485918654580823
-3.7662041228378905e-05 0.0005694714057439176
-0.0001049909098318161 -0.0008953934301279737
-6.597729823679666e-06 0.00028308628221848685
0.0003442668158898735 -0.00019740721573983653
0.0009092438919092299 0.00010771917226206066
-0.0004994183174461491 0.00010909513778612712
0.00016336438705823327 7.004458900575393e-05
-0.0011551598961490994 0.00016476467875663144
-0.000562753638769892 0.0009393583005353181
-0.0002152486494576744 0.0002115366446198531
0.0008675215887061292 -0.0005230365188092907
0.000386429517285742 0.00019073002955514963
-0.00025468137595977577 -0.0001550054773720334
-0.0004933131021925321 0.00022719770862514497
0.0007079919186072037 0.00012060171241666328
0.0007791133146520766 -0.0009195433752960922
-0.00024767551212011237 0.0013736519831320491
0.0009953612979117876 0.0005569723002981256
-0.0009135012401037439 0.0005186048759439929
-0.0004337816669153992 0.0006819723642628669
0.0005401313973081421 0.0005052937076378363
-0.0002611812237323473 0.0013011348123131664
-0.00027452001713332546 0.00033268229525263885
0.00023474479545064936 0.0009494587339567831
-0.00021777396030265948 0.0002236407240530703
-0.0002518591567311105 9.460299656481984e-05
-0.00021859450770740898 -0.0009593486524706134
-0.0006522392000459495 -1.2371412684014124e-05
0.0014140652337291514 0.0006615770189109992
-0.0006503099818806763 9.570329272067981e-05
-0.0002468579720643246 0.0005023666491027333
7.181993405508001e-05 3.5293914377328054e-05
-0.0005204214162011954 0.0006618134882874351
0.0006215466947308558 2.1903146559624154e-05
0.0005222036473274828 -0.0002819572568126972
-0.0005573880435781869 -0.0009830406716026068
0.0008044690075854419 -0.00047031535170850294
-6.793580065377496e-05 -0.0012170896901007966
0.0007962365758895921 0.00032531069674510924
0.000616115076920795 0.0002575606960375438
-0.00013790296605174389 -0.001118111521519955
-0.0003625528264092378 -0.0002560222324733526
-0.0003766345557696041 0.0003240818719596165
-0.00011240365381714535 -3.473195913886551e-05
-4.161735274840386e-05 -0.00045685030859834915
0.00035951390900259677 -6.966761815472907e-05
-0.0005244969158898731 0.0002473266540841857
0.0007797877673093399 0.0010370415491133711
-0.0012820673665194593 0.00015188249220391166
-0.0002262586728243203 -0.00033441413010585984
-0.0004931925165288514 0.00018764124759714477
-0.000400005785528007 0.00012025252399049341
0.0002298114551460211 -0.00010787548742739729
0.00010634525444367193 0.00042341792088939603
-0.0003923608239452282 -1.8680453990583207e-07
0.00039989706836665486 0.0007621462342572526
-0.0004390918633706528 -7.35290912363943e-05
-0.0007033575241431281 0.00010513417720073502
-2.8584401151347996e-05 -6.180252819549013e-05
0.0005542433591580755 -0.00011838209891207767
-0.0008451530067362427 -0.0005696036549047812
0.0006618260127035621 0.0005216312677274601
0.0004692498851034418 -0.000316219643449543
-6.48361581234373e-05 0.001016813643128778
-3.906669408356743e-05 -0.00016892939466573066
-0.00024186780861688978 0.00048013423273066374
-0.00025070295697898884 -0.00010781674749036814
0.0005947645993966586 -0.00046882036808057573
0.0006094528048829043 -0.00017845834792483214
0.00025203091573171483 0.0005880790654556316
0.0006579689811520387 0.00028149960763067304
0.0006175622884064308 -0.00044429442347885905
-0.0003704954345058425 -7.175050554835904e-05
-0.00010979136575048421 -7.134510022958576e-05
0.0001966626062129618 0.00034444063696615094
0.0008494059794661727 -0.0004151341731626519
-0.00027949343939926146 0.0003472789876977869
0.00022909756945828803 8.882720940444061e-05
0.0007510544751483209 0.0010234837567874345
