4.426374515671492e-05 4.165705837665391e-05
3.3463355167519074e-05 3.454678005717919e-05
0.018588415180883774 0.02648299841850732
-0.00043654278159162833 -0.0005133732089337475
-0.0003848324334077093 -0.00027790964285643184
-0.0006055904506169808 0.0008000025854589611
-0.0008571184505090206 -0.0005528402394034631
-6.55779191534477e-05 0.0001171954627317861
-0.0004079450579421387 -0.000508040779565653
-0.0015932157393930698 -0.0011171772280466207
-0.0005809121757339825 -0.001026170559310177
0.0006049886311531085 -0.0003415838115702503
0.001376797987992596 -0.0005747542125140527
0.0006700954502059907 0.0007988090126208211
-0.0014401471062006357 -5.520337863888813e-05
0.00012895287278420309 -0.00018916963792222605
-0.0009240848126991621 -0.001416796060734108
-0.0007259205248304955 -8.987671440069003e-05
0.0004163210980750874 0.0016575454354813511
-0.00014803763852441667 0.00041479257605834516
-0.0005592447880024003 -0.00024396100171169335
0.0004347732328512642 0.0001336541228723212
0.0009582284106178326 0.0009205638622518947
-0.0007895561154758197 -0.00029943719032118654
-0.0017021517802187 0.0013466082619517515
0.0002272235067523565 0.0018204717421939226
-0.0007305501287778335 0.00036522074824738075
0.00015838677887322736 0.00015290914715648847
0.00026446226102294976 0.00027500384015268853
0.0002539364154277406 -0.00016799259596816287
0.00044207061201630924 0.0006113695447030828
-0.0002977757574348066 0.0006491424352560568
0.0006266948148686961 -9.186930512835791e-05
-0.001542207648806242 0.0006289669798139305
0.0010721894733449124 0.0004848598479012553
-0.0001461222409807678 -0.0003951999208416237
-0.0007991784786086911 0.00019294022754344148
0.0007633647669721369 -0.0017023358902161756
-0.0001828204304653807 0.001004370855904605
-0.001083672474825893 -0.00013876732171036373
-0.00017305122504662253 0.0006585363638721539
0.001238414924244405 8.834108681160096e-05
-0.0007199418925593788 0.00045963394454825963
0.0005674493243144973 2.2482338368717356e-05
-0.0013751245032995322 0.00039841000698814094
0.0010651504696825148 -0.0009202331503329088
-0.0002147480048954619 -0.0005224392039744296
-0.0010857553617711888 -0.00021033553885214584
0.00028882941632052894 -0.00022256721807745267
-0.00033380076183629775 -0.00076086156580946
-0.0001509028785712099 0.00044626301320195507
0.0010565843596337678 -0.0005208023819198801
-0.0013268136969056899 -0.0004789131047719051
0.00021499356450194532 7.541266961572944e-05
0.00018069993636412115 -6.344852992926976e-05
0.00037282797515152707 -0.00017034249220859282
-0.0003420646169391896 0.0013680681264852917
0.0014414878088804756 0.0005357234088980412
-0.001264457802986334 -0.0005904784127249694
-0.0015607419581856574 0.0015495095395826328
0.0003571942754168354 -0.0010974541030049775
0.0002880140277538886 0.0004332170396138059
0.0018637893191859186 0.001265281665489847
0.0005028395432580801 0.001116880780402417
0.0011640828909437952 0.0009336436073954495
0.0009889698933463805 8.481422934254202e-05
-0.00013809395725136576 0.0010916740833170797
0.0001580656716499504 0.0014301268637439658
-0.00043299217643153685 0.0004284276440740578
0.0005022418835270702 -0.0006439200311585977
-0.00044567372349346213 0.0009271930601381373
0.00032416798969194796 -2.4209997385848148e-05
0.00036961242307227465 0.0004264712842310967
-0.0012883986551171854 0.00018844355011736548
-0.001163698702530738 -0.0005917661849546319
0.00010335170981651213 9.445581482076663e-05
-0.0006751602088959436 0.00046573615388727083
-0.00018218541306146363 0.00042730018252279585
0.0007951136886260793 0.0009013155633565892
0.0007760130030392403 0.0005159046563308779
-0.0008566040246523536 0.002012002183114503
-0.0005769456131843396 0.00038403384864432933
0.0007995791339808703 -0.0013354950947133235
-0.00013626880654861535 -0.0002736753963050112
0.00035162699821547817 0.0007469225881700803
-0.0005083296209833634 -0.0012485183599683053
0.0008195185895196224 0.001326202814481997
-0.0004321415878878795 -0.0005690547330401623
-0.0010771954953710697 0.00042989419012954834
-0.0010278255251863321 -0.0005642730038433021
0.00028503235163146836 0.00011750261136159752
1.2244802599969636e-05 -0.0004944422441595524
-0.0014165349130822848 0.0005688716020367108
0.00014001304050984643 -0.00018668477434570591
0.000578889479064889 -0.0009486059144579535
0.0006532278077284399 0.0005841182866296689
-0.00013075622873512 0.000382179310100002
0.00038111229483556007 -0.0001895066322761826
0.00036910676070658915 8.852102351148533e-06
0.00024628786758016134 0.00019371736638255834
0.0014096421496156185 0.0004557980118767396
0.0004432968855281396 0.00041089861194292703
0.0004845313094961811 -0.0005367256000442081
-0.001056023853547273 -2.9237655792991303e-05
-0.0003884896676289214 6.438424275066814e-05
-5.0206802160570966e-05 0.0006832178631462492
0.00020857997364872517 0.0006531411295720927
-0.0003160986596348142 0.0008812078974141606
0.0002239195401397683 0.0010574662327949456
0.00023913822038466208 2.153286543603908e-05
0.0001519067733198381 0.0006491602661523577
8.047086462826026e-05 4.1398168961813086e-05
0.0004226115024268692 -0.0006966351983404279
0.0004680943431273418 7.566172465749346e-05
-0.0004722118462704996 0.0009723894964929491
-6.81973394086005e-05 -0.00025506543397030003
-0.0005098461893546592 -0.0001199861294052355
-0.000730761642375483 0.0002667287134658869
0.0003442083972563455 -0.0004945548861852172
-0.0004834453577890454 0.0009371018241962072
0.001022558306733266 -0.0005152232874640956
0.00036887540742779913 0.0005011937484347596
-0.00018267979805541745 0.000653576795352511
0.00024290160097589208 0.0005682721105266744
-0.00047051502430999343 -0.0002946029130066519
-0.0004596521548944681 -0.0006524350111133019
-0.000337954472525406 -0.0005313155361596221
0.000206801406124779 -7.889418949750172e-05
0.00013081285967681127 0.0002727206137664569
0.0008018542203704355 -0.0003892880309734786
-0.0012599350589202892 0.00024858059725954595
0.0004644880331877141 -0.0006729699020391949
-0.000156533273684161 7.804979411458218e-05
-0.0001899161588725558 0.00043862137916104695
-0.0003673897092156226 -0.0001926769078552474
0.0004184944279634998 0.0003142499056732591
-0.00035000770999408544 -0.00028273585906028037
-0.0009739118221539384 -0.00015167608995082438
-0.0010544820353626302 0.0005203906790420252
0.000691324012973632 -1.4698700664711003e-05
0.0006045051005052334 -7.188471808461608e-05
0.00031867409882888195 0.00016602036626778462
0.00018517933967250532 0.0005834918269480705
0.00015826634236313974 -0.00022794455058419442
0.00023861653325145694 -0.0004666447261068291
2.946364728950143e-05 -0.00037511055437391906
0.0004828227905285024 0.0005497668084025843
-1.3319300138714735e-05 -1.797721998054621e-05
-0.00013033123955532176 0.00034898536733663003
-0.0003849720763385226 -0.0001198785498342807
0.0011107659066895588 0.0009888488218054176
0.00037994871539474997 -0.000317779117743424
0.00011339499736744698 -0.000983930320709376
0.00023417523536051532 0.0005713843926734315
0.0005430882882075003 -0.00024179526840615494
-0.0003391163109941429 8.579947157277571e-05
0.00015293702986274597 -0.0002714752204970664
0.0006723525527332038 5.774464040619456e-05
-8.718117683337919e-05 -1.85992427516548e-05
-0.0006621505419889034 0.00022999390901540443
-4.4348112847694456e-05 -0.00016917769072130915
-0.0005650008089828947 0.00012864309161945273
-1.2380795361687034e-05 0.00034967011498437966
-0.00010626036553770129 -0.0003879168362697008
0.0001360850396508784 -0.0002922659398160296
-0.0004240523854873558 -0.00012322642434018066
-0.0009956453156254818 -0.0005046027931884727
-6.776291587905563e-05 -0.00023590757950218833
-0.0005238838814602451 0.00013423334768370034
0.0001835574351905464 0.0008519083122447623
0.00047850969180315963 -0.00011492788096095723
-0.0008827065773313762 0.00037062050137090757
0.0006684402424167373 0.00046803839403049524
-0.0007793731255957305 0.00047884360881485206
0.00014662801680869354 -0.00012160652709812509
0.0003785025961306915 -0.0005731394924394769
-0.00023485607933608209 -0.0008246034698775519
-0.0008715487488900633 0.0007775538193892325
0.0002710922866351067 -0.0012414603649498733
0.0007636403415737941 0.0001272893550311833
-0.0002570367386794914 2.5134959043652307e-05
0.0006701820279632114 -0.000405358665845987
-0.0003668729461388213 -2.0283163946890618e-05
0.000582622170370345 -0.00018970775638364236
-0.0007984007275456188 -0.0002539378433672187
0.0008060437871125574 0.000518670825565823
-0.0005718490115624085 -0.00015706137640587298
0.0001891774001471954 -0.0006569327997156282
0.0006780686221215157 0.0004353705588114968
-0.00013811175388893303 0.0007700145303831906
0.00040713010019971003 0.0007124964493614478
0.0004056132552711661 -0.0001377537069284213
-0.0003477478391043572 0.0007982520177429598
3.114083725613366e-05 -0.0003670867954177163
0.0003790018770049899 -0.00016110118411945303
3.9621991390142745e-06 0.00025104005531334023
-0.0006180534965242418 -0.00012611082112150927
0.00018686035052635483 0.0007601542417773932
0.00031493634780118204 -0.0007223484446511963
-0.0014921655147775474 -0.00031666155575126644
9.966520898607899e-05 -0.00020889081086364426
-0.0008660825867617004 6.404565825834482e-05
-5.1818445034439216e-05 -0.00023888159949577359
-0.0006486830586606184 -0.0006697420315512646
0.000629123206619875 0.0002882467968270637
0.0003610040370439159 -0.0001481121192888366
0.00018554698354368148 -0.0012038282845643913
-0.0003559661153325671 -0.00012409274761968626
-0.0006934168685312938 -0.0006420408954500468
0.00039520756474894727 -6.82037109065319e-05
0.0002071188595563727 -0.0002884541953384591
0.0005985821180642521 0.000593387254304687
0.0005272968434472088 -0.001010523802068442
-0.00038495621989100996 -4.752130921404833e-05
0.0004917227801388498 -6.200881224842151e-05
0.0007427958599069944 0.00011829130128487995
0.0014180140087676997 -0.0010029942721137702
-0.00027727280992858455 0.0008962329718086094
-0.0008251047309733441 0.000531304638441581
0.0002792141695204345 -7.053175193758768e-06
0.0014501642225535484 1.1085434120358458e-06
-0.00025684200156052305 0.0004388336590285728
-0.0007874916017815828 0.0005950377694091523
0.0009068132427248539 1.1998859433332063e-05
4.5648536583740975e-06 0.00042455117533264766
0.000637723428938732 0.0009633543801214084
0.0007787309467584457 0.0006465721135399497
0.0008370929652786514 0.0004334559134248669
0.0007465092090873449 0.0004119904642854332
0.0005008406055873397 2.6587899522626427e-05
0.0008326770469450474 -0.0010490521712813853
0.0014999725906142073 -0.00014542591450947831
0.00018832554369600302 -0.00034849944756854364
0.0015068499311872595 0.0003023352858403287
-9.811139702158284e-05 0.00016760238977808325
5.194840658583135e-05 0.00047146059384127893
-6.539931889738158e-05 0.0008441776048384511
0.00031462599323819163 -0.0006895517623614806
-0.00022427386878426042 0.0005983247751131329
0.0004546439390512399 0.00014082732664686903
0.0004087815474142108 0.0012130098091756583
0.0003629387148302854 0.00011466408846294527
0.0001482769254393934 0.00037750097671334704
0.00015023356505489697 -3.960503466236694e-05
-4.907374027939298e-05 -0.00020190440176538716
0.000807754260089777 -0.001110525125189118
0.00016109220145526262 0.00038263390254792947
-0.000528143383314754 -0.0003093048996320885
-0.0006799981080686385 -0.00111697529814046
3.1846184216236456e-05 -0.0006195575578769846
-0.0002234682427042557 0.00017396170168572196
0.00026390243106882527 0.00024276626609536989
0.0004159780190457267 0.0003494556636069255
0.000678463918596557 -4.239254110689215e-05
0.0007281945977115114 0.0002359033083618185
-0.0002811848123464132 0.0002968283371462168
0.0005324000873858149 -2.75985530632905e-06
0.0009887287944939217 -0.0002915249913964922
-0.00012792675694470691 -0.0001469923948286745
-0.0006220132182169213 0.0007966649757073617
0.0001351327060377463 -0.0005411568199822066
0.00022270706303038557 -0.0003644330759263297
0.0006327295288453533 -1.8166163035878566e-06
-0.000684284772146408 0.00031134917803116575
-0.00026529056384681863 0.0009019543694482154
0.0002757371765961876 -4.4124758617447025e-05
-0.0013065231280505565 -0.0001234098376536065
0.00027629553746572077 -0.00044756268922671903
0.0010758396780850448 9.021835396333154e-08
0.00025664594505016807 -0.0005010856006181374
-0.0002737184186696109 -0.0003547334835150259
-0.0005083952712006791 -0.0001527790652432649
-0.0005758316156587174 -0.00010913753061690509
0.00016945617740569252 -0.0008189552510461114
0.0009640673775115573 -0.0008691884920125364
-0.0006839107505409067 0.0005696584916955214
-0.0002153662972200915 -5.278686501944222e-05
0.0001678324719547317 3.361637272340084e-05
0.00039837785967858266 0.0006995995849952362
0.00020997035618135334 0.0009929242871393852
-9.83967560492107e-07 0.0002476286553940369
-0.0007709678188602262 -0.00016122285021145358
-1.1804630807108513e-05 -0.0003022729818042291
0.0002525641927440435 -0.000287672646648716
-0.000614232788177578 0.0008124106018729252
0.0005940278250393656 4.7540415208183017e-05
0.0009643722552959901 -5.067289937372511e-05
0.00014046566294899723 0.00032963666814136945
-0.0002881252231838518 0.00014896702715314062
-0.00030572024201402204 9.83849237206244e-06
-0.000586555841190598 -0.00021013703713355862
-0.0006599544653383054 8.982031715633695e-06
0.0005835809303887601 0.0005777104047650749
0.00051412498521444 0.0004690251200365793
0.00012076080856875388 -4.280768801446508e-05
0.0008221940816868962 -0.0005151440034229141
-0.0005609821920562755 0.000516312808034007
-0.00032482950750143156 -0.0001982701551145108
-0.00027531702832827947 -0.0003090961449526749
-5.8133872860932954e-05 0.00019679088451580082
-0.000685299759035437 0.0003960995160339853
0.0013350975468449044 -0.00039627401582902863
0.0001849474449523349 -7.889401366395994e-05
