3.5503617560574756e-05 4.737813099613624e-05
3.397800084897601e-05 2.6209694049176735e-05
0.03416857892969835 0.013606410899939903
0.0009222372114607038 0.000619985100303852
0.0004150405462275211 0.0018948627560228554
-0.0005381412785676328 -0.00021449049281579833
-0.0005084839396747159 0.0008539549740827682
-9.723894024484182e-05 0.0005977355967481897
-0.0006964964546285353 -0.000577140865801922
-0.0009266137470404509 0.00014001526251321845
-3.929760288548894e-05 -0.0009088115080137111
0.00012058397237345218 0.00013247151276811565
0.0008082755231030621 -7.839123827171101e-05
7.251011949115885e-05 -0.00023605358804695318
0.00064223203294784 -0.0003547887423132427
0.0005510403771900368 -0.00037502400374953145
0.000757305454258979 0.00022239050726999146
-0.0002920155206503346 0.0003381370016426005
0.0009121968865318081 0.00035848149448254005
0.0004035940459154019 -0.0006625972570060423
-0.0002753554152847886 0.0007710210027991757
0.0008800265160448749 -0.00021082796395424313
-0.00016771899604600397 -0.0007025026783491769
0.002113543900040354 0.00021172020040322024
-0.0001484111066298954 0.0013080694165568663
0.0002524242829138881 0.0004000901006782799
-0.00026842121986745283 0.0001939179273194371
0.0003290895991754053 4.817869096594948e-06
0.0008548823642753236 -0.00023720358065965083
-0.001437427802548173 0.00011011675259726493
0.00010623941172795846 -0.0005755568027698059
0.0001944766870517056 -0.0007508857455565779
3.537843634267398e-05 0.0003535605958564268
-2.974389699338009e-05 0.00014741837479272693
-0.00041145628388425566 -0.0006318805390854713
-1.0789810689066705e-05 5.459598755096693e-05
-0.0005652496629718487 -0.0006019695562646055
0.0005240557380029088 -0.0008238279287738111
-0.00035441374228367505 -0.0012396902137576167
-0.0010679722212378255 0.0010199705803729101
-0.0010990707404730615 0.00016252173674985033
-0.0003978034434586841 0.0015550071009420487
-0.0005387915225529985 8.589792322464296e-05
-0.00015386981659294474 -0.00047031415455977226
0.0004042441542484489 0.0005997754695906134
-0.0005154906600974936 0.0014389108254022215
-0.0005587293295364561 -0.0004770660186096224
-3.232880050331951e-05 0.0008694115762599787
0.0005487806839884642 -0.0006788466684740457
0.0002654738213328582 -0.0008213695813707526
-4.084736816847781e-05 6.070710498665553e-05
0.0012503495092274915 -0.0004488790602421209
-0.00018308866647265997 0.0002185156249473147
-1.1100396056342293e-05 -0.00017612379851433203
0.00021201039393819765 0.0007074059951817352
0.00012059312979166358 0.0004547132589693715
-0.0008466415764512574 0.0007673030613788048
-1.0122527932124883e-05 0.00036334484406819135
0.0013988440622812327 -0.0002622945781263686
-0.0007903550307025703 0.00037932452515155663
-0.000522391066700281 -8.73166068700221e-05
-0.0002980821358518788 -0.000526545318516536
-0.0009539137193257133 -0.0004210907211873754
0.00040694251468041003 -0.0003816373903362678
-0.00015925284654529713 -0.00011424688139873089
7.530894673537555e-05 0.0009161329152293948
-0.00043417488019564603 0.0008470413007151829
5.7558972935597004e-05 0.0014740372189875638
-0.0005297639344815238 6.919344677355129e-05
0.00012344979943625656 -0.000772173736766042
0.0005359031391420796 -0.0001517977005103176
-2.8905176906789336e-05 0.0017491166773906637
-3.036437393056327e-05 0.0006957270971605739
6.811155750549031e-05 -0.0004406356175706485
0.0010530473240141986 -0.0003436566821853844
-0.00019801367761154503 0.0010410076355352414
0.00025432022823110675 -7.516743278596888e-05
-2.660656446351317e-05 -0.00018103712816496662
0.00022062549171696406 0.0005614351722100432
2.481122105343134e-05 -6.792159574112125e-05
-0.0005926704828834192 0.0005987459469466841
0.00046923406794715275 -0.0002545400703374018
0.0006271067526939008 -0.0006580202154462825
0.0009003621065148285 0.001562084784050071
-0.0014942390319380714 0.00043489390435405
-0.00019137882758051133 0.00037917407930469326
-0.0017867749547239215 0.0010501301896263936
0.0013793801688967839 -0.00044848385634258106
-0.0009305273411906339 0.00032498460825981193
0.00041613171898686584 -7.131894111887155e-05
0.00024088829551608884 0.0007954515707674879
-6.21982290008495e-05 -0.0004436704965343393
0.00036773262128363826 -2.4718822081443283e-05
0.0005291846134481372 0.00012401155735989038
-0.000561190215689441 0.001271259168430558
-3.406214113215901e-05 -0.000892084939141678
0.0009537855438741016 -0.0001330045236521799
0.0006212253734737027 0.0002746753619363492
0.00031890996685307366 0.00011265014276239255
0.001140628852527331 7.681539994493628e-05
0.0001575148443778411 4.613328701297319e-05
-0.0007881906628792467 0.0004566289133047769
0.0004636103476311989 0.000730170319912589
-5.650086178963745e-05 -0.00041209299654390666
-0.0010920679130617286 -0.0005845527837722396
-0.0011685561451576585 0.0004897998221084246
0.000911565489718124 -0.00027043847374084334
-0.0003295594142004765 0.0003156778614848782
0.00013997121985391572 -0.00024173656604877886
0.0010435806890601168 0.0006907892173792767
-9.806331736838663e-05 -0.0006032215877709278
3.5571217175828165e-05 -0.0001646091212697327
0.00036099525479643294 -0.00021504835876531064
-0.00048665541381945544 0.00024020460680957784
0.00021184354983893921 0.0001581636011868266
0.0004612425773413328 2.638749726504862e-06
0.0007005737988083864 0.0012400448837818487
-0.00034629683293913824 9.982724498169802e-05
3.368812999807368e-05 -3.697836420480286e-05
0.0010927694905477612 -0.0008661439851239129
0.0009694202367893928 0.0005944770206691344
-0.0004890546602321706 0.0004233490210483856
0.0008102139546395283 0.0003387674251835072
0.0002589642927526489 0.0005977085071757658
0.00011251007535399044 0.0011966936834362605
0.0005345213835351257 0.00040305530403227883
0.0014011075589379337 0.00026855585758518377
0.00028339221380499756 -0.00013032024472791552
3.2607163334471844e-05 -8.788867485100433e-05
-0.0009723212239322302 0.0010195504519288452
-0.00028377204435259625 0.00021574836960601334
-0.0004476342209504789 0.0003045456990587005
-0.00047309366652629635 0.0010738279715429091
0.00019734144490096098 -0.0005151924775697724
-0.0004126954994526727 0.00042353384391866447
-0.00032109832329713317 -0.0008977540932851275
-0.0008484213511793204 -0.00048278048398893783
0.00029843472341687516 9.220384887801317e-05
-7.733784349323345e-05 -0.00029976023420149516
-0.0011996846456740315 -0.0010311923094026593
-0.00038859622950195136 0.00014213650718939975
0.0008993934377903074 -0.0007473484557545826
-0.0005176084208938325 -0.0006426628875238029
0.0007776102052373106 -0.0006336211955781639
-0.0003648866718403129 0.00043740746996984793
0.0011012624016797147 0.00018306145145133136
-0.00022367382363703092 -0.001341874360202964
-0.0014250337174769624 2.4204614723844697e-05
0.00010337004797534938 -0.0002094063105253818
-0.00020293261679481242 0.0004918837232303055
0.00026884987164971295 0.0006129787644846228
0.00024782362938164043 -0.0005223365756643406
-0.00024261669550711332 0.00023740391084224618
-0.0005168428202391053 0.00018782737719587846
0.0007018510434495495 0.0008663030611858797
0.0005528568961701849 0.0005962195550702601
0.0010019293412767548 -0.0006409294243077669
-0.0005742881021581852 -0.0009758944786998136
-0.00037594170475789215 0.0008449229848520885
6.874337376093579e-05 0.000122438308628988
0.000735655713164236 0.000571917794866322
-0.000927217338590337 0.0007490276338679462
-0.00016810117539248315 -0.00043933396455205084
-0.0002490573505548984 0.0001209492587337303
0.00026805693268422724 -0.00035355980097773047
5.948855583328869e-05 0.0008250179899614826
0.0011335090953854595 -6.096040997263839e-05
0.00031106557560916804 5.607806589833187e-05
-0.0004450032058712168 -0.0009889129713409903
0.0004431222159829849 -0.0011566044115083247
-1.881871938314584e-05 0.0002949105769071554
-0.00030859429293830386 0.0004520510789631632
0.0008605389680254283 -0.0004896694046005459
-0.0002142436068927736 -5.133290956471133e-07
-5.575034852683752e-05 -0.00022336017647165093
-8.259333772121173e-05 -7.766804440975676e-05
-0.0003337157548205289 0.0005410339756388609
-0.00021479308036237977 -0.00038765583708162243
-0.00032865138246045524 -5.152645726468788e-05
-0.00026804294626958804 -0.0009213144759199167
-0.0003585209263532311 -0.00016447698948247676
0.00031357201666950613 -8.165383591726816e-05
0.0013993399390349055 0.0007203199350296903
-0.00017719111350235396 0.0011693526922029558
0.00019922792160580942 -0.0007941117788218335
-5.450550307413839e-05 0.0006821211907583481
-0.000626751559172897 -0.00022156821068408807
0.0005165363172564712 0.00024506747645289587
0.000246590721089515 0.000808254369370014
9.380439869149377e-05 0.0006087798253966066
0.0003962169107494575 -0.00023236764955534905
-0.0007128797934786765 -0.0002767285431752337
4.8923102128747536e-05 -3.402029775351405e-05
0.0010391618257329313 0.00018039062252807816
3.4071978840015845e-06 0.0007761209067089451
0.0003528496318482352 -0.0006124665220428077
0.0003564013166955712 -0.00027073014337286594
0.00038472610017112384 -0.00019337675935278355
0.0006041250665740251 -0.00034895103474381873
-0.0005550280604590105 -6.214984136693404e-05
-0.00040782553170163276 0.0009268745901481361
-0.0003662422268341148 -0.00017584118033695125
-4.9404837538919976e-05 -0.0002893570469528759
-0.0005955271175847179 -0.00012739678911293526
0.0004499802106788323 0.00016195339855571775
-0.0007748808278240097 4.254658449595016e-05
-0.0005309717969966 0.00022375085062668057
0.00025587355965197997 -0.0008321445119035773
0.00015242836093760362 8.390038017595686e-05
0.000287630767793041 -0.0005266472501442433
-0.00024892823587129335 -0.00015458411748681694
-0.00033133558990348997 0.00011241886805286295
0.0005397692820737135 -0.0005069248736619403
-4.728719909198491e-05 -0.0007358613907736597
-3.0994435846560904e-05 0.00020614653615730214
-0.000784108227934632 -0.0004761328280951613
-0.00040820427421362176 0.00018662239162644327
-0.00014062119491280284 0.0004534417440514651
-0.000463706062698729 -0.0003738212964474951
-0.0010005239034687856 -0.0003158830247696538
-0.0001272857118254464 -8.417022463507293e-05
0.0001683878885256873 0.0006857370091581286
0.0006876614403574131 0.0006873256408595768
0.0008669420327652159 -0.0008373657507752536
0.00047829871578004466 0.0005759938082753788
0.0011534542322579196 -0.00017903597841117778
-0.0002137370827201237 0.0008496724108969459
-0.00041647847961191823 4.286919913364133e-05
-0.00039607265966539774 -0.0005896060291973087
0.0006108728423953702 -0.0005200018824062314
0.00033371487903435636 0.00042168873921428015
-0.0003251293979425535 -0.00020275019017186713
9.368649465497655e-05 -0.00022726145424788868
-0.00019221987274810784 -0.00015435094785168515
-0.0006805912514784618 0.00011949820761267878
-0.0004532299987254072 -0.0012048059278817838
0.0004740311616190117 -7.842562323096882e-05
0.0009320394198687284 3.224199106943884e-05
-0.00016370374358429604 0.00028757475475416636
0.0010923864413861315 0.00043893001538837566
0.0007555521088573543 -0.00034425976388357995
-2.9294980065090754e-05 -0.00026301424884322543
6.702043846448768e-05 0.0006687912457706268
-0.000885946169031454 -0.0002456534928985263
0.0001542710953414215 0.000785264487929885
-0.00047624107122931256 0.0006112904670157272
2.1217753249656392e-05 2.266810288547223e-06
0.00017769495929885012 -0.0013296150361168844
0.0003448183648301034 0.0004099134761870878
-0.0009006323548217053 0.0009275155798061052
-0.00048591233804791005 0.00019955181757364844
-0.0007378732243270176 0.0007466030806637758
0.0008340612009012611 -0.00014050349333874498
-0.000354058206342648 0.0005015410725610936
0.0011266638297693242 0.0006426797482459286
-0.0006442979339961095 -9.015511735152472e-05
0.0001703423791274157 0.0008896892337960573
0.0006378233385594556 8.567928617516167e-05
-0.0006500297461179411 0.00048497860049559005
-4.372401735351285e-05 0.00014141315610485494
0.00047466008458294526 -0.00113936918943541
-0.0004628034380676787 0.0007021990123645715
-0.0005399691150483772 -0.0004481811754942976
0.0003619627428701526 -0.0007039250470648563
0.0011541354321946047 0.000267288247983723
-0.000919791414115609 -0.0005381729499662815
-0.0007947675113514082 0.0007188256629769134
0.0006392870045110635 0.0010287501156995436
0.0010790129634339943 -0.0006856361443127226
-0.000683822156982724 -0.0004041835326728061
0.0004757403484739989 -0.0004443806641413007
0.00012777919375666632 -0.0002545141187101206
-2.7952489029728577e-05 6.497915503104958e-05
2.318255173733298e-05 -0.0005477873677140439
0.00013867535067049194 0.0008625856800777899
-0.00034435619981763784 -0.0006477940802666138
0.000987509073325888 -0.00013946318311713402
0.0003795992594607554 -0.0006154138839002548
-0.0003768776369311719 0.00010075587812103901
0.00019871234712824084 9.628300567612693e-05
-0.0003188966611576706 0.0008473151412988599
6.349419043704706e-05 -0.00019081211160402697
8.16364589009117e-05 0.00037167080261945776
0.0005097882498347953 -0.0007900431873312837
-0.00018654607860038572 -0.00013286200697112604
0.00024691966424641987 -0.0005645910230838314
0.0003062299431199939 0.00011482097874888812
-0.00010974240188699027 -0.00031924608026549783
-0.0004470137891111859 -0.00011545676724367704
-0.0007140784921186001 -7.63594512554008e-05
6.846231319110943e-06 0.0007826933040223613
0.0009981728718154654 -0.0002120196909337628
-0.00022899792295824202 -6.474835959084183e-05
-0.00013262762920871065 8.709357500825653e-05
6.07566688925847e-05 0.000354982561179856
-6.848294046385729e-07 -0.0007739663175141518
0.00014461808308366108 -5.5941792881652654e-06
-0.0007377249732844115 0.00028539057816747554
-0.00043660530357456697 0.0009013898973693098
4.47908740389376e-05 0.0003260687290396186
-0.0006072275593090149 0.00010598994452192739
0.0009223176553050257 -0.0002441368188506581
0.00041238577135012166 7.748511434279965e-05
