5.323785851413067e-05 3.0219109428133767e-05
2.6472611344785203e-05 3.224459285613831e-05
0.02480694971511593 0.021650233191271184
0.00019052599440465477 0.00016313041064692184
-0.0016617433513774584 0.0007809376613639289
-0.0014468160253101254 -0.000480253673524266
0.0004873453814638443 -0.00026458457341672225
0.00025333386051039483 -0.00014548452042149554
0.0005301604588686502 -7.13864531683834e-05
0.0008688810720669906 0.0003117505877055825
0.0012551502958543569 0.0011797875662792076
0.0008596543550531962 0.00022040504978664672
0.0002724186664448149 0.00044977660792189526
-7.788092481885925e-05 -0.0005493818143033945
0.0001638250105194647 -0.0019386119410114177
-0.0006274803807477273 0.0012509278341543667
-0.0002040872800677656 0.0013938509717834704
-0.000657179618817723 -0.001143527766025362
0.0015750443399443462 -0.00018375538026730592
0.0003958581705159874 0.00018819428641907632
0.0007860968472899301 0.0004924002800210868
0.00010779852732995723 -0.0004360888730265616
0.0002508452606401936 -0.0009112624151592187
-0.0014349354061039112 -5.016213084951919e-05
0.000446540176180572 -0.0004700294732356497
-0.0005173689460524309 0.0006874442909445805
0.0007155952868060082 -0.0003844477203733017
-0.0007323932246631177 0.00020941223994498087
0.00060226978887605 -3.0008400719300624e-06
-0.00044155306748863867 -0.00013792759835832546
-0.00047034038019125605 0.00019625856185725846
-0.0006160971712364378 0.0008212010944688345
2.18159813332481e-05 -0.0013731150489025591
-0.00026240004498920245 -0.0004144720431775803
-0.001337920150949052 -0.0004621241154597773
-0.0016002141337881528 0.0005947457123506527
-0.0017900864302612062 -0.00015578637407919426
-0.0012759307882001711 -2.6545464885079963e-05
0.0010839756777035836 -0.0001506015503821339
4.750784512213504e-05 -0.0005652248852708185
0.0010459111855431048 0.00024721837081214456
0.0003113770263400609 -0.0002999379593210674
0.0003137707367631351 0.0008719913217390236
9.690730542036418e-05 -0.0004795338835105717
0.0006933706252007237 -0.0004023738233259746
-0.001661290335942628 -0.0004932063770748446
-0.00038718887472312375 -0.0006252674725679938
-0.0007334821482977245 0.0002687198118652322
-0.0009911642250309042 -9.415409107896819e-05
0.00028835645042894667 0.0003387495996763832
-0.0007069238575304152 -0.00044504805737243625
-0.0005858119478384769 -0.0008118151178438046
-8.879819773697752e-05 0.00033978827420915483
-0.0006451430689993183 0.002118801320997834
0.0005980844951224541 -0.0004797777391131323
0.00016468928741392624 5.979687139463159e-05
0.0002675986974411537 -0.0003387679691765396
-0.0007391793297216758 6.74430396886026e-05
-3.5394399076410136e-05 0.00010396835033767808
0.000364851581675807 0.00012569785047173817
-0.0005465372278518108 -0.0006877076875370613
0.0002791106276139452 -0.0011130762003387772
0.0008818669254498793 0.0007446024596760508
0.0010816310888824491 0.001122713081872013
2.7729162096767343e-05 -0.00013058121661724056
-0.00031865736410703366 0.0004198283594221558
0.0005908268397562114 -0.0012188608152676262
-0.0003653477389213076 0.00023806473086603782
-0.0010832561329779146 0.0006772801388850454
3.032061261903598e-05 -0.0010290825020871901
-0.00035569433773641976 -0.0005768611182925975
0.000810378367792945 -0.0004950463044028681
-0.0007386596366301359 7.47560422744136e-05
0.0003745821616292373 -0.0003459066436361303
-0.0001362952234406978 0.0006504824016237275
0.00041594437370364183 0.0010535786432483085
0.00015636755501701266 -3.25902462977284e-05
-0.0009471348622960897 0.00014660776538559568
-0.0005159297603097725 -0.0004799619893576049
0.0005564021054719261 6.535902506898281e-05
-0.0011337991231790043 0.0007519247906136181
0.00021049825230877074 -0.00040570081607046245
0.0009418896654074534 -0.000800861820185408
-0.001109115830026846 -0.0009597986378813907
0.0009158908017940351 -0.0005431071403738349
-0.0009796760402194882 -0.001099763842208279
-0.0003164537466733425 -0.00035991988863408894
-0.000663860692779489 6.45932871861839e-05
0.0002446705070136849 -0.000256687050962437
-0.0011347908897459302 -0.00028164513458695537
-0.00011395942939368078 0.0007640175591920041
0.0008052920621168839 0.00029259503310369425
0.0002787455675337533 0.0013745520959463763
-0.0008090061217590919 0.0014905553464873
-0.0007168182804023004 -0.0008268876670264181
0.0001836880266712915 -0.0008119315654569259
8.686448931981421e-05 -0.0010103689633203883
7.048196594330132e-05 0.00024720983961720196
-6.429347073796696e-05 -0.0003298172493175885
7.471865801599659e-05 0.0002690259743105254
-0.0010403931511423303 -3.2182117504496006e-05
-0.0003236442639744913 -0.001541340692348587
0.00029062424549785557 6.633132698356197e-05
0.0003268358541933883 3.361089169773202e-05
-0.0013598021302157935 -0.0001914352505740073
0.0008245793751508896 -0.001166514307183937
7.290749900860736e-05 8.003816476059462e-05
0.00038086165199249127 -8.53089811324915e-05
0.0006073856160801255 -0.0003303884750143326
-0.00022332664719630779 6.270538931641266e-05
0.0003714951199776212 0.0010021182970256033
-0.0007071222047086178 0.0005951840232664397
0.0004502323494371402 -7.9029089963452e-05
0.0008983537886878799 -0.0002587707918796294
-0.00039975027004314137 -0.00042621246069644565
-8.607638135048195e-05 0.0006299283161942536
-3.540605628938822e-05 0.0007179228665214516
-0.0005405983650398539 -0.0006916397072664176
-0.0005540568497123279 -5.99498489025531e-05
-0.0016193329923549114 0.0003385575135701197
0.0002975831384299073 4.777162671567963e-05
-0.00035026062999370924 -0.0007403985481032522
-2.9615989361161024e-05 -0.0006122171447192878
-0.0005037361755361386 0.00019411792276525228
1.9020311274442908e-05 0.0003276691318417873
0.0005359736223340427 0.0004313085367214096
0.0003436209844891169 -0.0016495128521075016
0.0006437533624022835 -3.549558482568281e-05
-0.00021583401560576208 0.0001743687597920907
0.00016125215268491082 -0.0002799937203156177
0.00035096323812888064 0.0002491270863738475
0.000244390621062429 -4.376671234231464e-05
0.0009683810418646394 9.54226106478772e-05
-0.0002952392302641466 -0.0007583669166796441
0.0006125827057925216 -0.0003118777434821562
-8.698921258962134e-05 0.0007788054382762893
0.0004247797494220435 0.0005967743452242855
-0.0003557502127716799 0.00018097247379294685
-0.0005096161655156231 -0.00011202006853251651
-0.0007921867250999786 0.00023801899276150386
0.0003103088678381799 0.0003565877128063356
0.00044313643790843554 -3.379918689303972e-05
0.0005746542960569614 -0.0004624283136881379
-0.0015612639669948978 -0.0006553181156687727
0.0003629396758660828 -0.000908540980762906
-2.548367768429166e-05 0.0009581858549193256
0.0010352278233233501 -0.00023045324735396035
0.0005397397097281831 -0.0002122026914344998
0.00015825013710251594 -0.00023953402369967678
5.43654461369833e-05 -0.000713894464218767
0.0007073369962331194 0.00014333585485720986
0.00042789899618596403 3.779817857670092e-05
-0.00015035896748765508 0.0001261147731328473
0.0011921351075729271 -0.0003980395442543735
-0.0001224130132901383 0.0004795238707459094
0.0004164275413950942 0.0009364155820170262
0.0005717510013180611 0.0009392368172999513
0.0003845822248144473 -0.0005745749477871631
-0.0005161189226089554 -0.0008689033782443351
0.00033768122560251957 -0.00024585242573735283
0.00021138487972319894 1.3725263814583441e-05
-0.0007738005651567241 -0.0004432113260121678
-0.00024236686859959605 -0.0004134836236327641
0.0002597617563613251 0.0009283133289503765
7.784914678611737e-05 0.0005668610473975652
-0.00023700311770061359 0.0007319771667685207
0.00019867416896948234 0.0006633164269674129
0.00032498870168724874 0.00018138533530532048
0.0007083666098909577 0.00016537519036718403
-1.6113911654575778e-05 0.0002704537588667958
0.0005487180769127753 3.841051359639415e-05
0.0002602330409763094 -0.0003600668014395327
-0.00021274080143902268 0.0004927212644593593
0.0003854296136504121 -0.00013212353409997103
0.00014231123846342433 5.310220318203287e-05
0.000327072664177389 -0.0001334383533693211
0.00019712105509376044 0.0004855867321341501
0.0011168833364604116 6.955486128719356e-05
0.0008331303471971087 9.708117862461365e-05
0.0002961097341132704 0.00010943269338411729
-0.0004487324460067911 -0.0003692648868714047
-0.00040021753463655814 -0.00034280285799046596
0.0001663227534854649 9.24264100843619e-05
0.00037805783996707577 0.0005484036532541688
0.00018338698808807502 -0.00024290671155846098
0.0014657877777794887 -0.0004093688203472327
-0.0002349202723135082 -0.00031097954850385433
0.0008771592690645372 0.0010224435167074679
9.787231052048183e-05 0.0005606295236375224
0.0003006519817090014 -0.0008039821427709244
-0.0011898409514666064 -7.58216765934185e-06
0.0007639897433070075 0.00015508517337503342
-0.0001900849193180983 0.0006022477232808133
-0.0005089252114304132 0.00010881723023747511
-0.0003815138502564926 0.0009392715836108225
0.0001129869824865082 0.000935680933189558
6.086502936255344e-06 -6.713736165228016e-05
-0.000140306360754396 4.5395941695293035e-05
0.0003877218207827865 -0.0003395048262158124
0.00015477730129785663 -0.0008203536187780566
0.0006274576395539204 6.409879722212512e-05
-0.0006872413482897201 5.468449362482262e-05
-0.0009177820167517585 0.00015701031780343446
0.0013376361246953193 -5.680593297659344e-06
-0.000298342149661832 0.00028953026169027755
-7.075368781029923e-05 -0.0005140612205230326
-0.0006306712919113236 -0.0008713784689033626
-0.00018686038156909708 0.0006719971851544433
-0.0005036391549891799 8.919607085864468e-05
0.0004995940541295875 0.00011319658772140172
0.00036577193520545613 0.00041220632126019816
-0.0005981945994531447 0.0005024319277494834
-7.201135049573165e-05 0.00028893419221334113
0.00032843188026182053 0.00011350884769707624
0.00029686528845544914 -0.00029311657052139874
0.0002974545857348492 -0.0004371883359110455
0.0003316191539500053 -0.0002535300171655476
-0.0006336307603251123 -0.00012654327456561876
0.00018486726532298704 0.000521742188900367
-0.0009666363415678157 -3.114207778344885e-05
0.00015018200077258014 0.0010939781331923322
0.00010379479032921985 0.0008943633755739434
-0.0003622075073635994 -0.0005601409137205149
-0.0004289344853172743 -0.001046177251830724
-0.0009571763716730787 0.00044615384810386613
-0.0004718512075605459 9.078559828519041e-05
0.0004260782005467183 9.194430210791526e-05
-0.00012805966945560627 -9.29868024423545e-05
0.0008176424003761607 -0.0012189736699949588
-0.0009278245430417853 -0.00031651671993490886
0.0002845077230950171 -0.00021407448969902278
0.0002374259308071273 0.00011084675983048407
-0.0007538613135887524 8.980893487291219e-05
-0.0006119950124003936 -0.0003464205412059754
-0.00042614814887604496 -0.0004280720405323415
-1.7366999598146097e-05 -3.502926392838126e-05
-0.0015413648168324933 0.0005038125762628843
0.000614036329774411 0.000372663958247914
-0.0004253113139127119 -9.064423908614427e-05
0.0001725379264167623 -0.0003144680407116204
-9.289396136218476e-05 -0.0011336363929044563
0.0003497282257294742 -4.488288779480358e-05
-2.2651454403238568e-05 0.0003827666252851969
0.0008070088368496424 5.3449808270067077e-05
0.0006569858612322669 -0.0012891567402743141
-0.00014404366046275998 0.0007011205267382484
-0.00013114350892346323 -0.00046142431748919264
-2.445482116218355e-05 0.0007203897168937133
0.0005506114474424891 -5.1879684575533484e-05
-0.0014822161839843128 0.0006063415952416798
0.00038391376059754577 0.0008859980607715731
0.0002755076178859256 0.0002635961269697413
-0.0008875138246512085 0.00010486653108583249
0.0006633943831508736 0.0004779755653222401
-8.672005417887594e-05 0.0005908698354118679
0.0003993886282642284 -0.00043989877269791274
0.0003021855463995054 0.0003921772595762286
-0.00023393593995461165 -0.0002548999608703498
0.00016231126783357335 -0.0003453481215847899
5.678335543911853e-05 -0.0010549434089430617
-0.0006543696140865309 0.0007649366842261442
-0.000614876032438731 0.0003661915773597719
-0.0011032797707622366 -0.0006862598726309683
0.00013051924727527838 -0.0002067704786888387
-0.00031291073017099 0.0007977849080406805
1.0753824383886068e-05 0.0009532192595082863
-1.8222916453977186e-05 2.6187510406157155e-06
2.4031207652143497e-05 0.0004482337284286818
-9.703040794484805e-05 0.0003446276891438945
0.00024449498905802384 0.0007131284344523006
-0.00020685989846192638 0.00028560534293928735
0.0009240385923600663 -0.0006910032461604106
0.0006215197439420132 -0.0007844584273307406
0.00012064844833316526 0.0005604467212460129
-4.105258892240981e-05 -0.00022545409654468104
-0.0001028203081554442 -0.0009827681965985033
0.0009807634706071116 -0.0004943185839838471
0.0008605740180005662 -0.0008736320803161666
4.9296642286994556e-05 -0.00019823581289424595
-0.000335082042607082 0.0007337455758256654
-0.0007103087409573512 -0.0006158446208175236
-0.0002359957059538888 0.0012206755951001023
-0.00076910817423285 0.00014079060308688155
0.001676779876642853 5.539097243160631e-05
0.00033438518680671314 -0.0004362038453461662
0.0002755276881422078 -0.0007071373287713858
0.0009924209905665434 0.0002797952000318314
-0.0008126529593087904 0.0005938032207555997
0.0005642787089292075 0.0002950647437536849
-0.00020530411099703918 8.29934932049064e-05
-0.0001791351233434149 0.0006392731517103013
0.0007263764742950619 0.00029991033681725905
0.0003022299910450892 8.931934869346118e-05
0.00015677019344607633 -0.0003889387852908257
0.0006856252373561076 0.0006094462221553956
-0.00023259187635694029 -0.0007948488645990274
-0.0006328320046870329 -0.0004834591938318929
-0.0011470462003107394 0.0010001916113608457
-0.0003560057550960699 -0.00016505460431014935
-0.0001820143972268493 -0.0001290841008267352
0.0006300019961562873 -0.0006050716135613594
0.00017263520927526306 0.0008761923574435687
0.0007893261157875595 -0.000186022942330641
