1.2481170084732448e-05 4.206876047278188e-05
5.247854666031356e-05 4.523861823839341e-05
0.016784178518739035 0.013075293618959346
0.0001873340801888648 0.00034301156697051914
0.0008899475973745646 -0.0006384383484144793
-0.0009928338833093476 0.00016439723917176797
-0.0005979792105339189 0.0001537953904574494
-4.064816486798721e-05 0.00027939256081297765
0.0010362539221803533 0.0005778472745066891
-0.0004558814628184166 -0.0005632702491001043
0.00020247050610993554 -0.000701298240781345
0.00017662183737970742 0.0004606738549597116
-0.0012157543273285107 0.0009526685245793815
-0.0011328135322790822 0.00021876604785110474
0.0002341619171473089 7.010809644597557e-05
9.961496428183023e-05 0.0006042870578072694
2.6232401521441206e-05 0.0005539385234808336
0.0002565146877149628 -0.00036445055179059124
0.0003767243679763827 -0.00030647771813209414
0.0005414994423415285 -0.0009139286497269097
0.00021574733727618197 -0.0005782931775474858
0.001709412970567878 0.000318166434899463
-0.00012086817232641648 0.0006324238082293653
0.001564124490191421 -0.0007321334124670639
-8.898061803022019e-05 -0.0015021031870696307
0.00030639439172040604 -0.0003397577846240744
0.00010048312642716894 -0.0011774661851934097
-0.000549529466995355 0.00013758917245864426
0.00036364745777270124 -0.0005319384139066983
-0.0008983729785990393 -0.0010890683509756141
-0.0006188773205637947 0.0005213694780658944
-0.000732997959450412 2.2242009447422707e-05
-0.00034580423070639166 -3.072264123315408e-05
0.0006274900655647126 0.0016432383252717243
-0.0004572524392006581 -0.0010389037602024024
0.0007406746426149992 -0.0012087993838256165
-0.00022024809918317573 -0.0019276968913807078
-0.0006891688511756202 -0.00021263108580270909
-0.0007547969253075058 0.0003267024339489486
-0.00011275956449108286 -0.00021864464347124698
0.0010584267446225053 -0.0010284309288522994
-0.001144785140104479 -0.00038525646212631524
0.0007345514781479332 -0.0005448506342448895
-0.0004498054202101427 0.00036108122547511126
-0.0012882110101443659 -0.0001200241652497343
-0.0006983733564847171 0.000297833479703616
0.0023120088747233367 0.0004524024807959655
0.00030250364734424275 0.0005526961988894693
0.00011676187595478664 -0.00047021303043534373
-0.0003739774965087077 0.0002697211505346872
-0.00018144385914083217 -4.778644475767077e-05
-8.752756685471199e-05 -0.0005005336572947122
-0.0008979093688646222 -0.00040137557249902484
-0.0003085661062877317 -0.001104123211275805
-0.0011030614168961225 -0.0003010056933400873
-0.0006023048804868585 -0.0009804476027748031
-0.00029907267915715423 0.0005370113106233453
-0.0013836504620629065 -0.0002156578409187259
-0.0015748054455711927 0.0007410684942539862
-0.0001175917948203584 -0.0008541176769811833
0.0005031999188710058 0.0006940698553577048
-0.0005029708946758985 0.0022750124776772214
0.0001295867789040319 3.3420431101589824e-06
-0.0008222145988316561 0.0008336257692988334
-0.00025118914035668176 -0.0002221143754036594
-0.0015443861949248862 -0.0001315301559762373
-0.0002458729261636209 -0.00023571544716456308
-0.00025776331282138706 0.00031736385590886004
-0.00031804628451689274 -0.0002203909666473746
0.0002516622831576883 0.00039705211855678646
0.00018682130607060077 -6.741410229427539e-05
0.0004571606316171697 0.0006285976896522471
-0.0004909178013091662 0.00048216164490895897
-0.0009093556641557957 -0.000541029931731532
-0.00014442986340131283 -0.0005800764232977987
3.0567167707041885e-05 0.0010318848711089919
0.0004997539473057847 -0.0006324062019172421
0.00024780591931418834 -0.0008138949217925679
-0.0007246778214538151 -0.001145073838899828
-0.0007255553596696164 0.00022902590233206654
-0.0005346864925432258 -0.00016703797350750454
0.0009519032831093364 0.0006778800423063487
0.0003183614637400492 -0.0010668440155272097
-0.00045082252220918136 0.0004013598635185724
0.0005466570523326858 0.0005077501813020998
0.0006722717301076931 -3.21781515551945e-05
0.000541125688030755 0.00034108508090458455
-0.0001397530452994387 -6.786785932791984e-05
-0.0006933071363719528 -0.0013372780116609416
0.0015850712630239433 -0.0001474110483903984
0.0007401096373637868 1.103927806800029e-05
-0.000292187640791176 -0.0010168542315283071
0.0014213933283945062 -0.0006702269391388633
0.0003392272567542354 0.00018882104391302994
-0.000629711246088209 0.00032549624841140775
0.001057363115444744 -0.0002544497061894754
-0.00010736349755103769 -2.634857551707387e-06
-0.001027431500562277 8.660621177385666e-06
4.538720234143624e-05 -0.0011437448343915638
-0.0001579725909746107 -0.0004839195573435698
0.00018860358413732266 0.0008689889554477702
-7.87965452691071e-06 0.0007662927763849495
-0.00044184439599680056 0.0003807897585035438
-0.000214568483219357 0.0005180359552442791
-0.0007002191425983085 -0.00038149388904749936
-0.0011017920710970478 8.13608609183527e-05
0.00038770766146605353 4.4643921117869595e-06
-0.0011030230684652051 0.0004081205824770778
0.0003769804458663059 0.0007045835212793816
-0.00028033934700805294 0.00020922288648452656
-0.0003795981651126002 0.000338010837944401
-0.0007037793727631436 0.0001499665328506719
0.0006404162761392078 -0.0007772889565867007
-0.0001818346735967805 0.0007416707038961017
0.00038588760739397747 4.4749152595301115e-05
-0.00011263595809053298 -0.00037590987715609186
0.00024697608475804416 -0.0004775311204107245
-0.0004452884470889687 -1.2268873256306659e-05
-0.0007871721073393873 -6.934922181772196e-05
0.00018555181535014816 0.0002804819361422448
-0.00029820072278933716 -0.00031244807494787153
-0.000927281547918878 -0.00048564414996238574
0.00033532155543702447 3.015386943581825e-05
-0.0004965744777551127 -0.0003870456573491237
0.0001586872943108738 -0.000324094178845579
0.0002636124725818211 -0.00023132989366334082
0.0006756320573177636 0.000529608088908259
-0.00040454309523831506 0.00027886298387404983
0.0009637614481965036 0.0010035593573797595
-9.092770275350357e-05 -0.0008814992486634271
-0.0008739992374709869 -0.00011166782470564633
-0.0008442895358111792 0.000787538408482878
0.00036656158684583376 0.00019552766576513053
4.758003942146103e-05 0.0005132988107310492
0.0007830796574730845 0.00017749909572142153
0.00029145197729767933 0.00015319539562546575
-1.3982710954255009e-05 0.0009408294508755468
-0.00035108217490548903 0.0008576346527190599
0.0005024222634773638 -0.00021577201982269457
0.00031833631732205666 -4.535650208115103e-05
-0.0006310950252377082 0.0007269433290699268
-6.031278617114799e-05 -0.0004450918566268481
0.0002308874824636516 0.0003436739451836397
-0.00012958851060300297 -0.00042146559354600384
-6.833731919994722e-05 1.3238135036015314e-05
-0.0012598665110412613 -0.00042067350518600993
0.001054369402266011 -7.47533915868448e-05
-0.0001025751485689714 0.0003651297563661231
-0.0006704747847417596 -0.0006579356624340434
-0.0002072053241943325 -7.73071952642974e-05
0.00026719094674664196 -3.795862731516694e-05
-0.00038867281961089874 0.0002728974022650855
3.529752936729493e-05 0.0001122903406023945
0.0007034007124784004 0.00012408658915664337
-0.0009181390906048586 -0.00032343498052431587
-5.2510763098899856e-05 -7.903335520274806e-05
-0.00041856413741769215 -0.0006624582841486696
-0.0002513982117932695 -0.0005679879211886951
-7.393665591236621e-06 -0.0010732562594537832
-0.00023787084207066512 -0.0010422854656497265
-0.0010802925173610451 0.0003575256583283794
3.385959775635198e-05 -0.00030123233044914273
-0.0010705557610570014 -0.0006574063372050001
-0.0016903057309355645 -5.5288471336419394e-05
-0.00028953163484855745 0.00040476960532096325
0.0011415108471135053 -0.00010660852404412037
0.0006652742210589398 -0.00032039376477278577
0.0004392102656581182 0.0006783398726939391
0.00043304414550318486 -0.0002792118694813829
-0.0007102985326970211 -0.0005177687024184027
0.0005810997304656724 -0.00032816652103672225
-0.0013416181475894417 0.0004362013878617284
7.240484897747673e-05 0.0006805555930774769
0.00010314223274482443 -1.148875507119321e-05
0.0008157877845593543 0.0006739496277725357
0.0002863971549263974 0.0003358043662938006
0.0004209883450073903 -0.0008634360681167041
9.607372713783039e-05 0.001179841421537438
-0.00048587262789490587 0.000615748493964217
0.0006800725754028441 0.0003543838384128891
0.0005358504840225124 0.00030606227419160075
-0.000299215630460077 0.0004991162514614981
0.00045535976804144925 0.00019552140483185547
3.017761463450569e-05 -0.0005148490226932962
0.00047663749750677137 -0.0005381009356294262
0.00036122661181955175 0.00029609717283400963
-0.00011396511596777793 -4.8764390980270996e-05
-0.0001145603802949135 -0.0006067259826046895
-0.0009460134755724005 -3.2636679798595505e-05
-3.98909472159222e-05 -7.439463227841389e-05
0.00016687280304498404 0.0001351912431329424
-0.0006463182869018499 0.00018814193266910857
-0.0008610541906894636 3.492392137517773e-05
2.9982073019667327e-05 -0.0009027764116133483
-0.00035604345294217715 -0.00046637771779025667
-0.0005786415742189234 0.0011519742549727778
0.0013182003735820842 0.00028104429788677795
0.00019306586297868796 0.0008455986504051639
-0.0008399517605731755 -0.00012895354413354116
-0.0007888027864600477 -0.00031610876470657975
-0.00017470198511338513 -3.5831707853920298e-06
-0.0005610601407455405 -0.00027738456059667155
-3.306226640186349e-05 -0.0018346466954283743
-0.0002771747201765683 -0.0003673397601713488
0.000709684880364345 0.0004505873560275372
-0.0010059486644080286 4.9715107905813544e-06
-0.0001673640896221032 0.0001946910196392131
-0.0002438526484933208 -9.338639588073202e-05
0.0007285401584424285 0.0006455866757201196
0.0006093267971619831 -0.0006621859284706511
0.00024222096521391047 -0.00024220829969319213
-0.0020006570807093687 -5.1250092572730486e-05
0.001497470338382628 0.0002646498171844583
0.00041149323768701034 0.000825077136362892
-0.0008798212016288613 0.00017051695660765285
0.00013928598672530065 0.00018213804585108
0.00032483432964826217 0.0005095025503022701
-0.0004882791312997889 -0.0009876714656372719
0.00017228309971147862 0.0011964762728793048
-0.0009871510018368726 -0.0006560632735801915
-0.0003388004753187364 -0.00044758256525558005
-0.00028693891708397526 0.0008204134356808561
0.0003454881136106356 0.00010398483319291393
-0.0007139756367019437 0.000220588437864953
0.0008768351557646986 -0.00023478298070537246
-0.0008134112728902099 0.00046390743279300125
0.0012510681048664041 -1.7708594410896322e-05
-0.0005884709684861382 0.0001730196578333988
-0.00039789528974378116 -0.0004600478476710494
-0.0005388601124361392 -0.0006151661399104347
-0.00010323519241824392 -0.00010285510288018898
-0.00033101750010582163 0.0002907797578896081
0.0001359747220373737 -0.000302322234918456
0.0005332278289880935 5.5313112123265036e-05
-0.0005592244690037947 0.0008730433868875493
0.00041434272762014485 -0.0003952118990633993
-0.0009705810978838851 0.0008045461322987125
0.0005344059159392075 0.0001409024898474141
0.0006101551552992519 -0.00038307294383522556
0.0008963739775823587 -0.00030583637691511146
-0.00027923015300762447 -0.0004730633303068385
0.00018063449012066307 -0.000435932819108809
-0.0002969728197168312 -0.0005723294280576735
-0.00014589010959527337 -6.51380033465686e-05
0.0007638013023071092 -0.0007635188917902956
0.0008555704474314982 -0.00010352275834263455
0.001197403759438792 -0.0002993954534932851
0.0006384782689448728 -0.00042986510603693924
-0.0008681701337159187 0.0009716276154493322
0.00036008436951470187 -0.00031746726798973244
0.0009224199218391319 -0.00019774936123028605
5.7468545507073506e-05 0.0001706379201447017
0.00013481799545657415 -0.00010963220659288505
0.002088779863297196 -0.00032715558800698656
7.83116527578622e-05 0.00017550968900687
0.0003178787128805995 -0.0002755786399101406
-0.0010251389883231 0.0005011135382124784
-0.000606274122090601 0.0005356613441373799
0.0001805890175484257 -0.0005252012863358564
-0.0003085272635979921 0.0008974147064158363
-0.0007756401389859589 0.0007179281375219451
-4.9733493617152706e-05 -0.0006646055120048456
0.00014864416615699384 3.5732286391495245e-05
-4.876083500147537e-05 0.00015041854258263936
0.00025805329431841773 -0.00011945018968251868
2.8128316478426757e-05 0.00017698410334563206
-0.000131206232818301 0.0006097484416501322
-5.8261222992329405e-05 -8.169635739237687e-05
-0.002057780301227953 0.001130190916702001
-0.0001413445462729555 -0.0003476414837834538
-0.0013766002250032439 -0.0005486659043743653
0.0010236213915680915 -0.00019539338044003189
0.00032551112170557596 0.00031514020494555683
-0.0002607754367156282 -6.188744817606263e-05
0.00065990151162551 -0.001286267722968756
-0.0003669083369236555 -3.2284713506274827e-05
-0.0005085710241321392 -0.00043133983216626855
-0.00067980824659448 -0.0007654696766578937
-0.0004819418040795176 -0.00023706392459412948
-0.0006484703941225098 0.0005946405601088531
0.0004765546333000799 0.0002682613634594634
8.31723954626207e-05 0.00033762018180627995
-0.0001736504416280752 0.00015801640807788697
0.00024437324113489275 0.00014157321227251357
1.9859296831401002e-05 -2.174706059561235e-05
-0.000627096296903532 -0.00031643940368786705
0.00027837948846263084 0.00037923986349160625
-0.000504912280710077 -6.021283948786501e-05
0.00038540729201736146 0.0009531771542626863
0.0009709475212799865 0.0005891847063906012
-0.00027483388056220946 -0.0009834523286070135
9.813100505298612e-05 -0.0004041951507174388
-0.00016028265085486044 6.95447080351788e-05
-9.404955244671326e-05 -0.0004764547178826577
8.684379088314471e-05 0.00034155297244720703
-0.00046078123206699583 -0.0006482762584319775
-0.00044609678289376104 -0.0007783981420947364
0.0003524629138748728 -0.0005276092806251669
-0.0009610556202596858 0.0005990666831589028
0.0003207018113588844 0.00018209417350093977
-0.0005917208417663398 -0.00015711791590167863
-0.0008062777235025769 0.000758642436245279
5.203279874775817e-05 -1.1676765154825507e-05
