3.588598710163471e-05 5.23634291780218e-05
3.8955950719601015e-05 3.564962061400868e-05
0.02181263220503162 0.018750596828565325
-0.0006492537439048435 -0.0009438754793169002
-0.00023921431006447606 0.0003145614191636958
0.0010734701957415553 0.0007393246573223817
9.359495678576713e-07 0.0009311532477797462
-0.00025704952530303086 -6.143689290066455e-05
-0.00023792601506339705 -0.0018143732622693605
-0.0002080959970063109 -0.0005125666172930981
0.0013547135157481816 -0.0006657561390280114
5.8547245719284337e-05 -0.0009163011723471302
-0.00036570448209689247 5.9516183592271496e-05
0.0004299817302204068 0.0003702336672443567
-6.761474278750443e-05 -0.0003213039387241257
0.0011520402278165228 -0.00014693900313230302
-0.0005511968606044941 0.0005476788588534836
-0.00022414050851777442 0.0007395296174719703
0.0012919041685614486 -0.0016458576195552486
0.000601602356607889 0.00014516880672746732
0.0012802296439842404 -4.11634632058376e-05
0.0007440850886388546 -0.00014328684196083852
-9.314482510370825e-06 6.70859025078205e-05
0.0007410322614933648 0.0005625560429810904
-0.00011357670651758535 -0.0009656052624216588
-0.00045727134704552045 0.0004975639506692315
-4.980537328888934e-05 -0.0010635717833355305
-0.0014641769179600751 -0.0009185274120994011
0.0015384655791267645 -0.001628837949012095
0.0002727680668557399 -0.0013110291373349071
0.0009838318168277366 0.0006777405755035777
-0.0004987494892777759 0.0005402764959861688
-0.0021362365368236395 -0.0009336850147540762
-0.00017370859105407093 0.0004167601400502587
-0.0005816874461799809 0.000514062866104497
-0.0012179504319445133 0.0022201930505244966
-0.0005907673860721689 0.0002624230665131928
-0.0006609998080175191 0.0005771969424511223
0.0015540113261103747 0.0001189352836838615
0.0007425141974146814 -0.0008049842596162201
-0.00025930530456150995 -8.20230602103011e-05
0.0012357692712263435 0.00034840540733852346
-0.0006261632951820115 -0.00011785738852269098
-0.0003586309552261027 0.0009661750251244178
-0.00040124223997442673 -0.0003274265697184004
0.0006161039745082584 0.00011340337917566867
-0.0007563455067349339 6.881476830533872e-05
0.0009742022163181637 0.0006718356225640783
-0.0011669281197881883 0.0004114832761691322
0.00045323595499236776 0.0008329217718592945
0.00036028468458469877 -0.0013254329537683996
-0.0014361000026760651 0.0007899411338299955
0.0010078290072701368 0.0007032180414150135
0.0011812494604484009 -0.0009373899329677023
0.0005976394343002475 -0.00043250320579314515
0.0009432116663169972 -3.717060784137969e-05
0.0005215500080144933 -0.0006375585601768569
-0.0007759262678993598 0.0004919291694202648
-0.001620961541203119 0.0002884541542125468
-0.00021460679560081095 -0.0011729952776997825
0.001246892113775635 0.0002528233228507627
-0.0013140044753705707 7.87534296941213e-05
-0.0007636540073850357 0.000809136741711929
-0.0006424918367883293 0.0004181137154663302
0.0008869618516910375 0.0005629737689129227
-0.00044411903935284843 0.001193413160038776
-0.0006269182145107948 -0.00010578304606982031
-0.0008113915136802042 0.0005714119934284095
-0.0008415904172728654 -0.00013825181270737822
0.0007869614139470179 0.0007963539414451364
-0.001653149269893458 -0.000574904702924633
-0.0003076275479195566 -0.0004731468515288118
-0.000782910773012004 -0.0005140078871237576
-0.0003531765869713969 1.0763888522733452e-05
-0.0005445663447350033 -0.0003381807679890615
0.0008868385600663927 -0.0008194400816982303
0.00017501007246667293 0.00012293617489278236
0.00013280056105926003 -0.00020350554809531806
0.000935542144436439 0.00017944061361391278
-0.0005446799012150022 -0.0013209874408840086
0.0010786364095812329 -0.0006620193060193368
0.0002671338335948923 0.0016809375657050032
-0.00047145112326478326 0.00042868998455573626
0.0010214900060458152 -0.000253202730375742
-1.8608334871079764e-05 -0.0011148035985470803
0.0005723570563655287 -6.481125937961157e-05
-1.2214665126714633e-06 -0.00037231410514739356
0.00033473901365244606 2.778003422744401e-06
0.0009557941780258341 -5.72232613966408e-05
0.00035225854844039796 0.00042526664079506045
-0.00019989676993881138 -7.31011145353853e-05
-0.0004907444674506007 -0.0009142997218868893
0.0015945795879292225 0.0001562341933135535
0.0007881221787184812 -0.000552923651442066
-0.00021019537163091294 -0.00025434759042468997
0.0009152498397055688 -0.0006188233546740708
0.0003283091781370246 -0.001207087141187617
-0.001238374201515228 -0.0006924124953773262
8.759866956303282e-05 -0.0005781194920609584
-0.00019653097300818294 0.00033185138415338296
-0.0010900082347146587 -0.0008343622876374317
-0.0005419618858436079 -0.0008237472200725071
0.00010802296936004856 -0.0008684969292540665
-2.6082489488697542e-05 0.00016112681003031503
0.0007571483299717505 0.00022725036569678204
-0.00013178889633547446 0.0008961673917791758
-0.0006758916099156921 -0.0012001710654311346
0.0005230495895332377 0.000843729567524983
-0.0003657191417373721 -0.0005732627632912275
-0.000550315032572955 -0.0005647144002904324
0.00048179662181412834 -0.00043826691409610586
0.0006708104219110689 4.663662048549317e-05
-0.001149647703858432 0.00023250789637330074
0.00012822705515818376 -0.0005361353003487904
1.8900290633024725e-05 -0.0008369927508451562
0.0004939775543183014 -0.00019112660016950246
-0.0005243096536151068 7.70178192531359e-05
0.0005080156474951842 3.892948098108171e-05
0.00012867040556667757 -0.0002419505817533338
-0.0001040924431216357 -0.0003970831721315852
-5.13190646117077e-05 -0.0003047879505716383
-0.0005918203940815464 0.00034162330269706684
0.0008162858465009218 0.0003065040905738816
0.00021809226307458376 -0.0003230675220687588
0.00017069976240435204 0.0004633701345843027
-0.00017936731428549725 -0.0007775708669009904
-0.0004894866479875808 -0.000511404115677599
0.0004497020510663237 0.00046404040326928427
-0.0002454698855861984 -0.00029768976458100074
0.00025049009890024305 0.00019056500137142046
-6.161639242694061e-05 0.0006489342748963501
0.0006450114523092332 -0.0001861781170224183
4.787969814646796e-05 0.00034087693570303176
0.000128383278608454 -0.00050491589530996
-0.00032422892099371795 0.00042002380435224627
0.00017448683764457234 -0.0003059626253697537
-0.0001904399812665804 0.0003905844451913586
1.803849748491112e-05 -0.00040317645398810676
0.00034538763093555993 -0.0007274379195682673
-4.108904747051843e-05 0.0014159449542647995
-0.00048362096561610827 5.2728849518236465e-05
-0.0002678326403072987 0.0011236938000809351
-0.000271780141307946 0.00018551073407768555
0.0008644711583403182 0.0003831833884040654
0.0007983645326068104 0.0003654814662637596
0.0001750417785737579 0.00036854667406131613
0.00038575964471919443 -9.063212095596761e-05
-0.00010771356551664498 -0.00030362307706921667
0.0004589589602955412 -0.0005351137637996319
-0.0007835481579489952 0.0004024188811568327
-0.0001313229364015216 0.0004651911616115271
0.0002966750770540114 0.0006493892457295218
0.0007431969171020683 0.00012922708979264276
0.00019909689434258616 0.0004912709370296749
-0.0006892538432117603 -0.0010347152126330595
-0.00023946881893489776 0.000432862054966122
-0.0005498022065206208 0.00021326745437545718
0.00012632368092500162 -0.0009772156839250453
0.00029569267328092425 0.0003792396332009524
-1.1698325457394252e-05 -0.00028904751756306696
0.00044431264686599234 -2.5126955212057936e-05
-7.906245882304074e-05 -0.0003549120853223354
0.00040931575783295995 0.00035444578623515294
-0.000718117777337561 -0.0003012909332777472
-0.00015472208523834466 -0.0001233038120778364
-0.0009641990605250088 -0.000504232163613485
0.0005107517909293187 -0.000771117269666493
-0.00026943401535057236 0.0007215100619762097
-7.556550800270345e-05 0.0001375195519058786
-0.000313825916267341 -5.035646490605887e-05
3.399507631664757e-05 -0.000494749482556496
-0.00014758980991609358 -0.0005628664813801432
1.1156600770600545e-06 -0.0004490690324337197
0.0005768797884609546 -0.0013241136294087988
-0.0001919060763227606 -0.0002054002543399975
-0.0006621286920722583 0.0004344638423292961
0.00035994294680669417 0.00031744282843775083
0.0007548183691857031 -0.0009103694115734093
-0.00045007697503759406 -0.00017305270957776523
-0.0005352859292581072 0.0005086140887256503
-0.00022316364382429554 -0.00044726548312245173
-0.0008510330053320555 0.00028731011564211333
-0.0003949603471342456 0.00044601371329389757
-0.0005981380079035761 0.0002746816853265848
0.00011359661323872204 -0.0007103452435462521
-2.854821667652972e-05 0.00010987146325945661
-0.0007312844979483323 -0.00028088892906089443
0.00014733565352816562 -0.00039406175447881094
-0.00048161749773693104 -0.0006472267671324769
0.00027891256690009737 2.1505987603179383e-05
-0.0003460854037968076 0.0006730872991672365
0.00043063964307276205 0.000832729367954773
-0.0003022884807420831 0.00027742518459826894
-0.00025095713665882223 0.0006445174665599787
-0.0006953702178713194 -0.0006875638164537439
-0.0003833191538694053 -4.607880926594915e-05
5.744804516887047e-05 -8.436889746526576e-05
0.00016888017992553096 0.0002069629090926025
-0.0005286460346029501 -0.00026517799819334776
0.0006198297881290525 -5.183892524098986e-05
0.0003074977817950039 0.0006466939852315752
5.12323676647099e-05 0.00037687662616135546
0.0005852783375396822 -0.0008345094679763116
-0.001050182266931569 0.0002569111125455717
0.00097875992342436 -0.0001881500368959745
0.0005833884656922274 -7.726434951376789e-05
0.0011633218026302803 0.00011042065041004252
-0.0005784917256687807 0.0001896661155262098
6.836925925023107e-05 0.00046747115092692445
0.0007009605625358537 -0.0001333752869987674
5.587458781692928e-05 0.0006995160080609369
0.000262119583252001 -0.0011966005717959482
-0.0004123951548931956 -2.0360981488796264e-05
0.00021569393199618198 0.0004979100213062896
-0.0006959231802109726 -0.00038888401854153694
-0.00037735095309066676 0.00010828376428458911
-0.0005083052605580643 0.00024851950928462255
0.0007771408617973306 1.9630225867497794e-05
0.0007022951103679399 -4.8912249555691476e-05
-4.1944020379227166e-05 0.0002925445065407179
-0.00014733864875502036 0.0010018438898333117
0.0002231695612166614 -0.00026131310097142447
0.00039740399532435793 -0.0004033852305649419
3.3413154736927095e-05 -0.00043981489298293403
-0.0004332436908398284 -4.26153979396426e-05
0.00020516380334942194 -5.876485708420523e-05
0.000457480930077695 0.00028673615863374763
0.0013261234086803485 0.0004975839381443118
-0.0006011052297710515 0.00013223991712302662
0.00017846115745042882 -0.0005563477871034732
0.0001237025966245686 0.0003741197948433388
0.001370444687498592 -0.0004955259694408015
0.0007091960866148276 -0.0003159195664551169
0.00045673456091213947 0.0005782129959346856
-0.0005826685892454831 -0.0002034294079186395
0.0001453932358575528 0.0010861625519005185
0.0011560953171857998 0.0007668928128777427
-0.0006460101965651127 -0.00010283892671050742
0.0002587011793967824 -0.0005490584085252432
6.209423761674848e-06 -0.00016485946621410305
0.0004615923105292395 -0.00040830400082204893
-6.552150682175901e-05 -0.0005038250417191821
-0.00013398524255138665 8.423811549653874e-05
-4.4610512474066175e-05 0.0008108688508624537
-0.0002021747347119912 -0.0002876514737864345
0.0001888345746054417 -0.0004930626658962699
-0.000585716295834089 -0.00035513446187851336
0.0003757332175988738 -0.0007149419561217439
0.0008781951934336087 -4.696822995482167e-05
-0.0005366753005134377 -0.00019952453321105598
9.850943580594275e-05 -0.00024944162138280186
0.0005705334509823109 -5.117577958325909e-05
0.00010764169309208059 -0.00017508024246194523
0.0006248031890205201 0.00034167114477736765
0.0005766823581972517 -0.00019836006500215632
0.00029964212563196753 -6.630318887922336e-05
-0.001104537583273388 4.9963237545767124e-05
-0.00010590716961855626 0.0007251390293947124
2.941204892676008e-05 0.0006142105015068101
-0.00026396981394302736 -0.00020402543165185745
0.0002459424660404259 0.00010542536161607842
-0.00023756370547507372 -9.229686662620985e-07
0.0003598420101244038 0.00019928070184740057
0.0005061485142620573 -0.0003004975965764782
0.0008827354738564674 0.00016498190581178858
-0.00033867569734433417 -4.328711205432536e-05
0.0002973877609402351 -6.932146827146686e-05
-0.00039811071409523777 9.802438994199054e-05
0.0006403920755987347 -8.797162852596672e-05
-0.0003749183785942162 0.0005416069647828941
-6.011007305009774e-05 -8.985528258670585e-05
0.0007190950940547136 -0.00032146607138389566
-0.00010469849720184806 -0.0004073852948020375
0.00051865112578753 -0.0010318748967554014
-0.0004207308971649014 0.0009283332018841622
-0.0004662911309174236 0.0001266609523176227
0.0005469469425682419 0.000159951437208821
-0.0006001022309337752 -0.0007605144619735184
0.0004294652356513175 -0.00033445607473166667
-0.0005011250037139895 -0.0005200040720185804
5.540371391436037e-05 -0.0010281068239134218
0.00040994639029669883 0.0008991581029050918
-0.0002037459136360475 0.0005333815238375963
-0.0007516683882792705 8.536444160640118e-05
0.0005139268047097202 -4.6165312895297924e-05
-0.00014922269751636567 4.6860369451334226e-05
-0.000559166781183394 0.0005717047170113974
-5.5405924458609804e-05 0.0007899088978765813
4.228040611593934e-06 -0.00013673262938467375
-0.00046564876414586175 -0.000589578546706205
0.00016773315889181484 3.1906593689785676e-05
-0.00011334694882810376 -0.00019259543945303475
0.00045774542593170464 6.996895895845974e-05
0.00032672109912337046 -0.0003118234102143369
-0.0002785145898432773 0.0001639022235311255
-2.4011632253767703e-05 -0.00043909576486843754
0.00017306018196919714 0.0006218117374039441
-7.180329247747447e-05 -0.00023357570384326104
-0.0013418583512494768 0.0005934993586852578
0.0008834017528220875 -0.00024269410258593498
0.0009305373216060104 0.0011294417021056621
0.0003257497240171978 0.0009892422848588596
0.0003082211424092634 8.01518604522193e-06
