2.718368816740968e-05 3.149259831086663e-05
5.73892524186873e-05 1.991828256516409e-05
0.02031680663405641 0.014594123091384012
-0.0009623350129547897 0.0006836215959700738
-0.0008656239424406153 9.450700467278213e-05
-0.0008015177794410636 -0.0014761386794866552
0.0005022728012910648 -4.4584515011574286e-05
-3.2194699621342674e-05 1.581918912768572e-05
0.0001187195562520882 -0.0001918068664397945
-0.00035548945953093697 -0.0007528860657181002
0.0005427327446990506 -1.8753457438325257e-05
-0.0008336228848843685 0.00011643226863499124
0.0005516665308753527 -0.00042322626808316566
-0.00023709270870703338 0.0004572267214220863
-0.0005816690822322222 0.0008346703244918977
0.0008149995113978365 -0.00046901199357761225
0.0009472990140131456 0.000510832198885232
0.00032087989356221217 -0.0011931128735589312
0.00026119870801933595 0.0013681285488143435
0.0006501246974415756 -0.0008734716100520201
-0.00016624017208728163 -0.0002851248707162782
-0.00029653488613825846 -0.0006340425406044626
-0.00040399258961680454 -0.00023260847028412976
0.0008404675038343597 -0.0009039730156209413
-0.00020906122111049682 0.00043742750421295215
0.0007197899445605747 -0.00017901005389687005
-0.0007006238624566107 -0.0011597290204094855
-0.00010573001756395428 0.00044562206795152495
-0.00032041650390324505 -0.0008265627281374175
-3.83242610947698e-05 0.0005694545534737867
-0.00045984599175114964 0.00030094853779316866
0.000717102773319364 -0.0004065912955446389
7.70588521633687e-05 0.0008073644898409542
-0.0004931741604090135 -0.0017484179535815392
-8.226426167534034e-05 0.000864662452604933
-0.0006063404016907675 -0.0010037387553952992
-0.00016608372167337333 -0.0019760557904726153
0.0009638673309313347 0.00029085082494639396
-0.0003259559321462421 0.001207235203670401
-0.00030888405970340866 -0.0015669659835463633
-0.0010220826124808604 -7.876211599458701e-05
0.0004544399785523163 0.0005353638206711667
1.4410757137377692e-05 -0.00017107307885618614
-0.0004924518803785168 0.0006405018625493978
0.00033476899761004014 0.00013466747945606948
0.0008232955510984278 -0.0005768665266670351
0.00014840887598696858 0.0010543132538988554
-0.0005527882862134072 0.0007363427964267501
-0.0006341127190093364 0.00017806173748880863
-2.6480288332008724e-05 -4.595883132646502e-05
1.830380379442265e-05 -0.0008808247541088306
-0.00039921734971877385 0.00012826859218722632
0.0017514551454888322 -0.0004892331305600206
-0.0007631332827837888 -0.0012322777636810712
0.0004050949123790221 -0.0006339372628488134
-0.0007806995591596421 6.792262200527058e-05
0.0001295011118521089 -0.00027121721137942886
0.0010206009265080875 -0.00023117976664326052
0.0004403671681189391 -0.0011308370454096884
0.0006564926997094851 -0.0006805228783390041
-0.0006132815448965606 -0.00016495893277168011
0.0003388164016456387 -0.0004634300098244075
0.0002752182036550195 -0.0002356128563947168
0.00025506258729396185 0.00014850448055422194
0.0011743400300206572 -0.0006545452209724933
-0.001565115170337423 0.00046106001299437246
0.0012964625610178242 0.001218641968516667
-0.0006611817536197641 -0.000655527761069981
0.0005778350256412155 4.186423828161656e-05
0.000373359479632486 0.00047747639347133056
0.0010422943128860279 -2.302725953376608e-05
-5.585953383795224e-05 -0.000921031845123836
0.0010507239633033272 -0.0004811341991519948
0.0002150697638824485 -0.0005007877289168175
-0.000853317474610421 -0.00042651567662296364
-0.0004326481961973459 -0.0006835546802565072
7.955126082842141e-05 -0.0009494569441741955
0.0009520831404509545 -0.0008873194840995576
0.0014545515108230424 0.00044643271897591133
-0.0002929863302644018 0.0002688957890191432
0.0003896063950127586 -0.0008756162994423988
-0.0006212641528415685 7.412806709595525e-05
-0.0004503421940820555 -0.0013612061108137482
0.0002712255583423324 0.0013011338520914808
-6.929744923696377e-05 -0.00015974204458964254
0.0008050053517518244 -0.0008148944944187282
-0.0003150102228450701 0.00017826792029433568
-0.00022396885362985076 0.0008394058799743979
0.0007031243089224279 0.00040395760633772486
0.00015795893525946342 0.0011608057817839865
-0.00041735827443274844 0.0007938330403265298
0.001492270246257879 -0.00010387353793924533
-0.00010233008897882747 -0.0007426029131550064
-0.00033556798555521014 0.0006566632439300231
0.00021980749716095927 0.0002598076323075967
-0.0008635135024252968 0.0005649522943219715
-0.0003817064515009493 -0.0009470638892348049
0.0007241605388519066 -0.0002620485326434835
-0.001238506175351866 -0.00014615395928401024
0.00020826958742592872 -0.0005282228364584866
-0.00038207337590172834 0.0002900181515331262
-0.00022881777053102858 -0.0009587686146686479
-0.00039992834784001745 0.0003129349029281397
0.0002488956962410712 8.546782742344898e-05
0.0008950266191626551 0.00013366159394500145
-0.0008853423729743088 -0.0003228888327532509
-0.0005135484116792825 0.00018839049434338082
-0.0001561855901211475 0.00013366274117096027
1.4767882036093264e-05 0.00041044450334532824
-0.0001146239886917212 -0.0004756287042317778
0.00015172124677339827 0.00075070704882628
0.00045558329804759986 -0.0012357946371837028
-0.0004120710343092937 0.0005128447590473061
0.0005938790279428523 -0.00032913052919011676
-0.0011288669883795016 0.001595662377978807
-0.0002839498665536432 0.0004537337446852853
6.95644931023398e-05 0.0006650687533498532
-0.00027073740981349413 2.5222943315872955e-05
-0.000121627893074602 0.00010652906257091528
0.00017147144838424892 0.0006268896420410121
-0.0008096123762687206 0.0003902279355837264
0.0014256099600102531 -0.0012827865996160748
0.00024225134147595656 0.00023048761679460568
0.00013318616254435288 -0.001318041553563179
-3.153439261582042e-05 0.0001995140929269726
-0.0002486247347781417 0.00025133340005366545
0.00047812758738889584 -0.0006536060507111656
-0.0002381605098363485 0.0007997422614627436
0.00011706616217305848 -0.00028266782469015683
-1.5279411132372996e-05 0.0005881949214200569
-0.0013496146677433858 -0.0004008994956557076
-0.00022272657437892156 -0.0003144091723606257
0.0005530278068884792 -3.3259409515100346e-05
-0.0005463304375953817 0.001128132459627173
0.00019586982456309146 -0.00021826842387163896
0.0006793217468499128 -0.0014709717088435426
-0.0003555987374352416 0.00040321956835517875
-0.0006297536345538728 9.568867392873404e-05
0.0001142748001239302 -0.00011704458217543239
-3.304243611230428e-05 0.0009246393889739816
0.00019574009565108684 0.00013561393532241826
-4.3669775185178375e-05 -0.0002282629198477799
-0.00030536665609922324 0.0003325142605035842
-0.00016257921321971022 0.00014228919608924137
0.0014234553567922144 0.0005858613582873891
4.962033092654146e-05 -0.0005381456639614753
-0.000966519363528172 -0.0006304946619853078
-0.00043116536257462794 -0.0006599624307926437
4.379660376802861e-05 -0.00039040067964018186
0.00040541772905726945 -0.00041113572036713327
0.0007725232626981958 -4.617217673138163e-05
-0.0008901849179794915 -0.0002104549234030976
-0.0005301563128641871 7.334624786235338e-05
-0.00026868730159701454 0.000560519494524981
-0.0007424255137885128 0.00037277369122983874
0.00040862657130742117 -0.0001360279903067282
-0.00022151048071071235 0.0005233650383425184
-8.435670237573668e-05 0.000705799933444176
0.00010137212151683554 -0.0003745395808037283
0.0005430741957363647 -0.00023127696417214014
0.0004066565666556373 -0.0002587433380328245
6.575098845741782e-05 -0.0007984020979359363
0.0008727798353512555 0.0006438401186142601
8.165867975910958e-05 0.0004834746170215019
0.000335030512615982 0.0001630656017594838
0.00047182325361773837 -0.0007120118693107486
0.00017749192247415552 0.0011417561424801415
4.1887766702097623e-05 2.4377090255390503e-05
-0.0002777853088047779 8.636783108737071e-05
0.0001322891203638725 1.928046516298359e-05
0.0001501504898690937 -0.0008246038371991067
-0.00023820857868963864 0.00013256631139647198
-6.229434871181556e-05 -0.0015031837627308353
-0.0004366928851103786 -0.0008652554520302954
-0.0002888997823786036 0.0004525638918504126
-0.000234700565636847 0.00044706507079985124
-0.0009760720170528161 0.0002492022348603593
-7.922666537061725e-05 0.0007618251645059785
-0.00040825045964301194 -0.00048102914986768354
0.0004076080901991559 -0.00037444154899315935
-0.0003315401015814118 0.0012494521000985341
-0.00017243056536561457 0.00017256652071229734
-0.00012419134496309894 0.0002371104627581771
-0.00038705252493651915 -0.0008871606708482316
-0.0002293326652282192 0.0008202301678371963
0.00020993294235308483 0.0006844247154441031
0.00027750597919340615 0.0006497930251933112
-0.000791933185037762 -0.0006455052057000369
0.0002468215060576094 0.0010924150630255021
-0.00037547449799321637 -0.0001701452463902906
-0.0003391230083745381 -0.000151859980277744
-0.0007754975928072468 -0.0001226516750742412
-0.0005425896007007372 -0.00022941982249727438
0.000677581830906188 -0.0006269125739673498
-0.00036783194348505614 0.0009548207645664217
-0.0005383099753815129 0.0009221971134677046
-0.0008774815314037654 -0.00010827452945807749
0.0010076074642312491 -0.0004635552145010278
0.00021912997995867276 -0.00011926981544165814
0.00028170282521694176 0.0005603347040874886
0.0008033360876982203 -0.0009676980335915765
0.0004111539139364087 -0.00037110598612240215
-0.00038256696007645316 -0.0004913358868681029
0.00019210516760250764 8.156830467176795e-05
-0.0005607670094594532 -0.0005189892548293541
-0.0005139462317780694 0.0009177688719958682
-0.00032146330224002025 0.0004434660258130446
0.0009411212487212724 0.0003533867824981484
-0.00058470160229897 -0.0005713455638368563
1.3828145092296271e-05 0.0011186466375668193
0.0005481926895769054 0.0010651319475840754
0.0004972487564677347 8.982219024430629e-05
-0.0008205686053939003 0.0005423910020472899
0.0006801809378459505 0.0002359674137868777
0.00035024359539720764 0.0004202726000993659
0.001190318437151109 0.0009416471688309169
0.0007388741506836108 0.00043896662755048304
-6.662039848804093e-05 -0.0006198825071889049
0.0003775296346973252 0.0004599416663959965
-0.00017863728257844075 -0.0006354514578495428
-2.5215948701124483e-05 -0.0009883153449004463
0.00021687176069510843 0.0011056789472599247
-0.0008036900324454054 1.3674065097944595e-06
-5.2808729058857454e-05 -0.0005187968931384873
-0.00013052565946664897 -1.943167345927206e-05
-0.00017546474317572632 0.0005992360319635063
0.0002054556950435193 0.0002259905961345103
-0.0011785222952458336 0.0003657549861942041
0.00019325390565937692 -0.001281671176274043
-0.0006448108040095857 -0.0007788607057186073
7.141216397017517e-05 0.0003409270732568986
9.942734513173929e-05 0.00023012197840995428
-0.00018007164413816725 0.00029920240987993206
0.0006071774508153089 -0.000360145134555415
8.067048972689363e-05 0.0005102938618082447
0.0005561352650959809 -0.00020749903371115972
-0.001387274058955778 -0.00036309785539505605
0.000558371813124799 -0.0007802288276237448
0.0002919991109381835 -0.0008381565613621855
0.0006070798182188013 -0.0007432788963702284
-0.0003610962310472798 -0.0004936348201662579
-0.00012443634909109285 0.0010579292508200325
-0.00017344567354125715 0.0012829697658938808
-0.0010979029186636245 5.116652953792108e-05
0.00044101668276149233 0.00042088909461245467
0.00019376321388984383 0.0006209702035568175
0.0008918638009212882 0.0002899238856920264
-0.00023644198345164566 0.0010086090636693358
0.0004868005117425023 -0.00039195082156777503
-0.0004269238806778885 -0.0005049228403984446
-0.0004956217716486013 -0.0003256813317443972
0.0003996384506690926 0.00023657467517356701
0.0001614533349490357 -0.0006718995078067233
-0.0009288600155184364 0.00021194161388712524
-0.0007959301936682716 9.525285901471497e-05
0.0005075819562608052 -0.0006620840733269364
0.00017205567389879105 -7.456158175453564e-05
-0.00029271730207961367 0.0006003962330811971
0.00010684438141049383 0.0003154162118535215
0.001514873840726238 0.00017323467634458678
-0.00012943052821713397 8.090407165250722e-05
9.652163488038716e-05 -0.0007145969479334281
-0.00030459820973751533 0.00016422954774348938
7.080695263534305e-05 0.00012144985296822507
0.00011252051299250511 3.9181409194369845e-05
-0.000345359188180142 0.0006476056642282913
-0.0006089279668070694 -0.0010564582671767212
0.0003076112292762123 0.00042922083693692375
0.0006253637455839314 -0.00014376933416875639
-9.461805327363951e-05 9.906890907935001e-05
-0.00014689075677922552 -0.00037909609314031896
1.201765886095755e-05 -0.00016823461958798244
0.0008028843961033692 0.00015056308362519397
0.00012859166494045437 -0.00020000173431928192
-0.0003825503662915904 9.544207107906009e-05
-0.0007799744118802314 -0.00021058768456726074
2.5143041270360413e-05 0.0004988008053678441
-0.0001817503574295438 0.0011493019946927094
1.7207181398722642e-05 -0.00014920025480684245
-8.846883224460638e-05 0.0005692869567886464
9.586287156067073e-05 0.0009855473556548095
-0.00045205629276310694 0.0007110056869371987
0.00024853891608284193 -1.626100548790884e-05
-0.00036107858134668095 0.0002583489366366427
-0.0004209331596953403 0.0003755221429743825
6.160632724716454e-05 0.00048350644588731186
-0.00018072715435429456 0.0002850695539385861
-0.0009608825056488807 -0.00014957854750914673
-0.0005599892708321027 0.00035851943960446444
-0.0002120107812596709 -0.0006422258175878281
-0.0006070327733806756 -0.0001541919677376053
0.0008853810151886124 0.0001325590219194512
8.709711728294797e-05 5.543930240861077e-05
0.0004818409496397565 -0.0010140274637405015
0.00027663361756732186 0.00011603612606570277
0.0007351309956272646 -0.0011773411723625259
-0.00017392641888040533 0.00038784094901344067
0.00026410572424642227 5.622847096613433e-06
-0.0009835429790263184 0.0005582806677917351
-5.139185444424414e-05 0.00029447336012034
-0.0004035105846375004 0.00010547023539949778
0.0009897652936343678 0.0001340437563058515
0.00046324339517300766 -0.0002327618635450481
