2.254720874769028e-05 5.281532175663726e-05
9.912097944530015e-06 3.190400574288642e-05
0.03000649422107556 0.027182250775434333
0.0005228319380879493 0.0010044809469222959
0.0011360769732596228 -0.00041797230801189183
0.0008615387214705218 -0.00026791665424227037
-0.00027092387444343873 0.0006702384931182791
-0.00019943189757473746 -0.0008670416470225928
0.0011828056235657983 -0.000661258192718127
0.000634728878966188 -0.0002465752239852594
1.5221022175146458e-05 -0.0011117590325283296
-0.0006526790975388827 9.848216354093635e-05
0.0004145693616545386 -0.0001603223029574512
-0.00019083536338270865 -0.0005698044159733247
0.0017758960377696434 0.00019908341165459801
0.0002642409039343902 -0.0005162938282306981
0.00019554946776798978 -0.0003138518099133062
2.5685052899225597e-05 0.0001593528260932673
0.0010062587554264724 -0.0004267935383793143
8.559733720445723e-05 -0.00018417522793100262
-0.000784487695078557 -0.0008889253749073245
-0.00013781247661899393 -0.00018168528301865355
0.00034311879812280824 -0.00011514837450466693
0.0012728177135263626 -0.00016440048799412532
-0.001094645100922351 0.000988859664349036
7.879679466048749e-05 -0.0004517434723463979
0.0007775791626532802 -0.0006939157459294993
0.0005868029606710352 0.0006513735280935687
-9.583612039846612e-05 0.00025171893458923657
-0.0008275529546161623 0.0007224628259851496
0.000637304546599457 -0.0005046582508269916
-0.0014474689183816907 0.0012394972104046017
0.0004752437079245079 -9.819834386629472e-05
-0.001020154523310669 -0.0009811204032869972
0.0005675595306665524 0.0008856245645844318
0.0003610526879459866 -0.00017765320147657704
-0.00021999094595510362 -0.00011063850287314026
-0.00022937037036843837 -0.00034063133162683763
-0.0004346053207572746 0.0005549667773655266
-0.00030502741874202796 -0.0002037821856995152
-8.560459617335337e-06 -0.000969167862301241
0.0006513919653030341 0.0011671980063886246
-0.0005728444087567903 2.805722855539548e-05
0.000677768175449535 0.00034255526244399734
-0.000372027988461623 -0.00035505331384962416
0.0015207431425926393 0.0005046683825986572
-0.00018916307991868864 0.00020974216599051708
-0.0002594570308469669 0.00012668456355359087
-0.0008728088728393929 -0.0007423216128144376
-7.385293818818192e-05 0.000844612175101038
0.0008025211172520335 0.0004238659701833851
-0.0005500402987242323 0.00014228886972344156
0.0008680699718375645 0.0006414569406826615
-0.00017196861601403987 0.00017347918913930064
-0.0019476553654982861 0.0004652041437034029
-0.00015332226006433233 0.0009447199641684324
0.0015858419219369588 0.00022962769115139755
0.000483059437265099 -0.0009121919522111073
0.0001230194439016888 0.0019832383844497043
0.0007544822533321994 0.0007579312753186789
-0.00033525315613428436 0.00012651525045234065
0.0005072968245362372 -0.000821976868282662
-0.0008770115943440248 -0.0009041270217096804
-0.0010631548170268188 -0.001174964918667724
-0.0005002990224941544 0.001396058216678297
-0.00027251051716653 0.0010893536554593259
0.0005383085393151497 0.0006380617586687026
0.0007578341389443714 0.000598986055191572
0.0002588525959646246 1.0546819150987466e-05
9.869763654891397e-05 0.0002765670600615505
0.0006415550372318838 -3.341759223494611e-05
-0.0010866355102345231 0.0009143232710007485
0.0005849359195668685 -0.00010420652975587354
-0.00036317951263439423 -0.00021375494135837455
1.0430848189996796e-05 0.0007923073236935392
-0.000439913873210189 5.972157764937629e-05
-0.00025890015555047864 -0.0004407869404401349
0.0011724178996381591 -0.00011910455955572061
-0.0005479572622597825 0.00017050938828354922
0.00036422512473089253 -0.0009708654705184879
-0.0008086873802882821 -0.0011424007982197128
-0.0018295796325851358 -0.0008877722173962059
-0.001515239212065579 -0.0007546023197242028
-0.00028365492299094956 -0.0010417455118210735
0.0012567953742379202 0.0004048777767674221
-0.00032814644802347295 -0.0006200127389943298
-0.00030625260787817517 2.936986713957301e-06
0.00022414512965617913 -0.00036464089046899905
-0.00037441347945330695 -0.0005604937318213331
-0.0004077297327745935 0.0001663640686485941
-0.0009367743034971337 -0.00022039380487006685
-0.00046710362876326776 0.0005711296867544777
-0.00037475890628148036 -0.0003573877343206556
-0.0005822103655050275 -0.00023870896566465056
0.0007816753308721755 0.0005041215019108056
-0.0003298668617579573 -0.0004682279948990297
-0.00022474599016101583 -0.00011758032036134487
-0.00040419665106609465 -0.00032345967889138534
0.0002880451994635796 -0.0008384179027075571
4.070437012751392e-05 3.6380117892511976e-05
0.00045527226181447337 0.0019219343554618643
-0.0003628580799314253 -0.00024595865578838313
-0.001203517582719297 -0.0007353761204769785
-0.0006747579873095544 0.0006169877828245262
0.00023410629120200092 -0.0001007108045622117
-0.0005698625988538795 -6.606893392001671e-05
0.000282003599587147 0.00033602979527939036
-0.0005496935602216293 -0.0002967693048124397
0.000467667945778027 0.0006214285147932211
3.646395089694136e-05 -0.00040188390304001767
0.00027812663992646833 -0.0004277795458789958
-0.00018910672685165151 -0.00035340032587578303
-8.23327188945631e-06 0.0005772525637203636
-0.0001407140164904256 -0.0004910484694948224
-0.0005688752905612705 -0.00017045239613035974
-0.00040037942457701495 -0.0005936914690588237
0.00022157440454080818 -0.00015472524344183479
-0.00013283418420739182 -0.0006205422053471164
6.514308015125968e-06 5.359955581011068e-05
0.001022216661042486 -0.001040577858961079
-0.00042742102736668177 -0.0004669747548810112
-0.0004242565151615569 -5.441164651664986e-05
-0.0004405605123013515 -0.00018880581462113761
0.0001678220907411664 -4.467576402016307e-05
0.00013881126667957002 -8.161479956090572e-05
0.00042120224288709853 -0.001409585232531301
-0.0006013068650777721 -3.746751924234267e-05
0.0001861266645938771 0.00028903756089207884
-0.0003104322941943755 0.0005930052416975941
0.0004638633716438775 0.00042833845488631026
-0.0001572919163104742 0.0004574989050936505
0.00043033231401997074 -0.0013431369883565828
0.0002476996351370419 -0.000912999751255799
0.0008410959791510761 -0.000250400730573363
0.001308599218258113 -0.00010256432345936292
-0.00017299764492112828 0.0008845344976863641
0.0003014226258376757 -0.00031549403518377184
-0.0003555358184418104 -0.00019840270088020148
0.0004864757199928331 -0.000133606008744538
-0.0003268565926841139 -0.00028924071612371487
0.0004608207826541389 -0.0002935121330434346
0.0004053338644870043 -0.0002973752853977888
0.00020814284457133824 -0.00032466492372336484
-0.00021328671597013824 0.000399292210316872
-0.0004960672544455094 0.00010284216278753297
-0.0006922708671206405 0.0005882461286553284
0.0004131412654630923 0.0003395129419235288
-0.0003952607962173462 -0.001108681230078245
0.00029596685317330413 -0.00034700015876052955
-0.00019903065998750727 -0.0008790423863384325
0.0007772758636437351 1.4979736250826366e-05
-0.000562235037265756 0.0005606297483321588
-0.0009748489871027847 -0.0005054768672349072
-0.00040808184853607097 -5.558053670025899e-05
-0.0006391766637167814 0.0004768684664553418
0.0003963874308459772 -0.000348418817561275
0.0001276355129847454 -0.0009385552066878255
0.00045283667004971057 0.0004027593470610849
0.0009201821338055576 5.352598253281367e-05
-0.00041415324516948715 0.0008787346097486172
-0.00019946036970705435 -0.00028546558591820555
-6.3865596774848e-05 0.0006916505090964113
-0.00012365246353839506 -0.0005204497072406447
-0.0008680966783153226 -0.0009054741255503723
0.0006052892256095231 0.00033047916392400485
0.0007619535633726687 -0.0006412710348496032
0.0008322664470161611 9.028775590707358e-06
-0.0003479047984642823 0.0005293661835752438
-0.0006787718021551462 2.4514267197894587e-05
-0.0001322273866272918 9.765810268173955e-05
-0.0004363523686948068 -0.00014249205836123336
0.0003002229708991137 -0.00041595641044287894
0.0011026196783293796 -0.00029701085432530153
0.00022962724506303498 0.000714052748931948
-0.00010321393018958279 -0.000264159839910343
0.00012573232859052492 0.00028822409704965733
0.0002115427510688504 -0.000390854513655644
0.000570458443603188 4.7177429057677414e-05
-0.00038852207829042756 0.00011599070202737083
0.0008930101838738383 0.0002826235035137314
1.6714157095878525e-05 0.00043399429598845124
-0.0007472030120075524 0.0002867458279562801
0.0003023513004838894 0.000796897639438007
-0.0006824773434328123 0.0001554693891112271
0.0005996601521564953 -0.0005476657029528572
0.00021853144817572456 0.00039633317090318523
-0.0003554952088808298 0.0005406457141412501
0.0007524595026413722 0.0004558227027144158
0.0003529723557952963 0.0001458725076013363
0.00020291588857850832 -2.1249023808628384e-05
-0.0011239381275840088 -0.0009618074079058083
-0.00014249085030320615 0.0005420816470616592
0.0006511626871237461 -0.00019556846773438656
0.00014765487820142404 0.00022170066300319214
0.00010759011362960946 0.0002660692024267538
-0.000418405379850937 4.3384211852210914e-05
-9.962887146454476e-05 0.00036743882310292614
0.00033284811578257386 0.00016323746110426767
0.0002771003924516537 0.000304531004728285
0.0007562870377014472 -0.0003249667440206231
-0.0006052981971668129 -0.0006316561549334417
0.000475862326499119 0.00045589216686286614
0.00020547465054953065 0.00037468424336823433
-0.0006844111274121309 -0.0007851684681777289
-0.0007545468342423986 -9.499038276192899e-05
-0.0010662566690876508 0.00022493168195492332
9.616246872468033e-05 -6.758627337499846e-05
-6.301058651037844e-05 -2.2481667128329816e-05
-0.0007125701673360267 1.4111095514795879e-05
-0.0007183098452489998 0.00014555790798021883
-0.0003140490268480041 -0.000116263338173896
9.962696328937914e-05 6.654686423145379e-05
-0.000772866746468315 0.00014223202228801397
-0.000958033251538058 -0.0015712507475645605
0.0002760968797080307 -0.0010479300196053582
0.0003833000879554416 4.480881479650589e-05
-0.0006103573947378805 -0.0001577628974827235
0.0008488399984433004 0.0004244370357659659
-3.1596330820492217e-05 0.0007260430213419933
0.0007754567817884298 0.00013794482821690075
-0.00014791956106080713 0.0002309889143146968
-5.664374395013173e-05 0.0005199867420588084
-0.001105502220276237 0.0008687286675915502
0.0008061876389867311 0.000682906109948718
2.042183096036886e-05 0.0001166413357781668
-0.00016344887565654764 0.00010110318700464964
0.00011415819442497838 -7.563499506956611e-05
0.0006289967452426422 0.0010224048088699376
0.00041086332549150715 -0.00018488810488385922
0.0002797998114569158 0.0005984855001578565
0.0004913427089425014 -0.0004333561297298166
-0.00020122294466045054 -0.0007749983108740259
0.00018026397061871255 -6.208977049758259e-05
0.00045646433647107785 -0.0007531626153090939
0.0008130688348042633 0.0005251267811951045
-0.0004945292367870064 0.0011152157412170458
-0.0014913421053326494 0.00024183521940955436
5.2054948282545085e-05 -0.0008547888930549066
3.8969349306189475e-05 0.0004358919866030233
-0.0007556661390360527 -0.0003266888789139573
0.00020875835330480143 0.0002541796151064145
-0.0003668315092623601 -0.00032492780250403537
0.00019104006680855743 -0.00019608134550034778
5.192706601298427e-05 -0.0008018481631894844
0.0004268164375010902 0.00033209847815034963
0.0004145342979047512 -7.66992928821895e-05
-0.00015441204926202332 4.067504625591392e-05
0.0003476713556584523 -0.0003734095211088288
0.0003198004437511379 -0.0002206928357184326
0.00011249344649355901 -0.00022202712783639088
-0.0005803267691524832 0.00015450955700032227
-0.00035422249718818186 0.0005144222984967193
0.0007239014984824753 0.0013460831200659052
0.0004468343924285092 0.0010301873136997002
-0.0001570958032234486 0.0003530719204475964
0.0013692414030408442 -0.0010891806430759873
0.00022913369094070414 9.643662385197282e-05
-0.00010250346028628943 -0.0004843842884760927
0.0007892840331993387 0.00013642988430220783
0.0007610312581323139 0.00016732723786704726
0.000579401474418264 0.0007787233559601157
-0.0005705731541364432 4.15958410116647e-06
-0.00010936948534726054 -0.00022282710969530065
-0.00021814560643725848 -0.00026000160660646487
-0.0005598622465931615 -0.0003120793297074105
-0.00017029629483349045 0.00025223443964796777
-0.00020075492997062832 6.828156282385113e-07
-0.00045372106685528203 -1.86015029459029e-05
-0.0011519071437964038 0.0003135062155694128
-9.415907243104791e-05 -0.0017122853748087748
-6.734132261710766e-05 -0.00019506506345925043
5.5558279050428055e-05 -0.0006954426530204286
-0.0009946731572094134 0.0005417725191944646
-7.515538858631122e-06 0.0006684555482470778
-0.0007234917043130083 0.0011175128118300834
-0.0008495849924138926 -0.0003012127245435554
-0.0006045029863444174 0.0007445402392096154
-0.0001679110587043974 -2.767976636922146e-05
0.0002019862971347142 0.00035778040276907317
-0.00012432794305680686 0.0006456165406721198
-0.0005389774153197282 -0.00032586629019636776
-0.0005615681945999092 0.0010305092810559723
0.000803523496393376 -0.0008108120021763089
0.0006115107645937859 -0.00031650387140019336
4.674881319912836e-05 7.684491039614707e-06
-0.00043587825671047797 -0.0006860125588161957
-5.775756360072484e-05 -0.00020154737148935452
-0.0002768063092486237 -0.00018558519683683296
-0.0004910705694378789 0.0007303216279770857
0.0002838313876527359 -5.091903792732453e-05
-0.00028660424091645295 0.0005537957103109416
-0.0002438349107874909 0.0004968512158670201
-0.0002670293390202974 0.0005020183422461831
0.0002540597567868282 -0.0003615807653212978
-0.0005664606207852695 0.00041493315229833365
-0.00025958349409667587 0.0007850176585472224
0.000432768701376476 0.0006595845788209394
-0.0007049948410752778 0.0008961142737017089
-0.0004899253890610818 -0.00021932376311080618
0.0006578414762361089 -0.0003896085228301654
0.0001020461323601479 -0.0005718480596771606
-0.0005482495006853599 -0.0005862705012508435
0.00022188808958112258 -0.0007213628148702158
