3.753529185640381e-05 4.3297560785265625e-05
6.087535834297479e-05 4.8495931652307834e-05
0.013424713671676702 0.020661923447396816
7.371422926873062e-05 -0.0011297648915860295
0.00042779488681501184 -0.0006603349113601879
-0.00026584524197644746 0.0001381049109717764
-1.0740822459069507e-05 -0.0010705966648754223
0.0014668605980873819 -0.0007126202408662159
-0.00015442881164592814 -0.0004765931967396607
-0.0004971976601725546 -0.000977453068062663
0.0007768846755818741 -0.0002203894549820029
0.0003900930406120607 -9.192546603562475e-05
-0.0008999140518032057 0.001531506351764663
0.00041701262018054654 0.00015560921640117323
-0.0011893309057620287 -0.00023577627924021576
-0.001386860957492566 4.314709070617516e-05
-0.0011295668914714312 -0.0007200957743066669
0.0003242252283578475 0.0004382137575333753
-0.0010987020443826558 2.6276083776710193e-05
-0.00046562491688516977 -0.0020681131270882135
-0.00020813939388561426 -0.00022380707928793092
-0.00023647977070005832 -0.001575670215017123
-0.00032854267922106353 -0.0003017872487768949
0.0004096674390491672 -0.00013653346525984285
-0.00020708180231113297 -0.00011978514551626879
0.00013241192935828583 -0.0013183423960060237
-0.0015259117823149696 -0.00036369022258793643
4.9696190126838826e-05 0.0006515262231333595
0.0011342656692840455 0.0018428179346268003
0.0017412731542738428 -0.000842446205061619
-0.0009423603677604634 0.0005603506751789187
0.0002874776133705126 0.00030659383160696783
0.00039698828057783313 0.0012106842473876154
0.00026662687418050354 -0.0007666369933520969
8.867265890725282e-05 0.00063436478178216
-0.0002556632095454126 1.558375202191597e-05
-0.000815698306163989 0.00013467095247988664
0.0007319353342152793 0.0012475754467119928
-0.0007406060714213141 0.0014378469662476505
-0.00035182399538499906 -0.00017588212025590716
-0.0002976747129723803 -0.00014425122740408582
0.0006089354257277762 3.670607768945431e-05
2.0798261746861347e-05 0.0016295775684803402
-0.0004817550269825939 0.0014165151418636282
-0.0005049005143572199 0.0008773302752529161
0.00015512675431036662 -0.0003718820312171714
-0.001302976780440184 0.000431376217531573
-0.000554707348027357 -0.0010213309940334408
-0.00014720443875293335 -0.00014070516894276852
-0.0011001095120662123 0.00022794911631248454
0.0012143509373361444 -0.0003377537507866058
-0.00030819498812484125 0.00015802932119576743
3.5448061107799475e-05 0.0003723499347044516
-0.00015027969329856888 -0.0003746663593938949
-0.0006402340963215876 0.0006233372511289817
0.0013844939571036935 0.0005673434406349582
0.00015067320505738886 0.00021398569582748746
0.0004739350380991395 -0.0002635506909157843
0.0015291435670461244 0.00017634173801324348
-0.0001737433158184609 0.0010840322215035468
-0.0005525947581004963 0.001266005333965176
-0.000758212706947551 6.958787889676195e-05
0.00020478304306119336 4.131743635654149e-05
-0.0006080878890079075 0.0005247060583386535
-0.00038767063551575467 0.001130421124394946
0.0002392771088190004 0.0013348297107862567
-0.0002549452962521382 -0.0005643553317411691
0.0012726722425031858 -0.0006357337242854356
-0.0008964469624085692 -0.00010588170944704825
0.0007557585060556829 0.0009923326014311853
-0.0001818014746735524 -0.00012988244328500012
-0.0005799592972949434 0.001011527798168877
-8.784373912428393e-05 -0.0006466520528592192
-0.0001624497728194275 0.00021384470682289842
0.0005030326921826292 0.0010235282600999744
0.0008678131735564995 -0.0002655988288163087
-7.502275118238043e-05 3.1605520580457214e-05
0.0001671374066228825 -0.000754758864117097
-0.0004261346891436687 5.86220387270428e-05
-0.00044455912236533344 6.480980813533703e-05
0.0016094093041005698 0.0020406376666737016
7.59604407224782e-05 -0.00047296592957022515
-0.0010256613298366129 -0.0006033912205512862
-0.0004224981351397842 0.0005012456530760426
0.0005580481190657463 -0.000950264333716552
0.000997260776941547 -0.0007685692599288097
0.00014428914742935732 0.0004935190141471549
-0.00010516762781240481 -7.058532175710439e-05
0.0010052252911188632 -0.0005121439674619789
-0.0011180586082002702 -0.0009248648467472659
-0.0007015111740595712 -0.0004489002180001249
0.00044338964955921987 -0.00013666370394697984
0.001619400210144632 -0.0007576435659728719
0.0005449542758675557 -0.0007349788438592085
0.0005013084446360756 -0.0009024628310099911
-0.0008402070506999936 0.0001371673906327379
0.0002353236884315001 0.0010839870752168428
-0.0005087388107350338 7.012580892550767e-05
0.0004751408484499613 0.0011418363188857453
0.00031404814864944305 -0.0004386065204242269
0.00019296778047935744 2.3018459353451956e-05
0.00028715140795450934 0.0006460444411018352
0.00010542042633969824 0.0011008799104914424
0.00010490860706846077 0.000669509378047908
-0.00010893500345688945 0.00071472025404554
-0.00017748994212861616 -0.0005842669974831398
-0.00045398942158884605 0.0004937098699954855
0.00010399315831777045 -0.000305020502244932
-0.0003185689189957666 -0.0005302761791629665
-0.0007801368646516687 -0.0004358394315778957
0.0004485416355553207 0.0007608988840452342
-0.0004523363441948252 -0.0015743275900529108
-0.00011437323608604465 4.365400704064718e-05
0.00018593939925087478 -0.0008829366717392941
0.0006593934389323967 0.00016807371956564386
-0.001052293729378806 0.0008299439931779487
-0.0001559172709901134 0.0005867595610496707
-0.000343634610025356 -0.0002346653896427832
-0.00015755456301165557 0.0007980261886193662
0.0005987740256027858 -0.0006375879707800366
-0.0002712859020232527 0.00026709990054276566
0.0009028871897571244 0.00016962388214133512
0.0015090985605807955 -0.0006610437649428488
0.0005108338108224072 -0.0011554006905945637
0.0005017668891357096 -0.0013477240570192726
0.0007234284137042611 -3.973261793752955e-06
0.00010193117570769511 0.0007762300298100178
-0.0002666696299357863 -0.00026807478036507983
-0.0006058378681239746 -0.0009087394482923545
-0.001345513259754497 5.914559037876292e-05
-0.0013497680912193995 -0.00018916850968796263
-0.0004737849854224013 -0.0004032014092064911
0.00030252869163130034 6.540794804023707e-05
-5.7431673379033895e-05 -0.0001712083110326125
5.864591470022658e-06 -0.0004895480878449954
0.00025178538065342407 -0.00023502437000813694
-0.00036657808328305553 -2.857139115116093e-05
-0.00022364890278982197 9.221816933283844e-05
-0.00043830474733714284 0.00024483091550411026
-0.0005405372725965329 -0.0008368859461750179
-0.0002244220530554002 -0.0002572729196029978
-0.0006773766461304589 -0.0005416791162233798
-1.0784806605823289e-05 0.0007043975388009776
-0.0003485617957306024 2.4426493854213264e-05
0.00043493566297761916 -0.0005521149018363054
0.0005841125269385294 -0.0006484184482205949
-0.00024235759386161254 -0.0008584526624695627
0.0013108868748466522 -1.4801592884254635e-05
0.00024731085759677256 0.001239159705359384
-0.00014800838187642982 0.0005781858793600586
0.00015167775465183694 0.0003180618529045534
0.0003294609441765005 -0.0003939464378882708
0.00021460416082467467 -0.00043699701609052464
-0.0009801535204090968 0.0005525845097716396
0.0006310713356423649 0.0006288445295287513
0.00043336375549466583 -0.000737123011733593
0.0001963860177729659 -0.00041297208071239066
0.0006660050484883831 -0.0005296215932827168
0.0007155491426412571 -0.00011578544131434606
6.738473034413886e-06 0.0004031149876122726
0.00014881055433669044 0.00018642277786869846
0.0007109159159724849 -0.00030591994088325584
-0.00036111841747726685 -0.0010833692126440125
0.0016822812276954288 -3.942347693030443e-05
-0.0002125051407918479 0.0011758134645114434
0.0005252801664962835 -3.544819919066719e-05
-9.518723295293486e-05 0.0006925981764581848
-0.00011848295440658501 0.0002482545224537904
0.0004400763500574604 -0.00023419031734136866
-0.0009816980355991094 -0.0008746124012243147
0.000598939134370408 4.449672769038145e-05
-0.00021268780571216163 0.00013476520449115745
0.0003929289849982839 -0.00031194835667312803
7.225925128141642e-05 0.0009131125606448209
8.707087861434468e-05 -0.00018213913971057996
-0.0002031198447305997 0.0012573482278245098
-3.4844268780456e-05 7.591492063289582e-05
0.0007600627122188831 8.975969820528347e-05
-0.000726728806166871 -0.00032210088145071236
0.000858602978580998 -0.0002233177813791113
0.0006218964326850219 -4.5093996063185285e-05
0.0003944351482324903 0.00010940421922193467
-0.0005286952466490639 -0.0006490489868343447
0.00017954194601420802 -0.00012788400699702564
0.0007379761092350369 0.0006673788947289633
0.00039707662415162633 0.000511224435862791
2.7456019737867613e-05 0.00041986248615296095
-0.0002529254116116656 0.000176575766961729
0.00012835445546237966 -0.0005317158783936275
-0.0001345172264787881 7.698479165693099e-05
0.0005362553104795093 0.0007519739961243095
0.0004539832016707415 -0.0006984628188596943
-5.7971222981250846e-05 -0.00030934586197352656
-0.000366176542312354 0.0005112959076918689
-0.0008400605442743908 -0.0003094552599038435
-0.00023043664933310187 -0.0008083223353897652
0.0006088241939694872 -0.000427019525469421
0.00027522891651531246 0.0007870425114857622
0.000695144362786303 0.0008003577681032389
-0.0007916697345545775 0.000794076011622771
-0.0009949743171821406 -0.00013759129850599036
0.00029524457149081307 0.00018847298228942845
-0.0007172959373702307 -0.0007057075834067636
-0.0002708065173532451 0.0002602643034078066
-0.000265661495056457 0.00047533768484109534
-0.00028773692489047424 -0.0008330472671333988
-0.0003557533710899941 -0.0004498958398044267
-0.00110821634612695 -4.149871384292115e-05
-0.00047855462700820817 0.0005927222785840594
-0.0008408700232010692 0.00040098218087722225
0.00027257438691151155 -9.723857165466815e-05
0.0004552201999411711 0.0008815977756978702
-0.00032772244640900966 0.0013344331696506827
0.0011620502889650532 -6.914819193596099e-05
0.0006620241142780791 -0.0002540098874159748
0.00086524421750593 -0.0003761390678721512
-0.0006456145825951787 -0.0003847788733714537
-0.0005359804543924636 0.0001319810549904674
0.0005203244096444561 0.0006972191912962254
-0.00029364248639769273 -0.0005822854931124219
-0.00026443485843820596 -0.0001844352143916172
0.000265823553786163 -0.0013988669239102295
-0.0002388521756964123 0.0003393652121112094
-0.00016403970883568266 -1.401772764193721e-05
-0.0002684019102911181 0.0008960540372019996
9.047690619377241e-06 -0.0006218788250000765
-0.0006382853796908223 0.000544069642422981
-3.639461840793377e-05 -0.0007964413042226569
0.0006151811619181536 -1.8997508356952394e-05
-0.000670277256918855 2.7091507104007174e-05
0.0014223284595160435 -0.0001388609178665181
0.0006559571482589307 0.00031247390558507667
0.00042354399775318283 -0.00011213281788256167
-0.00026105046285556673 -0.00019321175993207513
0.0005744194567746238 0.0004109854995895983
-0.00014536735866855827 0.0004898180269619468
-0.0005692491999955832 -0.00026906814109089306
0.0003793774296569023 -0.00022814718653397023
-0.0016404769078382853 -1.792019510387777e-05
0.00036116620589361293 2.4818035225615632e-05
-0.0006703495485975853 -0.00019712480841624274
6.088517802101807e-06 -0.00011598383062149493
-0.00011134647170124615 0.0006481484994907629
-0.00046977065146870526 -7.100396772231782e-05
0.0003200783008862446 -0.00017880974778271787
0.0004657214036688068 -0.0009264144626871526
-0.00018498555157245067 9.663076651730617e-05
-0.00036216357905490183 -0.0007725311271704704
-0.0003112115737494167 2.6718629316023152e-05
0.0004287250259796274 -0.0004612909749802209
-0.00011741131728902209 -0.00035281830183984204
-0.0002564050190483713 0.0007479757636974992
-0.0006377744542857054 0.0002041333026722639
-0.000366862522633989 0.0007136810124613764
0.0008192436908344332 1.7216407895081212e-05
0.0008293633222025809 0.0008098609401856721
-0.0001732822610342164 0.0009608051667987117
0.0005435169375184545 0.0001378845744011132
-0.00072692172150071 0.00018264385195186522
-0.000391712753662907 0.0004848422138779435
-0.0002663379066117933 -0.0010719393403644006
-0.0007018926705363853 0.0002871675081058213
0.00012309461253123344 -0.0005236914608797105
-9.847919038461963e-05 -0.00014087614935842587
-0.0005529390786347022 -0.000417066306769812
0.0004580119418510841 -0.0005796717586263474
-0.0003891756957460053 6.717970067518985e-05
0.0005976698289648054 -9.233217789438021e-05
0.00018598203029970844 -0.0012449475963566376
0.0005068784212618663 0.000686917988640715
0.0003412710322877356 -0.0006055697279901108
0.00015749934067958035 -0.0013279179549217093
-0.0009947528107087662 -0.000592749628063959
4.106357633317483e-05 0.0010479150544668132
0.00042621915538526605 -0.00020156044270540154
-0.0006554738276134966 0.00040829285753555373
-0.0003032732367986796 -7.338896463777612e-05
0.0004908368652093646 0.0004711816424558789
-0.0008727352853410699 -0.0003336864457511447
-0.00013002110736707494 -9.798263026500727e-05
4.266272614066268e-05 -0.00021966604369205486
-7.214600708129945e-05 8.422514138017428e-05
0.000310355659185693 0.0006469023123932565
-0.0004149127467378098 -0.00013966513815528213
-0.0006151748321482553 0.00010069701049395084
-0.00010386913277289224 -0.0003996345926709612
-0.000493664210643576 -0.00027769852406699113
0.0005610338299103003 0.0001536676706734682
-0.0005961126357278162 0.0006187275679772615
0.0008871369576918172 -0.0003342526590689192
-0.00026322158508156426 0.00022074040349371018
-1.0680406646727375e-05 0.0001298039976957362
-0.0009428906945428075 0.0004083504867147751
-0.0006219164875019864 0.0005625523601788816
0.0002714034760223162 -0.0003042174868980138
0.0006024516885307624 -4.2407197742991106e-05
-0.00026274678971653236 -0.00027831853550748455
0.00023526278003339424 -0.0007079875954649703
-0.000987354246835658 0.0006912206125905143
-0.0008594431775821213 -0.00044540354281843064
1.616650177078241e-05 -0.0007039035301111337
0.000264080939199397 -1.0581315694047539e-05
0.00033461825028968976 0.0005405446290203783
