2.5975157674017497e-05 1.6661896318966593e-05
3.6715910976681395e-05 3.672527636976944e-05
0.006527589414357688 0.021576765753672098
-6.092716086907994e-05 -0.0004963223529860675
0.0008951465877794439 0.00015053762292805222
-0.0005630870803252026 -0.0008467040002703
0.0005323601993304351 -0.0002878539344359729
0.0002399329006989213 -0.0007886208512537363
-0.0006903825620464836 0.0008877406029411942
-0.0003212599103586297 0.00011821337870506136
0.00012389489547322952 0.00032844627097190093
-0.0011372073989175703 -0.0005810118230668002
0.0008361970568229149 -0.00018854867126270205
0.00011713647095328418 0.00030671904187806395
-0.0005642335409238275 -0.000139298403663768
0.00037287556833209617 0.001161749058222945
-0.0001482681832631619 -0.0010097553205073312
0.0008410248175070398 -0.0005525418162021312
0.0019993009598621874 0.0008368308609630279
8.213450811091472e-05 0.0007501357767274227
-0.0014214113864564435 0.0002849935937288924
-0.0011752395952037624 0.00019308464451331056
-0.0008129760155350431 -0.0017062072409303737
0.0009681610901124066 -0.0005259902531389173
0.0010316321559081102 0.0003335381078009051
0.00031308128614309706 -7.73002506458186e-05
-0.000907441246726478 -0.0015071075106548486
0.00010143717071223993 0.0008221227015821647
0.0008233245409545576 0.0006285087418870804
0.0005852824160380068 0.0011718867953140959
0.0010807437258622441 -0.00013791224527817824
-0.0009194796714600505 -8.095865443634335e-05
0.0005138127410776631 0.0010133753302861428
-0.0010477548945296029 0.0008103133638900178
-0.0010185537674617278 -0.0008489017543426691
0.0001556806144421233 -0.0018636151053820767
-0.0004379691418347936 0.0010151636728922197
-6.09661658542267e-05 -0.0012252401084702036
-0.0006954948964185719 0.0003956959994606007
0.00015773581984542193 -0.0016534193955915987
0.0005965337984608723 0.00016753722317278078
-0.0008605877325747814 -0.0001804413269826233
-0.0004784895649274426 0.00044043901235288406
0.0004711784164496238 0.0001400451705585471
-0.00020368026289084942 -9.851643831840963e-05
0.0003634937311069393 0.000480558399000258
7.673104986819716e-06 -8.783817914112054e-05
-0.000482070299079894 0.00040513892584947725
0.0012478663159740124 -0.0004619113016055371
-0.00020879255884675594 0.0001644654535449204
0.00021776395647761198 -0.00015614955229308007
0.00043810761889924964 0.0012102988513911456
0.0013765794299124357 0.0005102436026079245
8.973745217294447e-05 -0.00027831140883954317
-0.00034346195602686145 0.0002478813566170324
0.00022687807654937555 4.3961484845716074e-05
5.5102249260531956e-05 4.4353058643202064e-05
0.00021787353758864108 0.0011320793929508477
0.0008371827318568558 -0.0006033396920616474
-0.0006278891990298722 0.0014353684768225604
0.001754821816736561 -0.0003409434657893351
-0.00023941793109807978 0.00029680536528730824
-0.0001886724847197832 0.00016712337273552846
-0.0007798892464761156 -5.66588074013572e-05
0.0010319995121229957 -0.0010491508450640543
-0.0006660261121250555 0.00031219847421114097
-6.248608105978003e-05 0.00042350671026084204
-0.001688863245895378 3.7841015342403797e-06
0.0015371238443275736 -0.001122129407824165
-0.0010705659883283503 -0.0004986112549039718
-0.0002709751309314473 0.0008333389387276272
0.00047113810254028053 -0.0011393325598442834
0.00023731663560032254 -1.716331400176573e-05
-0.0007626949481622587 0.0011975853211091726
-0.00090273643819561 -0.00014817344260714032
0.00013007841543901093 -0.00018415650978402084
0.0007031705706593848 -0.00030563747782014596
-0.0004737950195322589 0.0008427751408177766
0.0003513925831450817 0.0002958022775405639
-0.00043523609162807506 0.001273800166001232
-0.0007684028829107379 3.4206593788431175e-06
-0.0005211854432715054 -0.00013043488165961635
0.00047423846969926313 0.001726901110589378
-0.0003398648409759337 -0.0006844858327195183
0.0003507844963174568 -0.00015763422529317407
0.00017103819224787876 -0.0009154035215195277
0.0009741616544391272 -0.00013922271566905615
0.0014210839950963494 -8.445450559127898e-05
8.50243731190913e-05 0.0007689931721284342
0.00015133927498886388 0.0007565147495800632
0.0003454304624042559 -0.0006409234368257015
0.0007412462407233628 -0.000554852334180858
-0.0002799836535785098 -0.0014315765247474967
-0.0008781807716836037 -0.0001736592454296883
-0.0005839941648569041 0.00025278683594517193
-0.0005563277624383936 -5.350185151044258e-05
-0.0001567568056141055 0.00035642025629788545
-0.0003598060125522483 -0.0005521960261721199
0.0007883184603180785 7.505469655617398e-05
-0.001033040472898047 2.785252224734799e-05
0.0009648682000234756 0.0020319505577135874
-0.0011371416873160183 -0.0002528115578904383
0.0006997587937027206 0.0005599723142782721
-0.00020444013335937719 -0.0002743356391735111
0.0003923107352744783 -6.043647963708336e-05
0.0003176025398407594 0.0006220390604535984
0.0008369239769645041 -0.00037479311077348766
0.00042726141235117026 -0.00018800878267346492
0.00010316989759263356 -0.0004771446388732341
0.00022244567274897224 0.0015074863411176267
-4.675241628552371e-05 -0.00011150604813668546
-0.00017041737882472112 -0.0003546853851437142
-0.0006837164395273529 0.00044375192180451454
-2.9806628317061844e-05 -0.0004138361803899606
-0.0007298364338782396 -0.0007421676649203517
0.0007268158316068469 -0.00022191280083812108
-0.00017396334429610526 -0.00016722230020732552
-0.0003620778556168297 9.143720703443382e-06
0.001826298668606092 -0.0003809046605289469
0.0004798064505310169 0.000901949047938883
7.337092538760767e-06 0.00023300905239959847
0.000404362850007385 -0.00034807595686004665
-0.0011920995594985127 0.0009712827164315591
0.0003247717890529808 -0.0004189728069126294
0.0005887695727867504 0.0009698774803697369
-0.0008083341072229182 -0.0008446656151484825
-0.0010482597112766103 0.00011306163712305061
0.0007006907385380093 -0.0002964709138028
-0.0010725430651729868 -0.0008048182439141402
-0.00012127851324533871 0.0007249561450100755
0.00010484542646604805 -0.00039048832775158675
-8.58647735217107e-06 0.0008475496102504337
0.0007135176540137639 -0.00037694686331775254
0.0008577071350147543 -0.0001420867164902901
-6.591376202302793e-05 1.3871579826980247e-05
0.0005796237184076223 -8.445590622931649e-05
0.0004810314315146681 -0.001025685354488846
0.0004081229992101934 -0.0007382720426961486
-0.0009871982566177296 0.00037175275381518225
-0.0009346051874494191 1.2612298386892227e-05
-0.00045139522628315573 0.00014342053394867665
-0.00026573319168222417 2.5264814655070915e-05
0.0007199969569546889 0.0002678490494478958
-0.0005372466665405916 -0.00012039023930080005
0.0004024004803096852 0.0001890784614954264
-0.0002902084531311685 -0.00015624664085653393
-0.00041399255034289427 0.0007068685997046962
0.0008271523009262345 -0.0003247368522510078
0.00014087201441345573 -0.0008098032885004857
0.0010767941190771254 -0.000605088173234459
5.4497403228011165e-05 0.00043453953395664816
-0.00025586381985705047 0.0004658193028378994
-4.6025139669009804e-05 -2.479301713777361e-05
0.0004934754261274336 0.0007021040984133252
-0.00021744972722455405 -0.00025380230413614305
8.293276669416421e-05 -0.00040003805793620474
0.0012327427604684853 0.00024841318113139857
-0.0004434942203605474 -9.975249364207224e-05
-0.00025328193617312 -0.0008020733749107008
-0.0004648765960877507 0.00019138624716065423
-0.0006142303480694605 -0.0006871560831380862
0.0001777221751135902 0.0007916907143249933
5.466102453174616e-06 0.00040492088008250066
-0.001106971217543071 0.000171916883493075
-0.0005565167173780937 0.0002399183118018293
-0.0018507669694670479 -0.0011526098839635848
-0.0002861459931339663 -0.0006004883711625104
5.7016721635310486e-05 0.00015432735221417688
-0.0006426904123641267 0.00039223777906605004
0.00015495206952669072 -0.0010508711172810513
6.215849942077954e-05 3.0787623093033357e-06
-0.000594927469088707 -0.0004904134728030237
-0.0009424252748959683 -0.0004628126287742736
0.0003101895651043207 0.00043856896580137493
-0.00011527091073745344 0.0005469736260846788
-0.0007182957046624938 -0.0002573099544212539
-2.1982049430807338e-05 0.0005869360910137575
-0.0008444390118907079 -0.0006266585102057611
6.514188399997799e-05 4.809022434815107e-06
-6.683801396866014e-05 -0.000819145038239391
2.1680052160490143e-05 -0.00037512534444169134
-0.0004500709346018193 0.0009006737676192767
0.00017416549873844933 -0.00029160703875663846
0.0004406949213495247 0.0007664534862764857
0.0010339246864892364 0.00019310615635165072
0.00015846342520278928 -0.0010672371110336985
-0.0011022885858588112 -0.0007171477760373741
0.00018676214645990113 -0.00014872992792596852
0.00042620228122339964 -0.0012506779871632723
-3.951318329614652e-05 0.0003738182281283778
-0.0005436054112167378 -0.0004781550252554212
0.00048047024637519627 0.0004818226074420386
0.0004093576810618852 -8.310653174450438e-06
0.00031912391254090773 -3.034188511821777e-05
-0.0002576123508854779 -0.0002402235893218098
-0.0006839484983550395 -5.1142970530793684e-05
-2.569861130321363e-05 0.0006712679571219937
-0.0005964962775863459 7.481855473933621e-05
2.7700491695723104e-05 -0.00043940521778038815
0.0002990566397453559 -0.0009874842115005504
7.744571877993344e-05 -0.001270762811384307
-0.000944751894876626 -5.072054194682361e-05
0.0005621123704035899 -0.00013420791423555479
-0.0007230364767445284 -0.0002458881861282513
-5.314787599249637e-05 -0.00032333290984222886
-0.00048194599947971054 7.904435790559627e-05
0.00012755183494191503 -0.0004807018774187753
0.001894216188086385 0.00036093359910077287
-0.000568532109518011 0.00011512865722898556
-0.000816000478028264 -6.380225706708424e-05
0.0010956280975364864 0.0001708880338056599
-0.0006333931149357634 0.00017380225479677618
-6.328556969042316e-05 0.000253572358999529
-0.0005160314202104182 -0.0005536099489102399
-0.0002522053099153379 0.00043451687086510076
0.0003803907121810786 0.0007448246538222632
-1.550031302263994e-05 0.00014985488490761706
-0.0009078266248294356 1.624851344480811e-05
-0.000812314113043014 0.00024545684238286373
3.477106930542153e-05 -0.0006529088544021084
2.951884112965867e-05 -6.708086555437106e-05
0.0006571470137712287 -0.0005542695411637798
-0.0011985933087182152 -0.0006401927325894152
-0.0002677716647021388 -0.0010075027370242489
-0.0008429493625978837 0.0005343724800676362
-0.0010785291423101677 -0.00041088811265556623
-0.0005160173142650822 -8.78120991008502e-05
-0.0001907044205358823 0.00024059633446314938
0.0010022213319661486 1.967682757220278e-05
0.00044725160831386853 0.00012473435829371353
0.00027072118702808245 -0.0012176097340147963
0.0003381474914817871 -0.0006460789187392944
-0.0006577738650589349 -0.0008177637171234378
-5.963815032462821e-05 -0.00028791252293848676
-0.0003867194633733103 -0.0006364980888719451
2.235610158223168e-05 -0.0002564317199859291
-0.0005317966874098802 0.0012988041973658227
-0.00013361779600468962 0.0005177981039488917
-0.0009922791102753039 0.00039957236410021737
-0.0001868483993014363 0.00037423635394268697
0.00042160303198731725 -5.331287178417308e-05
0.00044706071050356423 -0.00020863876627435306
0.0002724699690169669 0.00047537096008648045
-0.0008070677419820646 0.0002523027260131059
0.00010432221428647739 -0.00011635045627764328
0.0010372084140946218 -0.00010601765842102866
0.00012152485861437319 0.0009321807137756849
-0.0004794251927895498 0.0005068800496206842
0.00037097200532907926 0.0003772503011933681
-0.000672573725044843 0.0007303777550849905
-0.00042877092550690487 -0.00020244477680598553
-0.0007714232017041576 -0.00024357749018663678
0.0005356121869574005 0.0008076479882573191
2.6382062268319247e-05 0.0001338740884490823
0.0006320915830263899 -0.0002904172538727786
-0.0009309449128655225 -0.0002722550364494937
-0.00045583631860485354 0.000734772402299159
0.00015413136381233272 -0.00021078801086720967
-0.00030230292889477724 0.000247579617310833
0.00016434933049004483 2.2236426213423274e-05
1.6750699736918352e-05 -0.0008632424733360067
-0.0004205561654228325 0.0002641061630753902
-0.0006230429053100604 0.00018508431702497286
-5.8007634076577914e-05 0.00030657334872491514
-0.000860973214067049 -0.0005155009406733484
-0.0005573688736716637 0.0008009384589716179
-0.00039923467193732126 0.00010431192228595133
-0.0003419924623229553 0.0005904736769080123
0.0006691060169501591 0.0003365493375978593
-0.000979843134603322 -0.0006448726815807399
-0.00011027716069844125 0.0003057947883305646
0.00033409014022975407 -5.5955614550986735e-05
-0.0009314851816204732 -0.0007788703293406397
-0.0009367668929474093 0.00020538277103133868
-0.0006539962248528087 -0.0008596883041006586
0.0009360243736471996 -2.4411915405030044e-06
-0.0010028293223253817 -0.0003701572936797736
0.0005009783532272227 0.00032476379187326064
-0.00023703091152496217 0.0005624359541827023
-0.00018368481509257304 0.0004799464277419083
0.000234217476472457 -0.0005383687958699731
-0.0002662705751722729 -0.001246882967820074
-0.0009958448582910143 0.00047178458861765087
-0.00010476051550830478 0.00014517985526671078
0.0008685891538829871 -0.0004796458195513731
0.0001732832371417124 0.0006259991282650084
0.00026739255207003203 -0.0002554567380369393
-0.00010351892904588228 -0.0012630065342654326
0.0008073303154502719 0.0003373345825298938
-0.0006503295548337236 0.0005567993357681117
-0.00035011292324849114 0.0010378553913465763
-0.00019281463433606995 -7.369525129765313e-05
0.0008973785573925562 0.0005370813078705318
0.00016808094563641745 0.0005260635452375426
0.0009901949624555337 0.0005633508509294081
-0.0005252634093390938 0.0003269120572851171
-0.0014823974461466132 -0.0002111876877868327
3.468657854410528e-05 -0.00041012048832618123
2.385781357930488e-06 -0.0006002172133572674
0.00012942556229851414 -0.00012586201730572304
-0.000674218346341874 -0.00025774637190357634
-5.079102585093988e-05 -0.00027902460003311245
0.0007971315325138351 -0.00022583631098879736
