5.1262170121986544e-05 5.958380267482512e-05
6.104243589537282e-05 3.099074678637447e-05
0.01915928055104289 0.020122876996030766
0.0013441878530709385 -0.0007831088845974207
-0.000639496943219782 0.0011265180054547746
-0.0011586506800931652 6.38164095084547e-05
-0.0010483154873239084 0.0007497628317522299
0.001059169131054736 -0.00030158341982647314
-0.0006820930255217057 -0.00019972303718815727
-0.00045121740411091857 0.0006280517656140026
-0.00032482322452657606 -0.001300162642248195
0.000830102213026067 -0.0007374105794694242
0.0007285767505868617 0.0005022483482082621
2.3523070914824863e-05 0.0017087357793419313
-0.0007076436505571098 0.000656846828736638
-0.0010236690190720947 -0.001166570372348935
0.00016046169276268685 0.0006209315188369361
0.0004797928977323208 -5.6395399905454635e-05
0.00036273153983323403 -0.000403096964754534
0.0004617745377301661 0.0003826729318850039
-0.0003949420981982467 -0.0003640034307909044
-0.00035462182669773333 -0.00035329139817254993
0.00012099259580482806 0.0001635561530422392
7.667382716741017e-05 -0.0013441829185463863
-0.00027826641892963826 8.782131758845217e-05
-2.3127068488442595e-06 0.0016768269588210093
0.0007318212285577368 0.0010362579415410713
0.0007119514559954103 -0.000284866921156155
0.00045213869129130413 -0.0010419121607916442
-0.000551573554618423 -0.0007745892499164902
0.0008094711485982954 -0.000994747326659203
-8.331575066501646e-05 -0.0005203888374607922
-0.0014389916293530926 0.0002290904458566302
-0.0009410462539109672 -0.0015719559213674308
0.0004362580476497994 0.0005695960594853564
-0.0012473417834436293 0.0009650006917062699
0.001019803474272432 -4.1737525858375884e-05
-6.354068662511356e-05 0.000596426069595786
0.00042404567288865247 0.0004952959526872077
-3.5500191693977216e-05 0.0008798278322949336
-0.00020086798556387075 0.0008718252288159435
0.0011752824774942678 0.00033922475956690395
2.8092256524307203e-05 -0.00019226016919387064
0.0004120191801238479 0.002010029410819574
0.00014875146498726424 -0.0003639185784167881
0.00030900339468897716 -0.00035783480995132147
-0.0002186368734069877 -0.0005327000940078825
-0.0008886485090086353 0.001130022416712151
-0.001660586336586792 0.00012551849273996453
-0.00023760057635322762 0.0006473008308501484
0.0012388979091892147 0.00024728719179681525
-0.00042174044937372355 3.917971373462834e-06
9.886222563266567e-05 -0.00021479651318771258
-0.0010836951803134503 -0.0011000613926038165
0.0001886734597243562 -0.0003938754056373417
0.00039400512849009075 -0.00028699680417666214
0.000250046015120019 0.0004681163537586507
0.0006011186041491016 0.0009784657429257534
0.0016650070177539466 0.00042620334490386485
-0.0005461098180234367 3.693365786397594e-05
-0.00021063165187523716 -0.00021914581787216137
0.0009358441354133833 -0.00044330431057245816
0.00028168345822304975 -0.00017907295486771185
-0.0001226339225902825 0.0002543414823448126
8.039180233384709e-05 0.0004166923236596178
0.00039943709891475507 -0.001577705691716225
1.6280905957423406e-05 -0.0005972124550457652
-0.0012301385659313348 -0.0016760384256700137
-0.0005070146308105895 -0.0007981459728217614
-0.00044111517693347016 -0.00018284130314922842
-0.000448682599957635 0.0011350462760968455
0.0002254134041412043 -0.0008862245577325378
0.0008900772722746095 0.0006677126625827569
9.530239657031655e-05 -0.0011958067322562198
-0.0013122631679460576 -0.0006071269174526625
-0.00047492709789630227 -0.0009506120653914943
-0.0005734976416852385 -0.000718812821559431
6.938782289481544e-05 -0.0012498902314444634
-0.00018529443350395763 -0.0016056272089082283
-0.0001189037687046403 -0.0010106238577035566
0.0011852714293636454 -0.0016918811450481704
0.0013299197949074419 0.0013071841829463764
0.0006345038253868381 0.0010363412259477478
-0.00023135817624062268 -0.0002874873170237537
-0.0012619723137273912 2.3151771635000897e-05
0.0005633139715878906 0.0005228391375086253
-0.00028150238889042083 -0.000331963845900911
-0.0002856921771442356 0.0013740164704169693
0.0007446875923713307 -0.0013406714415585485
-0.000296299548796064 0.00028556718572609165
-0.0001428992092968342 0.00023281216052343663
-8.552223387820248e-05 -0.00014188068542972978
0.00027413762823653884 -0.0005206259438824243
1.607462394268646e-05 -0.000507457805149687
-0.0014650298430825576 -0.0014259998858897845
-0.0002177673421966651 0.0008987404784716438
9.19407254258995e-06 0.0004963371033068492
0.00035600340015942895 0.0005168392156925152
-0.0002507201776668147 0.0009004872748061121
-0.0011897639145573452 0.00032413169766677924
0.0008929445318885214 0.0004945476320646494
-0.0006300107852375413 -0.0012934656936462773
-0.0006817398759054353 0.0013123770646932512
0.0003946170807658841 0.0003103487267473999
0.0003562996617404429 4.882523486089558e-06
0.00019558274033826552 -0.0007124826038790006
0.0005281550864375857 0.000316430399646396
-0.000620250671115674 0.00016923499746290582
-4.8590301696788666e-05 -0.00013408925454356594
0.0003065017069931128 0.0005849042908566543
-0.0007735699606404832 -0.00016737892303506218
-0.0003797798404733926 -0.0002315299313127207
-7.265539618951949e-05 -0.00027195338710944873
-0.00016260161463632234 0.00038592061076392174
0.000674733415304113 -0.00012299188469776725
-5.357046077750569e-05 -0.00015170000701993083
-0.0006248590928449547 0.00012405111404488692
-0.00014112558658160154 0.0013950138809570322
0.0007346971388614589 0.00042458174805286487
0.00018806985226330387 -7.466396171955616e-05
-0.0005169646774633569 -9.343586131702934e-05
-7.85797234326568e-05 -0.0005865369699410022
0.0007697684408088621 -0.00028985300434750393
-0.0007950026082588069 -0.0003690669960992362
0.00026866466686817386 0.0005204858800131263
-0.0012539828820966792 0.0006070646455849701
0.00043874372632608295 0.0002707185794947816
0.0003115221947004802 0.00026586595905570584
0.00033079412099231976 0.0005059970388473169
0.0002887473372048129 0.0005922352236663177
0.0006896911633240229 5.376830495068439e-05
-0.0006551119415319096 0.00036678599741360554
4.193303537863187e-05 0.0009045130553624644
-9.360513844243024e-05 -0.0005965974297404355
0.0006265779736171637 0.00047304136702433004
-0.000549034167111259 -0.00033146269718689153
-0.0007786269871425217 -0.0007040764870502865
-0.0001650224301943548 -0.0009772491683069844
0.0004936691588920086 -8.931824963715008e-05
-0.0006460082979655425 0.0010455031286835355
-0.0002969297395585417 0.00015128768956587934
0.00021926326822967554 0.00044431081204154
-0.0005061208522268035 -0.0011996692230102626
-0.0001887688441744595 0.0002817438374548688
0.0006911139061663794 0.00024120997299557006
-0.001086210851633875 0.0005767128455977558
-0.0005944813783596884 0.0003642585586408353
-0.00044639812142391306 -0.00029880542373768044
-0.00032679156525940276 -7.79534530124328e-05
-0.00024110205277036244 0.0002484673513166964
0.00015968586617145437 5.634670326212432e-05
-0.00105369338936146 -0.000589161104890039
-0.00020653563850131913 -7.931690611443627e-05
-0.00019307263429429192 0.0005281004687280702
6.093543910739706e-06 0.0002780274887751445
-0.00014138486228174662 -0.00034108218534816725
-0.00030948756384665855 1.9118463782582866e-05
0.0002925827736886282 -0.0006708784571911658
-0.0004318899303660242 -0.0006310708094123063
0.000626275882960508 0.000522345365322766
-0.0010505152487960325 -0.0003428052187479958
-0.00024616201735382624 0.0013168505435428583
0.0008299831609218585 -0.0005308251941768776
0.0007946092252980915 0.0006920596926380866
6.294796885202357e-05 8.459395839356702e-05
8.45994655029398e-05 0.0006575271992185519
-0.0004435673597802081 0.000768610454122292
-6.799644849150391e-05 3.319078404390582e-05
-0.0015013439847179867 -0.00016434565975566797
-0.00024014106496799377 -0.00015413174897150011
-0.0010144164421211897 -0.0005024948802156228
-6.13315554852967e-05 0.0011882330812958764
0.0005075248650373647 -0.0004124652019483814
-0.00015993797150686337 0.000596455992556121
0.0001621961936855255 -0.0003350645214843564
0.0005587709136314315 0.0004893243060151619
-0.0009817772982728648 6.658441106541678e-05
0.0005010206139229524 -0.0003487193240126401
0.0004687648180866745 -0.0005618324645002997
0.0007828772339624129 8.722456790766834e-05
-0.00011127999379881026 0.0008587946060337155
0.0003431396762435769 0.000468371138580702
0.0007142331101697884 0.0005686372148106091
-0.00014522541844664685 0.0002563470334645095
-6.742037556705285e-05 -0.0002993183377014819
-0.0008483707859451142 0.00020284305252072556
0.0008827949624153022 0.00019790673857965094
-0.0007109460655185062 5.259513012762598e-06
0.0008069900754748046 0.00037459559217440215
-0.0007504018352185464 -0.0005672914946868831
0.00011027432573562404 0.0005140462138128641
-0.0008299464973678246 -0.000495663322358063
-6.426960438190178e-05 0.00017711419423735065
0.00046117478065922044 -9.691208003999149e-05
0.00022609904200237475 -1.954979990768143e-05
-5.4306162881151856e-05 -0.0004938727243017616
0.00018318641618098042 0.00100563869989591
0.0006837448656608486 -4.2720227006679836e-05
-0.00037858615377427064 -6.896608796164958e-05
-0.00031229007514637687 0.00014657184193117158
-0.0008953388295596069 -0.0005078186835279127
-0.00038055053530392034 -0.0006483824548593391
-5.384520457691693e-05 -0.0005967098373102526
-0.0006881229514576225 -0.00017286719954035245
-0.0007786430670703596 0.00026578804087734717
-0.001442022483330726 -0.0005525342516842424
0.00015994221412930423 -0.0007073788300579938
-8.200076510103965e-05 -0.0007715338911914137
0.0006666769792804052 -6.921783879159593e-05
0.0004937610127136972 -0.0014069272132896102
-0.0008626229860838648 0.0007492818391830356
0.0008127304822200108 0.001461928361843629
-0.0002480096396307161 -5.4539180285947244e-05
5.6716701783146275e-05 -6.52011616826571e-05
0.0004883697960943192 -0.0007530000110968948
-0.00014840113421170164 -0.00040325433980077673
-0.000530388624244397 0.0001854266734229582
0.00026037969243874283 0.0008063212510111268
-0.00017177359644605377 -0.0012464337442684263
-0.0006898828575544486 0.0003059409559302713
-0.00024390446320504764 0.00045948001566939017
-0.0008165194715881747 -0.0003099682987842052
0.0005006857089494825 0.0007814876470623543
-0.00020273924230594965 2.7480536541320322e-05
-0.0010429225752665505 -0.0008762742461283587
-0.00014121914306066045 0.00017896365656964452
0.0001264492479296336 -0.0003223815598346287
0.000942396841682865 -0.0010280845564101912
-5.82170719667274e-05 0.0009048512334890652
0.0010528916793057287 0.0010234621804776042
0.0011558170394330533 0.0001318116968838465
-0.0006247443550552591 -0.0004867287858706932
-0.001100314940865747 0.0002837032142776228
8.341209684385084e-05 -0.00023541475263095474
0.0007353071509460992 -0.0008262646497884603
0.0005700497565368876 -9.24973892871243e-05
-0.00016992973201415408 -0.0004907681078010676
-0.00023288946404583955 -0.000292436074329243
-0.0002226107392640111 0.0003769156229843808
-0.0002503544350393406 0.0005391614246911255
-0.0001136469278842714 0.00040083961020826245
-0.0003923204815328016 0.00018791568260261452
0.00017244396043111096 -0.0005315411244424044
-0.0013240887040285815 -0.0008476919756435011
0.00015977874144658614 0.00010820788850549088
-0.0007057897984431539 5.708176989811192e-06
0.00022481793457793946 0.00048531545366414997
-0.0004887935087322334 -0.0005557247786725517
-0.001202562571482855 -0.00018000822456932066
3.0748065827798244e-06 -0.0001657030630603914
-7.951540631546192e-05 -0.0001337720022334341
-6.676201548323573e-05 0.00015064013489505718
0.0006154519625575907 0.00018557994835836662
-0.0001496295169179374 -0.00014864996451270667
0.0005096322813515259 -0.0003205408405534067
-0.00015399388868468758 0.00012448924434725996
-0.00038449353956882334 0.00038937669721774717
0.0006182600089948201 -0.0004123929699110143
-0.000105457687776628 0.000558936910169086
0.0003909704954552393 1.4894321723767252e-06
-0.0007662398602697122 -0.0007365017839269212
-0.00017690237253325565 -0.0003405138982382108
-4.258505438968389e-05 -0.0009741677102393445
-6.714320188426346e-05 0.00030560768928566365
-0.000510429850514954 -0.0012834144773203823
-0.0005624832390941511 -2.581464793416967e-05
-0.00041046689206592483 0.00043626339045147274
0.0006318788092034712 -0.00040460750297432974
0.00012121792554419296 -0.00014696001616271438
-7.95331754952162e-05 -0.0002123655893868109
0.0005761344474375022 0.0002960249725847997
-0.00018897425262113358 0.00010746947597812747
-0.00035651337071352225 -0.0007952005786814107
0.00017637149079041467 0.00018083940872497798
0.0009446057822129947 9.594078222428238e-06
0.00044335970952130607 -0.0003625654921696919
-0.0010565510715615676 0.0009286708557539017
-7.456607145479078e-05 0.0001698752611773833
-0.00023244645942651428 -0.0004583338504390372
0.0005117871865447806 8.357698400232983e-05
-0.0011898318800485559 0.00012157280839778226
0.0007244881776151722 -0.0011633024509583132
-0.0002754983941122956 0.0003147123091479776
6.320420360595925e-05 6.685648369863975e-05
0.00043855548149827434 0.00016004261027447242
0.00023852513841833724 -0.0004388125506108127
-9.832559248083881e-05 0.00013807651630435934
-0.0003725836857095847 -0.0001294739627142397
-0.00032036796169996115 -0.0007926955858918757
-0.0002461709807841451 0.0008538230512958657
9.011650765873782e-05 -1.1325404884318026e-05
-7.685761705140535e-05 -0.0007849446020598763
0.000506390298339414 0.00021372571598309733
0.0001858633179194859 0.00029643907013010134
0.0005062746113954216 -0.0010804583443701401
-0.0005026622992360694 6.755838012091165e-05
0.0002235060212168618 9.934538026987739e-05
0.0008004234199023579 0.0008745880868167015
-0.00039744009552523344 -0.00027191882891588586
-0.0007736393932957989 0.0006015063209139103
-0.0004067198784333625 0.0003193554949512862
0.001129139119933555 -0.0004922281814654483
0.0011496847274822775 -0.0004089435269934776
