4.313765034611549e-05 4.6736954877164665e-05
4.749573418072271e-05 3.9847130454161884e-05
0.017826848234268496 0.025982058894633887
-0.0005136741387405397 0.00014001745469322538
0.00045902671015932286 0.0009995421599330308
0.001231606961519834 -0.0004920136394814129
-0.0002913476010226224 0.0003521378488430453
-5.525167848141477e-05 0.0009763420291489701
0.0002479508740122386 -0.0005208316147004519
0.0003888438083918722 0.0004813250997091135
-0.00023128603052915481 -0.00014848963457055167
-9.5422552097727e-05 0.0009205809949863794
-1.129577557479034e-05 7.382534788050093e-05
0.0008262380581866186 0.0006286374829215747
0.00010258567205428982 -0.0006405263561671275
0.0010545314924048975 0.001018207144329304
0.00018372691191755646 -0.00022801158745620645
-1.240497071362374e-05 -4.8225303511445584e-05
0.0013088538659122484 0.0010493255453223568
-1.3190870808303471e-05 -0.0009994354439832084
-0.00019005264628334042 0.00035818656228657264
0.0001430878213071407 -0.00023296499323542387
-0.00016584302919675593 -0.00021106468649235134
-0.0003722113332108117 -0.0010301360599202637
-0.0008502648582240145 -5.012945320796849e-05
-0.0006956359214498501 -0.0001590763526376276
0.0006670185285711898 -0.0004683781453913403
0.0008798829616575512 6.311427017168661e-05
0.0008517364960136061 -6.779687040338762e-05
0.0005651954438340692 -0.00011906694386126583
-0.0008778104575077832 0.0003371885123800662
0.0008396116137649475 0.0005774643446480462
9.849033290020596e-05 0.0010915824990943488
-0.0003783665428218451 -0.000612592202631925
0.0008405755373693137 0.001339539335852672
-0.00019226539917740042 -7.927290152977722e-05
0.00011456825381853477 -0.0005624857339967392
-0.0008733196298127931 -0.00011706524464997007
-0.0004001896861229946 8.873780516501928e-05
0.0007925491860408716 0.00022604881719681872
-0.00015113229571493334 0.0005005121178539851
0.000584669220931798 -0.00016323009173655064
0.00030985902257252274 -0.00030506017547146495
0.0006890377196525972 0.0006191356339259674
0.00036600859890277635 0.00013337775523725767
-0.000838684340303323 0.0001683836471246935
-0.0004672516326000037 0.0011249379521442587
-0.000978982459799447 0.00035879697121108295
-0.0006264704736660462 0.00032555405647952216
0.0009799938304496723 -0.00015703165038800113
0.000203706234382365 -0.0013453153762652227
-2.7934580022348877e-05 -0.0008362071794753865
0.0006250100549280656 0.000348969973381245
0.0011010582411158836 -0.000904478222357464
0.00032208770612953086 0.0008721186422955015
-0.00026472976646537755 0.0004585476591605668
0.0005120872895047708 0.0008558319695905315
-0.00039252155665265984 -0.0006102132950572154
0.0004614800319419486 0.0001111528862226749
0.00088524939075411 -0.0003459552892499932
-0.00027642409159592675 4.274818791957719e-05
0.0005830604654635186 -0.0004495142216913398
0.0003411980622111634 -0.00079185276047847
0.0002584949325405742 0.0011367939168900757
0.0019818699957409053 -0.00046084150897286974
-0.0004560742864676608 -0.0011323056599993856
0.0001360825925276801 -5.444604258513585e-05
0.0009716297322929288 0.0006793132973313696
-0.0004837432740812878 -0.0010364340925585194
-2.403061132017757e-05 0.000615246913953448
-7.034801325950588e-05 1.611639138082465e-05
-0.00026103346122792747 -4.025614149176734e-05
0.0004203010932509514 -0.0007968885702264787
-1.5439785627496346e-05 -3.0225865929745873e-05
-0.0003581079119485543 0.00029662395117803524
-0.0007041665962436768 -0.0014419278352161996
-0.00013568117197282603 -0.0006957996377785086
-0.0010173924815396903 -0.0010447612676262766
0.0009741851800881097 0.0019327194315549288
0.00022014403746978568 -0.00033221451329205995
-0.0004962067838363358 0.00045434405759893324
-0.00039919205668063873 -0.00043190531659297444
0.0005054340495383791 -0.0010106221861571354
0.0011473374807397351 -0.0008073548096383257
-9.476790279385982e-05 -0.0007108281366929644
0.0002547015437920208 -0.0001895926892605868
-0.0005013854149736194 0.00021525679796414324
0.0004660698117344794 -0.0009338544122207467
0.001318603368335463 0.0002889790862561982
0.000467348311981957 -0.0010227348505678442
-6.0727058972148436e-05 0.0006006174704060686
0.00041112963217578794 0.00028728527156577754
-0.000631856661162812 0.0006463388227284008
-0.00027269431630505504 0.0004257691466794044
0.0007788738692911035 -0.0007632373994527416
0.0006552580049082702 5.846784855585398e-05
1.9934158032812818e-05 -0.000875639723939623
0.0002797159403830024 -0.000669721547868509
0.0012072368029335742 -0.00010899676485650983
3.553764075849608e-05 -0.0005648885502844826
0.0009111323762368236 -0.0003600046049702025
-0.0007403773209430579 -0.00022386618244112983
9.101415932367234e-05 0.00015289584331404436
0.0005433612281926136 -0.000562516259049633
-0.00021622183055342343 -0.00013760962877445608
0.0002252423734716353 0.0007756745581906969
-0.00032873501891660545 -1.5435794337208488e-05
-0.001010881183289678 0.0005572557815252527
0.000769233357760095 0.0002808830607485911
-0.001083759818167751 1.5572077035408864e-05
-0.0002787079341892823 -0.00017495111337245884
-4.4501001100286684e-05 0.0002743472076821387
-0.00042247377252670225 -0.0005037639339229127
-0.00018192752549257236 -0.00048763501943703514
-0.0005265180977803173 -7.04824344528116e-05
5.382671164129807e-05 0.000610214759415374
0.0005067292804908866 -4.4475382087967104e-05
0.0009469777768068065 -0.0005015672106705204
0.00036885894406643 0.0002734737042495268
0.0007125104377348007 -0.0006153759752178616
0.00022811632616629506 -0.00012013668859047566
0.0005736647248925674 8.433266405920212e-05
6.841210535797897e-06 6.442625117700145e-05
0.0005202955581700961 0.00023721254335167828
-0.00010061306420144457 0.0007649603098480921
0.0002695584754055156 0.0001086086273495093
-0.00041636237032553286 -0.0009257498984611695
0.0005032007131436289 0.000639140094359231
0.00036288392226946126 0.00015999661471198133
0.0003782828588069542 0.0008478466561020869
-0.0003151667717195253 -0.00030678183238396666
0.00023412375580001243 6.815649923022105e-05
0.0004699001896757341 -0.0003851397477142201
0.00037504007605994137 -0.0009806970710349516
0.0010482356790868226 0.0003978408143279773
-2.590976442991652e-05 1.7373857748401306e-05
0.0006130939354596758 -0.0003475501465375552
6.879220946068984e-05 0.0010638897206113511
-0.0002031513114850877 0.0004475018539232886
-0.0003520829196036432 0.0005288857939898314
4.4753640354692005e-05 5.952270369995386e-05
-0.0008879805212506742 0.0006383668073312742
-0.0002631281619227979 -0.00030059956377496635
-1.6653423571269572e-05 0.0002576716502625158
-5.54456865140083e-06 -0.0003424535179814355
-0.0001946186249673055 0.0006472194145921376
0.0004956079889034264 -0.0006004111713948517
0.0007462728429209087 -0.0012282968026537259
0.0007505617650531526 8.797114649080549e-05
-0.0001423525019118559 0.00015689572197398352
-0.00010095005163313309 0.00035224343216095017
0.0004064856666278833 0.00019214336594385828
9.060333624253681e-05 -0.0003850490216508594
-0.0007227843473629279 -8.129534291928898e-05
0.0003291948622286816 -0.0003642488436857805
0.0004559952937738768 0.0010967101316042961
9.392876674844037e-05 9.787324461286514e-05
-0.00025568652206182783 0.001021590647228971
-2.144647276860831e-05 -0.0003460321696389858
-5.7865669356002214e-05 -0.0007082628328919608
-0.00021530836610307656 -0.0003807573552533953
-0.0002925905995112653 0.0008831141335572688
-0.0009599967837493199 -0.00044493817520261785
-0.00017629481136712452 0.00028349625583059087
-0.00022569082290239116 -0.0005011486659331287
-0.0011698701377818648 -0.00013996458225567403
-0.0007403101146572291 0.0005005160539665866
0.00041753012400671245 0.00018825952053449295
0.0003304732349474329 0.00034684163771249785
0.0007062131783528863 0.0007940978576461415
0.00012216798733810985 -0.00010220936882642604
-0.00035618802250694353 -0.00034629583305316794
0.00024732927026596474 -0.00011694159999568592
-0.000618739203139793 0.0005530276007681685
-0.0006463309005543351 0.00020304379205882264
-0.0008301804967015227 -0.00029058032764716713
0.0004418360938674598 0.0009134944786650561
-0.00040601520700594415 -8.45058386561318e-05
0.0007436770699047997 -0.0003241371791144094
-0.0005062414225425407 -0.00023247496950096932
-0.00110629875716457 5.922430315138146e-05
0.0004396746256898771 2.1382116306027905e-07
-0.0006505267926260187 -0.00026449627087553817
0.000636737314939823 0.00042715338053842954
9.113562571384479e-05 -0.0011912779113014077
0.0003309720116385037 -0.00021980310616334778
-0.0006930672303641994 -0.0005030845154652645
-0.0004291089608367261 -3.13662572183479e-05
-0.0006464863052633678 0.001312574829210692
0.00027696444707252086 -0.0003167302478443069
7.906109267920396e-05 -0.0007045149661343828
0.0002575934345814845 0.00026410917101619735
-7.997510145750309e-05 0.001141695414667482
0.0005500965494583077 -0.0005680953678930832
0.0011393006939707506 0.0006422904874491197
-0.0006312320805935397 0.000503209893668625
-0.0009558358471861886 -0.0003435384218118214
-4.4339761470960956e-05 0.0006456088498200228
0.0005575761478825014 0.001286057453386395
0.00023689459087165762 -0.0009425213629138034
0.0006747306356959457 -0.0013288445125601272
0.0004844123983415456 0.0007242907296375893
0.0006272781349749754 -2.2909285297548736e-05
-0.0007021189084321566 -0.00027037889253807854
-0.0005134072724748458 -0.000692752410264781
-0.00021234655499375454 0.0001236015168077466
-0.0001554411518298164 -3.427855472777793e-05
8.86538544463451e-05 0.0006428558680055927
0.000732031454325642 -0.00044110777280226244
0.0007458379095766222 -0.0008845891489979122
0.0004306469070833562 -0.0002615172119472722
-0.0005283745262923182 0.0010977985356445167
0.00030368953139834053 -0.0003195059060322047
0.0002084369099825082 -0.00020874384254074478
-0.0008491058019859183 -0.0010810430614691488
0.0004186759986301638 -0.00042680871616191
0.0008987662426715934 0.00020540875997587026
-6.433249710758254e-05 -0.0009516686363387335
-0.000404764862958379 0.00046215706197485953
0.0014297178226607083 0.0005382410886937173
-0.0006766690387512923 -0.0003045068941247103
-6.648513080078471e-05 0.0004960901243949217
6.701151851654147e-06 -0.00043048330024587157
0.0004653330458545317 0.0006582742042767025
-0.0007760477258509662 -0.00014185328392954144
-0.0003199306468836609 -0.0008947897934990573
0.0005242991503786782 -9.103709735146145e-05
0.0012392280739995823 0.00043870682706935606
0.0005246168139883772 -0.0002824434689754752
0.0005929063838742545 0.0002776350101285844
0.0004675402538155339 -0.00021477833025476705
-0.0007746283481738844 -0.0004842316047295001
0.0004160269910200004 -0.00024155655682363186
-0.0006757193731849907 3.818952234059938e-05
-0.0004543303580899482 0.0006911860534958629
0.0001286467378762363 0.00011821604440778572
0.00022156567987178895 8.827044067289362e-05
-5.6513072583625024e-06 -0.0008035114813568207
5.2155852515514947e-05 -1.678140340717761e-05
0.00013420020020785806 2.13529495177172e-05
-0.0009018528490091746 -0.0003818876613897298
0.000500021401424493 -0.0006304333703701097
0.00021071925223666428 -0.00017794048593560284
0.0005122643613423685 0.000525378831733628
0.00018157407677531047 5.5907509471233625e-05
-6.509675272134309e-05 0.0003426966924466251
0.0005795847872122467 0.0009561634972714402
0.00036935899430611837 9.840827251763081e-05
0.0002850404770505023 -0.00042135776596334865
8.56596837339088e-06 0.0003335484407277639
0.0008569013769939579 0.0008184133072401874
0.0006007754193928507 0.00010974907964024589
0.0001295558057188694 -0.00024727614211399873
-0.0007344679884568309 -0.00020792921671168729
-0.0002818840463823483 -9.88387153224274e-06
0.002251538272798683 -0.00039716090873280306
0.0007637992450220123 -0.0001591989751795007
0.0011095241408786182 0.00025769154499059204
9.814074836636503e-05 0.0006193670422095207
-0.0002918537470126366 -0.00015586719651064466
-0.00048298118955223795 -0.0011440353345224896
0.0001857846344900106 4.404791965055816e-05
0.0009445953231866637 -0.00031817265982516085
0.00034381789348561607 9.176087161473739e-05
-0.00014662500306616565 -0.0008519012874105658
0.0001952089378947261 -0.00011289159432654527
0.0009521587153573978 -0.000676828427817185
0.00020932733418053986 -0.0002291195245059058
-0.00017904258958641403 0.0006484049311498058
-0.000494077677002144 0.0004778198176066201
0.0005206931164638491 0.0005593632196819725
0.00024407325550391678 0.00022801588739498435
-0.0003993439018429397 0.00010533273901425478
0.0003631944519525828 0.000841994078420195
-0.0011728249337730776 -0.0003619317195858235
-8.196868300271706e-05 -0.0007962788332737983
-0.000528898702007689 -0.0004903834830880118
-0.0013329540973760602 0.0006478748019660066
-0.0004077594364375628 0.0006632368615193952
-0.00024329259114217326 -0.00028492631845706423
0.00029588015058411445 -0.00028494481396822694
0.0007518956803140641 -0.0003640948314279343
0.00033791100856630043 0.00017094790696471827
-0.0014765051849975565 -0.0006076539896484998
-0.000335487325405356 0.0008933626965037741
0.00026903853435897274 0.0005188983180494747
-0.00010622414835528975 0.00044266635140420975
0.00039477563823493185 -6.855989811202985e-05
-0.000544363842478387 -0.0006702440150342564
-0.00042127852460923195 0.0009937431141652923
0.00010548976437093702 5.788305711761476e-05
0.00029943113674646264 0.00041566530587937794
-0.00046552503758802866 -0.001448421481243531
0.0001430727779263029 0.0003907028724596438
0.0003565625236620977 -0.00039677543885014284
0.00011945965628212825 -0.0012192117661799452
0.0003591618643894345 -9.531719037810522e-05
0.00012661334531302245 -2.7375740375087398e-05
1.5948835831368003e-05 -0.0002243418752782862
1.7841303982646195e-05 0.00022479000965599244
-0.0005864661309269514 0.00015518308039030372
-1.5693944054594722e-05 -0.00016927624193719114
-5.5425429807848965e-05 -0.000813851180135272
