5.061474122178909e-05 3.606500674948608e-05
2.810580912799787e-05 3.6564921079865765e-05
0.0228767113855441 0.01875231405476276
0.0001813147620520225 0.00014864513980081525
-0.000772322956065677 0.0003389448681239754
0.000427075331046427 0.000673035419997701
0.0006395725921176891 0.00017222542456646632
-0.00032460676856524434 0.001137458973779951
6.95871794670423e-05 -0.001060016446386922
-3.670887936722432e-05 -0.00020553898304945416
0.0008175718142022308 -0.00015923421098759433
0.0002536639264322664 -3.667836700454915e-05
-0.0001971877641340076 -5.702132606032108e-05
0.0014212153403176406 3.535478556016769e-05
-0.0009358078812461984 -0.00046081372741898455
0.0013568819430419086 0.0011925850002984743
0.00042852801953798913 0.0011577739996575522
0.0007625755926268345 -0.0009165867681614695
-2.4514178990386324e-05 -0.00011293288830998271
-0.00036317256373563623 0.0008047485688835574
-0.0011226568069092197 0.0008475024064661851
0.0002820409363630009 -0.00014293838926547473
0.00035377692943400717 0.0007748467347526948
0.0013589642951928364 0.00042343375358922826
-0.0006741416648678332 0.00018309481001051037
0.00044152816562310416 9.104301033155637e-05
3.135948902540245e-05 8.779612664333771e-05
0.002017248680675786 0.0006528930331884534
-0.0003848592904701878 -0.000287224769854889
-0.00092436104832128 -3.8162227695852065e-06
-0.0007934897763075964 0.00027249533570016454
0.00046440390207650524 -2.9550037327492104e-05
-0.0005168602092487059 -0.0010902449899633723
-0.0004951997084470306 -0.0005144622151001037
0.00015979159072893707 -0.0006605436559987679
0.0003481453436421451 2.0227136508794833e-05
-0.0003219791199167914 0.00026981225214269444
9.181615605605467e-05 0.0006693619829735878
-0.0017793086522553312 -0.0006019268959544974
0.0006195833728182997 -4.857729066381102e-05
-0.0007292261175388023 0.00012186593711245515
0.001669674569214678 0.0003789157256799223
1.9054245621226128e-05 -0.00036956985681587724
0.0007116071481576936 -7.056167957237501e-05
-0.0020283913400661606 -0.0009495550121393233
0.0001249006620964143 0.0011453719323339532
-0.0007933265924583328 -2.670578515197924e-06
-0.00037860099013862185 -0.00035303103621574916
0.0004656670188771147 0.0013510167135028994
0.000938037892669205 0.00023906173063453496
-0.001476334954434032 0.0006933482973887753
0.00039829777749337967 -0.0002133349702892434
0.00047140854057131496 -0.0005089203765988673
-3.8350718982278394e-05 1.7323741301788834e-05
0.00154719425291316 -0.0012521797582964957
0.0005651129899943985 -9.688908460973884e-05
0.00020284388434797234 -0.00032858007304058576
-0.0003440467031174262 0.0006942142942967217
0.0008543384289785643 0.0003186772475026909
-0.0005339329921457693 0.0009236281180047451
-0.0005435866838569666 0.0009637265896356681
0.00021631431730540632 0.0006780508928792975
0.0004995930867614978 -6.554989206447613e-05
0.00044732382115672884 0.00027947572862432055
-0.0006094825508625136 -0.0009701738249107769
0.0009426207200800748 -0.00010538450347518982
0.0005789932963147329 0.0005993519860982517
-0.0015697575695660972 7.473137021808671e-06
0.0005705977331588634 0.00023556370100769413
3.6375437892761666e-05 0.00017952698211683884
-2.9453445933727967e-05 0.0005186335027838697
-0.0004221626730945251 -0.00022359597145400734
-0.0006903112542350124 -0.0007441760843161016
0.000310272520580463 -0.0001451076470754822
0.000716526666897383 -0.0007487248082037347
-0.0017915366805553918 -6.901170195772289e-05
-0.0013736634587162122 0.00037420366940286683
0.0013803054061014334 0.00047349705770487427
-0.0015582419875838018 0.0008588266322454964
-0.0008810942424750633 0.0003959303371657736
0.0002930131382302564 -0.0011670375721211342
0.0008072349036055596 -0.0001500069243319064
-0.00015204288186867947 0.0005061613502779831
0.00021181376812109807 -0.0005130093061075663
-0.0012052521170262537 0.000590236013086568
-0.00114692498924533 0.0002465880109043684
0.00020052571039873252 0.00016591322289580862
0.00023615183232277598 -8.462412701467139e-05
-0.0004985791429814696 -0.0007478249082865332
-0.0003129787239635456 0.000351460693567989
-0.00010530836829597284 -0.0009246707299022332
1.545036196861717e-05 0.0007167525653938849
0.0009861911287015201 -0.0006202066211563153
-0.0019647792830255356 0.0016375860759767415
0.0007383927979675404 -0.00040613003742644155
0.0005690592083596958 0.0009164760775821965
-0.0002262572739973904 0.0007852161844973404
-0.0003441511563725292 0.0015523255742699016
-0.00032838045028668855 0.0005743486161611348
6.723439177072364e-05 0.0003103170483661939
-0.0004794801293942174 -0.0008849373592600632
0.00046024985582559743 5.668577283008526e-05
0.001222974115881763 0.001136423015699496
8.962234035592376e-05 0.00039611521677905656
0.00017992069136181177 -8.56740231601239e-05
0.0002359283414947511 -0.00012196798535158199
0.0007406299171308593 -0.0001725491725115164
0.0003073521720144188 0.0004479601552787721
-0.00021689171320638323 -9.768595523976876e-06
3.0690693212142534e-05 -0.0006530427681265813
0.0011450145560564422 0.0006792432705923776
3.774963609799703e-05 -2.947331275935715e-05
-8.408768723350595e-05 -1.4570759394084687e-05
4.971890573419844e-05 -0.0003005273650203377
-0.0004300477685078254 0.0004263018327695591
-0.0001287469529067954 0.00045747011058721335
0.00016497196033148204 0.00024154333911466358
0.00017704554408241676 -8.991847012062777e-05
-0.00011466281570387289 -0.0001182367537043915
0.00048569395328564594 -0.00048415070892665493
0.0005211130719239151 -0.0003823747356286267
-0.0001261860323168844 -0.00040609244414407117
-0.00033886100058076236 0.00027227698357854105
-0.00104306016264988 0.0008399742671627707
0.0003280844693631968 -0.00018873249827300727
0.0004090626722801558 0.0006911458705821445
-0.0009603596813497975 -0.0002423535010394972
0.0001274242763732539 0.0002887878303099336
-0.0003092360847465859 0.00025165096864656375
0.00019312037303108694 0.00028484539164711506
0.0006581675423195267 -0.0001508407906451651
-0.00013948921818744025 0.00048075003568824853
-0.0011382312385124415 -0.00039849873096289894
-0.0006533590563634474 -0.0008735032038419934
-0.0010319511218963287 -0.00016067199647924906
-0.0007275659035973078 -0.00021998734077281098
0.0002130246881952338 -0.0004533914166675468
-3.007552032105946e-05 -0.0009922150069324
-0.0001374759230911509 0.0006316003653954709
-9.259886775919214e-05 0.0009281066702102141
0.00044295629111991316 0.0001331475633213062
-0.0006700367285340772 1.2578637836298888e-05
8.699293818200884e-05 0.0006945575047109917
-0.00020775784441171848 7.527141991561929e-05
0.00025654662748656625 0.0011951402595871783
0.0007022407207989798 -1.951435944777994e-05
0.00028006917584199237 -0.0006459743355826259
0.00031915860485135997 0.00013762753150394635
0.00018537004428263382 1.7141659077349246e-05
8.007505493427468e-05 -0.0002474428361144225
0.0006947783381109888 -0.0012891820141525579
0.00020832081475208872 -0.00017477807599139474
-0.0009579390745405744 0.00048526384395694214
-0.0004782087459133663 0.00020349966751987938
-0.0006058413832329146 0.000743461447276686
-0.0004008095303478036 -6.792670959154014e-05
0.00011322573907557022 -0.0005067511024892999
0.00016624901748437502 0.00044709534230419774
0.000804146017671962 0.0012339427200347677
-0.0016319549132174248 9.298461620978252e-07
-0.0008423465123565636 -0.00038962360315594237
-3.282555915146621e-05 -7.495492996478705e-05
-0.00012720530733825795 0.0009292273931502562
-0.00035515923849483084 2.581683485056266e-05
0.00034073935790274493 0.001063633280442256
-0.0003952784242503886 2.0851889277259866e-06
-0.0001590973794713748 -0.0004402505172946965
4.194623244604713e-05 -0.00029840069830169304
6.447798209014608e-05 6.326612225812548e-06
-0.00045899534523278064 0.00014871766446716096
0.0009573278216450225 0.001024410996509989
0.00026591115420966817 -0.0002810817805866119
-0.000953706634600475 0.0001342263039038769
0.0005541256785979721 -0.0001933656749141333
4.8065671211677474e-05 0.00043545027648087534
-9.277512712237137e-06 -6.159475852857837e-05
0.00015445649096883219 0.00037054398467691654
-6.448215012248685e-05 -0.00014510654781315935
9.649689959039918e-05 -0.00030577574761248775
0.0002280341942149709 -0.00011607638980145844
0.0004641308740096064 0.00043115953569360885
-0.00021379463467893295 0.0002562962848802455
0.0005243120824477918 0.0001287081638069702
-4.946844780814207e-05 -0.00013719497732238547
0.0001840037438919227 0.0007547822424055213
-0.0005843913099066986 9.528725335741222e-05
0.00047683221479228195 0.00014193824877223622
-0.00017794794542547374 -9.408585500888364e-05
4.523427507015964e-05 8.653164607390381e-05
3.231559512585291e-05 0.00024671327738759626
0.0008943886515232091 0.0006402923324588466
5.6041813940987005e-05 0.0004623771625899874
0.00032811749882579176 -0.0005900144286165288
-0.0002894887229055934 -0.00033007237753233725
0.00025356220416087 -0.0005465336515990523
0.00046802801974930825 8.10369796138359e-05
-0.00046384326549174835 3.091737943863073e-05
0.0007780669775433686 0.0004410740691504541
-0.0005652925348167243 -0.0013529074397779254
7.404803064619052e-05 -0.0006203607483886926
0.0010443473919269463 -0.00042138824898486324
0.0010572148630728314 -0.00031004903481149447
0.0003261811137175991 8.846904905448847e-05
6.102193898608485e-05 2.6106582105870573e-05
-0.0001080596815615614 0.0013716287793133894
-0.0008549644244950002 0.0006969132837365758
-0.0006469332253996471 0.0008740650386033921
0.0007215338182818871 -0.001113478556036234
0.0009700396187954043 -0.0006601896330735437
-0.0004584951323050812 -5.507707598096375e-05
-0.0005999637971576796 0.00029900201399155215
0.00016543452285726427 0.0009978091701722171
0.0012260431180102515 -8.403527397616412e-05
0.0005745129856724022 -0.0004976737849630801
-0.0006708545925417778 -0.00031746216778390403
-0.0009224373908534994 -0.0008391942822464854
-0.0007072892698118655 -0.00034177084680332476
-7.261096464526701e-05 -0.0003506910194797626
-0.00010011881462020185 -0.0005329324051097964
-0.00010150272838021128 -0.00011549085005690402
0.00010933903194976357 -0.0004244303872381939
-0.00015592425177452188 0.0005300962016764041
-0.0005693932599325096 -0.00033697216627779855
-0.0006633110688848335 0.0003858407284042543
-0.0009369113569393709 -0.0002557975555250356
-0.00010713013811221055 0.000941416788396612
-0.001409007044138695 0.00042838084148141695
0.0005498108768471286 -6.83673231962803e-05
0.00020997420458309708 -0.0009818120706617704
-0.0006976948058379504 0.0004885756065360855
-0.00021818234278051256 -4.156700156608118e-05
-0.0004578750891099508 8.284079373322068e-05
0.0006364413377298836 0.0005051720511013175
7.51319041610509e-05 0.000418210587873531
0.0004557160690787212 -0.0003447897100813487
9.817678451960151e-05 0.0006319541814099769
-8.9599777260235e-05 0.0008625719839818098
-0.0014124259561249049 0.00036736127850843704
-0.00028240946564770693 -0.0007193002220330263
-0.0007639985265893264 0.0008167328166684146
0.0007287492802092999 0.0005361462200753704
8.437743528144807e-05 -6.87239999435439e-05
0.0007300685756338963 0.00021384600517683526
4.810354262307611e-05 -0.00031388966239127733
0.0001903905268329393 0.0002700922400738528
-0.00011431456604950297 0.001354200136855743
0.000407874136704569 0.0005132737497184987
0.00028185324123932587 0.000771517903217833
-1.4174128010319218e-07 0.0006213941229790298
0.0009512663872884632 0.00010533153617854922
0.0003573057638074598 -0.0010170070989439911
-0.0005871444732451082 -0.0004148212432376748
-0.00027225867652696975 -0.0005589800360348627
-8.600858407625476e-05 -0.00038140167367232427
1.2713315445606353e-05 -0.00019742166816108308
0.0004563758109491625 0.00021876709236820299
0.0005597017744458797 -0.00028802061738064644
0.0006647457249154726 0.0002684988427781587
-0.0005156516859811986 -5.114710906314334e-05
-0.00043245212453418613 0.001268784112546042
0.0011266723903760134 0.00035157306870759754
-0.0010022212894203878 -0.0012528872344730606
9.922309669920262e-05 0.0008776423624975459
0.00038078571223497935 0.000860125919092925
0.0006220525869419179 -0.0004963047259370648
-0.00034026070497827985 0.0006147069439324774
-0.0009959334256950487 0.0005069349617530323
-8.198540370986595e-05 -0.0003486994777604168
0.0004814500266902318 6.12816685908114e-05
-0.0007001068772471714 1.8800857876940787e-05
-0.0003741181526899128 0.00018292064611600582
-0.00023950579706850882 6.298318129477255e-05
-0.00015090179764757697 0.00040697189448300557
1.8722710814707267e-05 0.00034611612228795536
0.0007982250316401182 0.0008927566508451021
0.0007216483753902279 -0.0007444138803147926
9.081529629646791e-05 -0.0009662756567667295
8.838185545701625e-05 -0.00024375951875770576
0.00035731713473231505 -4.3780223614574886e-05
0.0014497658275753748 -0.0006305145553213585
0.00021354208992630408 0.0002466663404456831
0.0008047994303058001 -0.0010733571842572853
-0.0003764905520191678 7.284290836932247e-07
-0.0002518199534809388 0.00030469973379040487
-0.00015477721076405932 -0.0008403198302431077
0.0007779357022651805 0.0003912973563717725
0.000243238615092407 0.00029293408111383615
0.0003435771088568804 -0.00015008723917798973
0.0006733968115781458 -0.00033983399327500955
-0.0002249560879106417 0.0005121144156548383
0.0003886773010205531 0.0009328392446430664
-0.0002981200227586696 -0.00019814614663797068
-0.00014207814833425714 -0.001212574672048748
-0.0008738003684436494 -0.00030912094069254927
0.0003352758005907598 -0.0001366461144859012
0.0009719287330281245 0.0008110880053672705
0.0002948676979784458 0.0008236485207245926
-7.097513420807014e-05 0.00027081987834044546
9.779652584311365e-05 0.00013382117330723386
0.0005053346606427376 0.0004561265636573335
-0.000234167762686138 4.617549145865013e-05
0.0005377081387436272 -0.0003184203873285806
0.0006751880208095027 0.001356792553727699
