2.7439543099438888e-05 2.8666624537117473e-05
2.3291522780793984e-05 3.027494580558408e-05
0.027218922455665175 0.019394905457638254
0.00040639207731136336 0.00018056069948468553
-0.0009971873777599829 -0.0003756384041575662
-0.0004308350379845386 -0.00019286744374755912
7.769452856883607e-05 0.00043167678769306456
0.0009667166952534118 -0.0003822226264691191
0.00038380810248888887 0.001114715258789711
0.0011760096498466192 0.0014242258993469056
0.0006003171979316164 0.00047176880301297075
-0.00018287833186157994 -0.0003814162274026568
-0.00020264076972633055 -1.620795021334119e-05
0.00010419351584450873 -0.0008909721151182838
0.0005053543150147256 -0.001206409534531412
-0.0004684621036851267 0.001017140405229402
-0.0005582258857237937 -0.0006065741875879746
0.0011666519042411753 -0.00043094218061231424
-0.00047736356270586646 0.0010114111069183494
0.0011304476340638458 -0.00024187291380531084
0.0004810624233441567 0.0011094076450795436
-0.00031993563090652036 -0.0005103509900415217
0.00011264582575007413 -0.0002644114616254544
-0.0006092842603894891 -0.0002757597048305114
-0.0008332641253197214 -0.001256158417101739
-0.00014419130650370255 -0.0019158982560787817
-0.0006403486208226797 3.768296840103618e-05
0.0010382999576000267 0.0005751877066744911
-0.00027964415930783603 -0.0009369082897019154
-0.0011065557123848696 0.0003079617260026459
0.0005936689345869377 0.0008219836961200936
-0.0008374736534190546 -0.0008406180900865687
0.0004490595433432867 0.0008408416848746233
-1.573514399743467e-05 -0.0003262171947551851
-0.0008720256392832521 -0.0007675594146652192
-0.0007585975459908543 0.0008260494972123321
-0.0003758911414249786 -0.000169885732795962
4.088164105206528e-05 -0.00014477906577797838
3.779672349116292e-05 -0.000550349243033488
-0.0006548124662447527 0.00016987568445245142
0.000667522053817547 -0.0010935105407094753
3.167357376138436e-05 0.0003047557418590059
0.0009192476337650164 0.00036346880298400235
-0.0006045895554610053 0.0003565475351284277
0.0016517013215542585 -0.000663117889813982
3.617148882521583e-05 0.0011471788240444585
-0.00023812141430458702 -0.000697564303137304
0.0008167608469167981 0.0002683229338345284
5.9868626846470296e-05 -0.0006731292460501052
0.0008363153348899382 0.0003054108148872131
-0.0023008947279093738 -6.356928366032701e-05
0.000715803707595529 -9.964982076455247e-05
0.000452359397675523 -0.00028965809781617675
0.0003911982636322085 0.0007814846247600143
-0.0004493889639759415 0.00033598447178425245
-0.0018826858687790008 0.00023756789801546396
-0.001771160639404029 -0.0002387989638637078
-7.527174855800319e-05 -0.000472721586424357
0.00018953057080614018 -0.00018203002647952364
0.00046370496453225187 0.0006825179725326954
0.0005379554811123476 0.0002461942166480602
0.0005548939995400984 0.0001570111185139079
0.0013044435422676676 -0.0006333606620561235
5.4112337522661234e-05 -0.0003318995081362557
0.0008846688228421512 -4.461382611217084e-05
0.0005311210844242741 0.000244415850640857
-0.0001518224358386969 0.00023569602537628392
0.0015348701973965835 9.989269046214899e-05
-0.0008572241238391508 0.0007619882073347348
9.612457144147818e-05 0.0006851147112366146
0.00021025462110342785 -0.00045271758174874395
0.00012188124287177332 -0.0007437026959746966
-0.00027353920494704235 9.686429357166325e-05
-0.0008910366353786141 -0.00014481889452748324
0.0007633928822930813 -0.0011966576707210656
0.000347750754909032 9.76875123612295e-05
0.0002975757841159441 0.0006726659452852749
-0.0004991306666403505 -0.0002393543876475484
0.00027129905918070934 0.0006218069861805271
0.0009631667393884113 -0.0007256986138188058
0.0011187057885234703 2.7524571489442633e-06
0.0003039854803219545 -0.0007887479755736595
0.0009829997897155326 -0.0006202855225861502
0.0007561577340718434 0.0006887463679638129
-0.0003629420056994878 -0.0009167180535791036
0.0003956770459281085 -0.00043845507087623433
-0.0004621672419928189 -7.449708093624138e-05
-0.0002612584851654145 0.0004553788110158162
0.0007015142763690536 0.0015389473828536346
0.0004721156835203148 -0.0011185869567033526
0.0006541596302573537 -7.76103257857959e-05
0.0006705447248202943 -0.00023436092504967404
0.0009796419403428952 0.0003248921050504346
-0.001108324920471388 0.001120179104389306
-0.00023030257992229152 -0.0010581625606246308
-0.001047868394861945 -0.0005063061648300859
-0.0003622136415600018 -0.00019812294241153259
0.00011580183188692931 4.858930818648124e-05
-0.0012160927862661277 -0.00011601411134788006
-0.0002086377963049261 0.0008490130990196099
-8.673026877763732e-05 -0.00019527689210216073
-0.0003879801116176553 -0.0005190549175960173
0.0009755131094721126 0.0005757010149227315
-0.000304519651743391 5.041997869132538e-05
0.0002664241197528911 1.6562941933339976e-05
2.6078836055631908e-05 0.00028669992930309115
-0.0011274108651286613 -0.0002952129674192558
-0.00043712141072336125 -0.0009324026754257422
0.0004246806120559836 0.0005914614352497848
-0.000617199445358901 0.00038147263360299364
0.0005520298862672562 0.000844146258108649
3.5719039713110684e-05 -0.00037648854517496135
-0.001188790773223714 0.00012566488158686074
-6.662644364895172e-05 0.0007625426653601851
0.00021454500580538985 -0.0008726746994506577
0.0005433419318020016 -0.0013920436233774856
0.00020051989397196356 0.0008233110765878237
-0.0003065945225873223 -0.0003598041664057536
-0.0003305123715813909 -6.01580137537041e-05
1.935348929288556e-05 -3.8474852486617245e-05
-0.00032684723710092853 0.00012640183245661484
0.0007326074014184147 -0.00013676721905320864
0.0006533300798816942 0.00023806754625065081
-0.000139352851687189 0.0004454596428508103
0.00036866415388137633 -0.0001427684865704866
-8.411188884690571e-05 0.00029011470550337816
0.0003998741932219783 -0.00012777921546736575
-0.000753565767443293 -0.00015281372040782675
-0.0008129558718629697 -0.001213224121214405
0.000408350870850154 0.001089990892279157
-0.00011068702063297212 0.00011193212057643433
-0.00040785342943191013 -0.0005680048033289371
0.0005678208362433343 -0.0008840296663483404
-0.0008833357461451746 -6.535957790361396e-05
0.00038444433493133615 0.0005203678948903504
-0.0001158410517381342 -0.0001827103507432831
-0.00040720205587869995 0.0002001638529759309
-7.461256820701399e-05 -1.2889837493306101e-05
0.0005668445992910928 0.0011323368969458126
0.00022137879198123517 0.00014108505574617083
7.472361445236057e-05 -0.0002838448997213844
0.0002150904787018928 0.0005229862524424588
0.0007461740664261864 2.354775723737342e-05
3.3195084004309154e-05 0.0009193787443349906
0.00040242198377214337 0.00014179525019667076
0.0004550895684806646 0.0006971891600201061
-5.982531350697338e-05 -0.0001781258654702049
-0.00021611672848632088 0.00021618715032553146
0.0005087375587757377 0.00046704482765228266
-0.00015109216731466792 0.0001723413604274381
-0.0007751885719962675 0.00041370763271210556
-0.0013059670819844478 -0.0004904531523376514
-3.7543486410572454e-05 0.0003646201581543066
0.00044855036066553556 0.0009321502832710947
-5.580880389411243e-05 -0.000752659915624761
-0.00018115844694429 0.0001668488883028365
-8.607829561619828e-05 0.0004620284497752452
0.00037263079454496876 -0.0001256179300908432
0.000450471179640137 0.0004042460255532274
-0.00096098515582206 -0.0008436472930613998
0.00033988190495556545 0.0007621659111808004
-0.0012352237505875918 -0.00043591020598547403
0.0004941327427075751 0.00012102267686328591
0.0005626483559389044 -4.060122458985659e-05
0.0006277750221230886 -0.0005675334266488682
-0.0005947935443175888 -0.00032634818500791433
0.00048542836259262556 0.0005777144405570689
-0.00012896688082092794 0.0003816246693126278
-0.0006051628192619815 0.00022677758627509306
0.00045992652040055255 -0.00035638345048920073
0.0003270404931509389 0.00041019580192077027
-0.0007971439162193319 0.00041062654761828387
-0.0004008638287158143 -0.0007983693207134367
0.00024271058030509292 0.0010027044594600972
-0.0007307340495830962 0.0004516585271092357
0.0004451404453553485 -0.00030246769315834133
-0.0004447647382228624 -0.00011334393166256903
0.0008479397946428834 0.0006715701498016109
-6.665066904363405e-05 2.2902275921217462e-05
-0.0004752411019489611 0.00039599854663135303
0.00027379790552720644 0.0001548369719461641
0.0007617740282531947 -0.0002911521125356377
0.0004976117814591912 0.00036454152580271947
-0.00012198799581744686 0.0002870135539463746
-0.0010763619795721964 -0.0003248425682059122
-0.0006927361100351196 0.0012511396426388539
-0.0002221371145380897 0.0010952469250017347
-0.00019944571543199349 -0.00044155042688376296
0.0009367952018209034 0.0005142771075590412
-0.00034253182994681383 0.000616662761854649
0.0009636504193001575 -0.0007357469879109291
-0.0005811138486651632 0.0005114864269219218
4.636686909422488e-05 0.0006763313428213567
-0.0005892554873601474 -0.00022818538016840552
0.0009253581494049303 0.0002768295779613871
-0.001275221001747517 0.0006477104235200037
-6.916747689633562e-05 -0.00034050324790555104
0.000251587221743987 0.000149908223663947
0.0001419029561285153 -5.514129265945129e-05
0.0005370498507499166 8.208778929289884e-05
-0.0004010977949619104 0.00032464239959722205
0.0002331013550311687 9.054142898357085e-05
-3.150500056734391e-05 -0.0003954641434419309
0.00038335766292878307 0.0009619945762062948
0.0005993741624245672 -0.00022732700679610362
-0.00014135383630993343 0.00031079083159554977
0.000526578638972988 -0.0006247839634091554
0.0003844272768911267 -0.00015721081194825225
0.0006794799540726896 -0.0005775030897210973
0.0004336305973829882 -0.0006976382661302478
7.333522806016521e-05 -0.00023410865179571987
-1.299810934676228e-05 0.0005669022776796765
0.000107370316446596 0.000346679380595305
0.00046930506150623695 0.000977802654411425
-0.0004525649567689768 0.00037161684600158694
-0.00019206671737783895 5.2102670564707965e-05
0.00021369673152232306 0.0003343407490274106
-0.001741605118664684 -0.0003402057082299344
0.00025727474868221945 -0.0001011924165374728
0.00010437588184941127 0.0005199602228905594
0.0005908034454628377 -0.0005744466204660826
-0.0016345901026881356 0.0012819918363250198
0.0010668683620455467 -0.0005139580288894686
0.0007169819929643358 -0.000323950358977131
-0.0005316396938191262 0.00041730904780729636
-0.0001529493684121005 0.0001158542831082699
0.00043970800894332576 -0.0004578075170962702
0.0004809090869856371 -0.000667768614509197
0.0009520688388235635 -0.0003568258765386324
0.0007351607866490005 0.0002394660660322612
0.0007326786173205291 0.00013021652162847655
-0.00027041541265877757 -0.000289040861844175
-0.0013696026185417017 -0.0010271049164569284
0.0008706309219977256 0.0002681035202592906
-0.0002524448548809069 -0.0004755350570118965
0.00034704958272050996 -0.00046124507252188774
0.00022158565390911872 -0.00021814699367600035
-0.00015374941482209639 0.0002331805433760667
-0.00024215856308849735 0.00041903253291354983
-0.0003863014321084195 0.0010434944676744522
0.0006919467138187462 2.2501569997057068e-05
0.0002633525841467563 -0.00034400720464629895
0.0005981614640139647 0.00020382613272853622
-0.0002411294713033102 0.0007084009535825766
-0.00047534758323372655 6.139908308232094e-05
-0.0004860240820394016 -8.1452921274083e-05
-0.0005487285202556466 -9.200314841467057e-05
-0.00026542687901663094 0.000528508874568781
-0.0007561612885131541 -0.000934304703320045
-0.0007451326778358907 0.0008482017214162081
0.0006267521281533062 0.0009322004362391643
-0.0007454046385571367 -0.00014159195987268112
0.000797549102678205 -0.0006037769946054259
-6.048096179933828e-05 -0.0005745555184399657
-0.0005135440777174994 -0.0002440365453771359
-0.0007480887112673463 -0.001419801620938096
-0.0006009375285443425 -0.00026595846298463046
6.05662034847874e-05 0.0003598386590490178
-0.0005992160718864526 0.0005091621909792258
-0.000740484329153841 0.00015184943680247526
3.5202223032860226e-05 -0.0002199606100562687
-0.0004061700013959748 0.0005639910731994863
0.0003971590061628782 0.0004155782008764796
0.00033791707813175733 0.0010315656669766375
0.0005020957351224556 -5.150441731180254e-05
0.00015450445229446834 0.0007506805218194686
0.0010009889860182206 -0.0004901834471422417
-0.00033369715035418666 -0.00044157444559044244
0.00012956860170602373 -0.00024409851595041723
-4.7709504269771705e-05 0.0007358465578244526
-5.42858355142749e-05 0.0005880537575364809
-0.0010502559361567688 0.0007049708805578651
-0.0012637939582947736 0.0003529090908306416
-0.00010716501362204927 -0.0004279584270697777
0.0001280185015142188 0.00010861476848507469
0.0002656667836244756 -0.0005295760005331213
-0.00046246410548742326 -0.00027531833022444445
0.0003054233517498734 6.207517324905306e-05
8.482850679637617e-05 -0.00025004075444867127
0.0006074646719554106 0.0005512035534264446
0.0009125960458186512 0.0006396610907511297
-0.0005543186081038099 0.0005640920126654061
0.00021067577817836345 0.0003275758482606715
8.526134679979113e-06 -0.0008467956443752662
-0.0007237842317989096 0.0005990216502959
-0.00048124215157009924 0.0002143975423743565
0.0006406800312505631 -0.00012551155786451456
0.0005403403051525499 0.0002011459005788008
0.0007504618239019546 0.000490108903376181
0.00037790138374359076 0.0001999526284857403
-0.0014661194263414525 -0.0003825461058264444
-0.0003855247132944957 -0.00051734136491586
0.00014950395057620994 0.000819839344323912
0.0006338411595213578 6.968150945530471e-05
-0.0005504430514631138 -0.0001529368389488373
5.770694833603098e-06 1.503130750123118e-05
0.0002971388320636988 -4.512098960927262e-05
-0.00031581808082949294 -0.00012837098911306515
-0.000611974366166575 2.8748560402774058e-05
-0.00020511587414002972 -9.714281517137346e-05
-0.0009887714943062353 6.408691788958191e-05
4.446965014853577e-05 4.4266714865783925e-05
-0.00029372119656207677 0.00041489422337209064
