3.744085728075e-05 3.7544148573777736e-05
2.5628778731873123e-05 -1.1874401227883189e-07
0.018461808352379476 0.023600102603773807
-0.00029748506077982 0.0001873182743765337
0.00010240220543539222 -0.00024179425455777065
5.206717380414978e-05 -0.0008334494479546498
3.467626731975661e-05 0.0010348452715935336
0.00011726561593184723 -9.638441795524346e-05
2.865035978742535e-06 -0.001665289185798134
-0.0006625277629350175 -0.0004753477603631212
-0.0005162057409835839 -8.946477760659716e-05
0.0008856119101871696 -0.0003794738924895074
0.0018481393979165955 0.0004459624562676316
6.49249257838279e-05 -0.00030155858674212234
-0.00028913321251612304 -0.0006903816524888858
-0.0004923296367535333 -0.0007535677711198122
0.00015133297434001718 0.00022614491093076553
-0.0009272323798903093 0.0010573627383481505
0.0005129203693480979 -7.556109130174418e-05
0.00113287885645494 0.0010496355037088172
0.0005080516648178743 1.1322633308994305e-06
-0.0005235364650789116 -0.00016662655503300273
-0.00031730670654561027 0.0010498041415058154
-0.0004223884704869054 0.0002659188912614353
-0.00047989899710756067 -0.0005164021134025544
-9.322899808739706e-05 0.00021543935034693015
0.0002679540823083759 -0.00013014503536469966
-0.001492704808404086 -0.0006241057117323814
0.00016125385588834325 0.0009208536257747823
-0.00034926590856540154 0.0008328318836934477
0.00031273321860504665 -0.00025152986983264776
0.0008903657826969195 -0.0003198538968016109
0.000967646610984787 -0.0008394981963229198
-0.0006280831219936118 0.0004252711368050524
-0.0011188825441136303 -0.0002237659264479222
0.0006273217677295646 0.0010435456859106712
-0.0007003428997879597 0.001118474683280395
-0.0009497316495111716 -0.0007459684014785275
0.0016446631714604144 0.0003310729560155792
-0.00039635589288732645 0.001684461364811519
-5.55018027779301e-05 0.0002075582797473798
0.0006599543138428509 -0.0009396798590423018
-0.0002283128682671422 -0.0005347695754660994
-0.0010523875463621071 0.00015121365833002095
0.00034477902032132245 -0.00044473674375386415
0.00022060961413489184 -0.0003344324778240886
0.001297591403166967 -0.0012350990698033481
5.8770576127155736e-05 0.0006591332282405651
-0.0008649383255978456 -0.0006474034876078983
-0.0002824688178821331 -0.0008509373685749266
-0.0011144258674372764 -0.0009109465603289655
0.001175701585668904 0.00011751955453263079
0.00021142454726663025 -0.0010463609326708575
0.0007547806425632988 0.0007407469590857773
0.00039018090999125456 0.0010471630275466336
-0.0002802313120601754 -0.0008945249265507599
-0.0009853600831669033 -0.0005638526105794794
0.0005279731080659223 -5.619031880294561e-05
0.0008227663884520938 -0.0005979400554877527
0.00036992194632753846 9.879970415298745e-05
0.00037904405233083117 -0.0009874336782016032
-5.4021716847443753e-05 0.0006563284876572391
-0.001058645753545201 0.0010134525833866764
-0.0013434905096242802 -0.0007695352267854152
-0.0001288534949946122 5.847117668545591e-05
-0.0004884856076233356 0.001090703629978671
-0.00017727863525242613 -0.0010219399454736665
0.0013902234461868486 -2.93099208923282e-05
-0.00044320905788062105 0.0005171462896592154
-0.001010058598605966 0.0007329125651263506
-0.001795572853063509 -0.0002990579596692697
0.0008892062582006868 0.0012473822755297301
0.0005861059420927004 -0.0003891639030497584
0.0002944044466608429 -0.00011093590970075932
0.0007832265985412548 0.0015081483283805523
0.0002491887138734394 0.0016285517703698057
0.00013178208113164705 0.000819905499219986
-0.0007996609725859161 0.0005693249423493433
-0.0008178120295743358 0.0004472470299686278
0.0009297200833460866 0.0007206088727176638
-6.351862535196147e-07 0.0007583220741750646
-0.0006512694745469673 0.00044803938132639105
-0.0006877007938570566 -0.0009270039160367013
-0.000481462819929817 -0.0001598871714659837
0.0013597943184222132 -0.0008633777507495546
0.00045129048873921134 0.0001753662892251158
-0.0009417981224538359 0.0009814854352642964
-0.0001286805916457287 -0.00020940796598615077
0.0006927295214723842 0.00010154782379985167
0.0005274216164664092 -0.0005369913706911214
-0.0009115859858802737 0.0003871100135925503
0.0002689770989030874 -0.0014701726209194424
8.133667026130508e-05 -0.000390741773624203
0.0006372750734431795 -0.0007113105706894672
-0.0002103852216532271 4.507580650475179e-05
-0.00037830331467130906 0.0003926106128777743
0.00037921633892317613 0.001027047706849582
-6.83396264097636e-05 0.0001218674080777865
-6.0912983446051797e-05 -0.000150220249703865
0.00114516905845652 -0.0003022374913236788
-0.0014413467351247977 0.0002731682311306029
-0.0012807585806909698 -3.068728379302134e-05
0.00024443451405278084 -0.001314255399690862
0.000373172604523196 0.0008073322268682142
-0.000938930087589586 0.0008268685810065564
0.00017278416916301039 -7.777170694333596e-08
0.00046833193198856954 -0.0010394501370954007
-0.0008672215707021012 -0.0006630571567087215
-0.00026978524752329145 0.0009689385205181858
-0.0003156609326176967 0.0014028230318882421
0.0001941107593665552 0.00017296647910505043
0.000896449385145919 -0.00025197115995066456
-0.0006624529060463225 6.005751705654036e-05
-0.0004568564755562511 0.00013494090971510547
0.0005293016031957038 0.000572583297180447
-0.0008556732473257272 0.00014579829417725557
-0.00019167274953272643 -0.0006902996275511376
-0.000436891944273931 -0.00015904141437707918
0.0005475057440522843 0.00143892553920356
0.001185551770238379 0.00019313715513017234
-0.0006246673747365693 -0.000938509201806885
0.0006547948235003327 -0.00015545194929728477
-0.0004422159248664837 -0.00024888014901210044
-0.0003995747214327196 0.0002883374201320988
-0.00029185231395376793 4.882689576877917e-05
-0.00048141706890772354 0.00015967867369086412
0.0001876489016083024 -8.587119510732673e-05
-0.0007655259546591921 -0.000162981689615273
0.0007167335683230489 0.0005598912062345025
-0.00017166565579122166 0.00016399659204797113
0.00047927450667097126 3.964763020516337e-05
0.0006467767179586898 0.00043685247168654046
-0.00023618841719479252 7.611961730706445e-07
0.0010892530037037104 0.0003128622141510733
-0.00017407349544573745 0.0006162669989526456
0.0003912266770140236 1.8606199672384886e-05
8.769505982142462e-05 -0.000312828423471905
0.00010730819681521716 -5.9405826288700234e-05
0.0006653113678169618 3.38603789012431e-05
-0.0002539110980579619 -0.0010331754533682656
0.0002948391700234813 -0.00042516097045719193
-0.0009215989529074649 -0.00011315161579023022
-0.00038255019355818256 -0.00041062382064213757
-6.138657625811436e-05 -3.803679859924536e-05
-0.0008673866556496001 0.00032090305449392504
0.0004580091251011794 0.0010241358256014618
-5.6981233450727515e-05 -0.0007087594253999175
0.00025356054913460997 -0.0005768974110766979
-0.00017031393922364936 -0.00015587309284911322
-0.00042645502692113476 -0.000622465137888874
-0.0001643376025698572 -1.6363389165224686e-05
0.0001709620533975944 0.0008330005502915393
0.0010690013640764693 -0.0012227209580077565
0.0005508180226212769 -0.0005587222521741579
1.4436090167021453e-05 0.0007696119076426836
-0.0002137359974568708 -0.0010881962155680296
-0.00036673868655621083 0.00043896874406249
0.00027406024833727074 0.0003731967000030075
0.0003742459568032627 -0.00017786575224435581
-0.00027906121732573775 -0.0003218074228345979
3.219875033032753e-05 -0.0007759320944261646
-0.0006194270763455571 -0.0005588655922365391
0.0008025311113353827 -0.000172788273467635
0.0005956249656164596 -0.00039155712176856746
-0.00044389772833600664 -0.0002485592039837222
7.637169220448517e-05 -0.0008391479242357401
-0.0007569624438871522 -0.0006491467574839195
-0.00029326233074431597 0.00017864550434144532
0.00018441781878319872 3.1328359409958516e-05
-0.0007615192437393988 0.000794780585699682
0.00020376509525264828 0.00042676645535320574
-4.571858143628073e-05 -0.0002762755869382777
-7.530746897485887e-05 -0.0007531704773518651
-0.0011185060910943998 -0.000498650953199162
7.590103594448954e-05 -0.00010142443471277258
0.00014627781858730826 -0.00037862010395061773
-0.0006482289839705576 -1.613910974851183e-05
0.000481359207117581 0.00023216098518843357
-0.00010689592618389973 -0.00015974037402319735
0.0005180143774573141 -2.9631207489633102e-05
-0.00016342473388260826 0.00017472417666073619
-0.00030849701388854957 0.00135245998170347
-0.00026560749795176 -0.0007873214265017843
-0.00031304393925611244 -4.1578802459378915e-05
8.531717803565547e-05 0.00023585716896030933
0.00034302116802479844 -0.00031695976327023566
-0.00045664598160494104 3.5167110420819356e-05
0.0001771483244258731 7.941806854820009e-05
0.00040690757243523823 0.0009636732495898008
-0.0001442772990633098 -0.00035247217834673695
0.0002144077461575926 0.0004676522498893239
-0.00033874159545534664 -0.00013631076237141028
-0.000928428602769826 4.844833950188494e-05
-1.0977527233413239e-05 -0.00013027636271016707
-0.0008093937374049718 -0.0012448201347880594
0.00012699800418738868 0.0003709616382679076
0.00010530295526544485 -0.0005294895837872448
0.00046937800242824516 0.0009946888083534654
-0.0002994421139667044 -8.230437327559457e-05
0.0003438452637923957 2.6287746789069197e-05
-0.0005198702751185799 -0.0003601310976037188
0.00028191856903479355 0.00010900383871899475
0.00014338866141819595 0.0008375669942537046
-0.0006559558987250007 -0.0013072354508145553
-0.0005032076484620663 0.0005880451425041933
0.00023938197768489609 0.00018830015349759828
-0.0006233376424539725 0.0015230102847012398
-0.0006107400355496002 0.00020425734893519856
0.00029221161745541347 0.00028389897162336844
0.0012607554559115662 0.0008835150958429963
-0.00015309846239680471 0.0001288729578630067
0.00015298584811698217 -5.767002180226673e-05
-0.000317189459022831 0.000623915788846801
-0.00020600932192297734 0.0003977677310065175
-4.2294215409863766e-05 -1.879543737016237e-05
0.0008047709112624924 0.0007034636181133458
-0.00027592376823478494 -0.00013364216754942852
0.00016761879361021925 -0.0009803621388165924
-0.0007564873801862784 -0.0005387918201900056
0.0004288388775249215 -0.0005505199415249108
0.0005107200629040107 -0.0003116215861810708
-0.0007748974970791329 0.0006231230006186232
0.00045662359478722844 -0.0007383160926731363
-0.00030290000777887936 0.0005114083040121213
0.0007718742977468811 -0.0002251164979875941
-0.00019066159838062024 -0.0002332576013688302
0.00022409796024878652 0.0007602885935657643
0.0006010457700438495 0.0008051990356042122
0.00019919667018039684 -0.0007287287480905389
-0.0007356977634762349 0.0003840148954439907
0.0004557829108077975 7.571099073457964e-05
-0.00016370482482028808 -4.239463254496929e-05
0.00028596026667028745 -4.0190651613720406e-05
-0.0003649319386086284 -0.00020161604460494726
-0.0007824183199926256 -1.2425660323521896e-05
0.0006345719653738227 0.000328498900904214
-0.0005409830889629469 7.871803662203768e-05
-0.0004915833688999158 0.00016995984496998563
1.1085623223763188e-05 0.0007459129008034296
0.0005358053311616072 -0.0005116081305925057
-0.0005441870183873105 0.0008021841366824294
-7.554402605603392e-05 -5.194656082147785e-05
0.0008013266782486765 -0.00017261728896318716
0.00020713908800640317 -0.00035045221763777614
0.00013942225549759218 -0.0002604221940129714
-0.00011564614588933895 4.6072033963970615e-05
-0.001272295095451445 -0.0006082922784240595
0.0006433415377284482 0.00010631592646090725
-5.445050308756344e-05 0.0006153141768431739
-0.00019101591074506498 -0.0009258034368716145
0.00032272695967041726 -0.0005061822605920296
0.000801902531144148 3.953934627780071e-05
0.000887261744029674 0.0007954840912240234
-0.0006824177260548233 0.00041733471535129605
0.0001951064933043549 0.0008186787945008323
0.00036445012914904036 0.0010736460917453458
-0.0013810601850644724 0.0006046951453455785
-3.3673623232665604e-05 -0.0009846713711600535
6.764696185476865e-05 -0.00026199936942079155
-5.871858751932325e-05 0.0003577851652600418
-0.0004010142974978774 -0.0006852065379912156
0.0005861291247544883 3.1697322155200735e-05
-0.00013839278499718811 -0.0009108385976763981
0.0007026720849433158 -0.0007826837328269371
-0.0006283163078255046 0.00017382116356638483
-0.0012518745790549787 0.00019454673951033286
0.0004862897752705626 -0.0004942048298211224
0.001264012717237655 -0.0001831275702724016
-7.759799083648694e-05 0.00027412513074521837
-0.00032574035989345465 0.0006423863254092807
0.0005689613029045693 0.0003318359897340523
-0.00023843858959545427 0.0005416320538053894
-0.00021469242965156056 -0.0007621071873674869
0.001502010756639569 0.00013597328250294333
0.0007673175460082228 -0.00039909436336815903
-0.0005242058789928647 -0.0008865013464697312
-0.00017116987932186487 0.0005340798822812735
-0.0005184591381882446 -0.00024118397466160973
3.739499098907296e-05 -0.0003801210732318073
0.0005540592478900658 -0.00046948317894361956
-0.0002949060892635961 0.00028462385244271127
-0.00036508948119131566 -0.000464040241791516
-4.255552421882528e-05 0.0002904660011905047
0.0004444791118205879 0.00038667405380946534
0.0007428312378614349 6.299834008829586e-05
-5.6238752372650156e-05 -0.0013472925072228498
0.0009094924176914075 0.00044101050963554734
-9.046354975195772e-05 -0.0001872035272239628
-0.0004757958926557435 -0.0010743027150475345
0.0005958946963261279 3.909495770580968e-05
-0.0008486940519588513 -7.541364130953975e-05
-0.00041276726433891905 -4.713293517739266e-05
-0.0002670108545153696 -0.0003428786360746431
0.0005234796707785263 -0.0006146180568970725
-0.0001714831668113084 0.0003739737773758527
-0.0004877780811563328 0.00010065400198392735
0.0004955886015974419 0.0008536279051639564
0.0003573168767595036 -0.001032933657583875
-0.000596984641634277 -0.00061714228464974
0.0009078357958128414 -0.00016387075265969527
0.00017602261666900575 0.0004786534106827072
0.0003229999479385733 0.0008381687445918528
-0.00012638180032231713 0.0007400555646911612
