2.1445259019575166e-05 2.8994013008703683e-05
3.160572162672591e-05 2.9563320606031095e-05
0.027072504920556528 0.02013091787343328
0.0007585014513316408 0.0007193529321696336
-0.0005637324330497127 -0.0008086596140376947
-0.0018895844995740984 0.00043854857461293767
-0.0015247957086518223 -0.0009730159452076211
1.636902269753495e-05 0.0009493124493561236
-0.00096036033709584 0.00012903085283924628
-0.00019322911282973338 0.0011611627872871021
0.0005865946038466414 -0.0007859887378045577
-0.00047493401897641917 -0.0002669223903378593
0.0007468535109919777 0.00010455063311634919
0.0006338035374142535 -0.0002810172656485263
-0.00012207021223179765 -5.472724717119595e-05
0.0001866415290362482 -0.0001237528043172208
-0.0004652904067689901 0.0002706429392836117
-0.0010643540205610622 0.001228637389400548
0.00035074310283730224 -0.0005566088106954744
0.0003208310844901533 -0.00036101695367424914
1.0637783453707708e-05 0.0006751108955087126
0.0005911067973645583 0.0002573838070265486
0.0003874017462738488 -0.0005739103117874991
-0.0005908954151416826 0.0004303040538979078
0.0004891660005398081 -0.00039578497941452365
0.0005739881810822543 -0.0009139996852841392
0.0002089373828787082 0.0003309878873928181
-0.0010033479299966692 0.0007017734501371021
-0.0012370217795313412 -0.0004350570197430111
0.000755955339629224 -6.567444698099853e-05
8.704331811712462e-05 -0.0011290179116456103
0.00045671422933880917 0.0007004369669773006
-0.0018200463021357785 0.0015112539084864225
-0.00018458727596273818 0.0011197434749674257
0.0012026577819011185 -0.0001738878493386106
-0.00021697441402533129 -0.0007984858283661264
0.0008378501789635004 0.0014497487959255694
0.00040466062445808723 0.0003179976126735638
-0.0011474184485578017 -0.0010130965231621857
-0.00026975468282033335 0.0002467776337320493
-0.0003231977405995093 -0.00028951127475211055
-0.0002491292182716093 0.00010384778217217817
-0.0006219558111238699 -0.00048577226949043716
-0.0010105408201963916 -0.00038326927032815097
0.0001909641344031924 0.0004822516650590495
-0.00031955422828915044 -0.0006803035375208733
-0.0008963340999514335 -0.0005649943419495583
0.00031572607564309666 0.00029579928915776573
-8.334162024370267e-05 -0.001559578365671444
0.00013117316479524199 -0.0003439062020993926
-0.0014212982326764906 -9.07563757163983e-05
-0.0001442073704206263 -4.697475705608018e-05
-0.0007844456429732806 0.0007319912994587101
-6.954366142196617e-05 -2.255107480147935e-05
0.00017273647324480353 -0.0010912281406711126
0.0005626452393365889 -0.0002836480454539506
0.00012235420731565808 -4.511042855421486e-06
0.0007300741746146518 -0.0004004473563424049
-0.0006254388663588858 0.0010279518427612736
0.000404399578242029 4.001762335419172e-05
0.0006429404914917298 -0.0009438711041802565
0.0005138721819994948 5.2108206994060025e-05
-0.0013105750871046393 0.00011523818962996551
0.0007369921328890957 -0.0005436031304007094
-0.000493032550870604 -0.0005022482284277311
0.0006709589539763635 0.0006748623958458782
0.00047356563709360135 0.0004983569665663202
3.088441417637534e-05 0.0004694222369591153
0.00026646245869794684 0.000246904814288246
-0.00017138676065026507 -0.00026999513346657366
-0.00025463681440189204 0.0008445512582550447
-0.000185929433988529 -0.00014025010655738964
-0.0004055632623754034 0.0003492559728943993
0.00041302262930620413 -0.00046554818467154263
-0.0006051075514787208 0.0010325122136556745
-0.0006441912956363405 -6.134451540342819e-05
0.0010878817879076228 -0.001781150520796318
0.00028856536631599757 0.0005152762573719881
-7.472691367566447e-05 -0.0005646682557875261
2.4900593558248032e-05 0.00026089846983046617
0.00018276508845142212 0.0002790960089079474
-0.002446321107206401 0.0010105530024460436
-0.0009357438185661742 -0.00028243091761091885
0.0014558787248749134 -0.00012883799100158532
0.00016320863906665544 0.00011015014384881121
-0.001172581910225092 0.0011547459501252846
-0.0009813145354200582 -0.0001765122886105533
0.0005532486252155313 0.000450425884320672
0.0010690104806323846 -0.001875585032353208
-0.00014291154801273042 -0.0015310944576516282
-0.001303764011730323 -0.0006237784636991826
-2.1691268435950717e-05 -0.00041352111868296593
-6.537700332922018e-05 0.00048781521904916385
0.0004813551627284693 0.0004326891851570261
-8.542713208432509e-05 0.0008987491187188084
0.0001577530583662746 -0.0009048505948217067
-6.245584425753953e-05 -0.0010390266322405546
0.0008518408079663252 -0.0008410587727585803
0.0005225105274451069 -0.0003930432799852955
0.0004020568792343896 -0.00019057085065650657
0.00021099685973132253 -7.153449632378006e-05
4.296138153269953e-05 0.0005003900314706476
0.00021510293327132735 -0.0011851764341881648
7.612543381964589e-05 -0.00013890509559450574
-0.00038139362402465785 0.0005999833818516543
0.0005588901476300092 -0.00047152470376568773
-0.0006964536297663767 -0.00033565598863366243
-0.0005461689206447302 -0.0006841719434275165
0.0008625800168765194 0.0003177267473449564
0.00041772662277032114 4.4388649998791156e-05
0.0003091391508824308 5.8660046790083375e-05
0.0006505812146552906 0.00011089099864734923
0.0007778758211573721 -0.0003492689731396829
2.658496243483655e-05 -0.0008539609833058826
-1.1635371231102278e-05 -2.8010094438347748e-05
-0.0005086391402549443 -0.0004482510844034061
-0.001147038196484191 0.0009839124879588166
0.00029296444494822176 -0.0005567134821705715
0.0008216261671808977 -0.00021728350854459787
0.0008096921083682346 0.00019703274444557306
0.0003803613474523617 0.0006000747530985656
-0.00013015050737989335 -0.00033274059531155097
-7.569692072011155e-06 -0.000465775632696521
-0.0003058368238715773 0.0001919176307400092
0.0005965652284349858 -0.000312050335810335
0.0006758502599849376 0.0010929437632098626
-0.0006246185325449621 -0.0005622764649783483
0.0007269224145557826 0.0010023840148010183
0.0008632722410000251 -3.878020007857179e-05
1.8421923899777045e-05 0.000606341907625086
-5.330724010538339e-05 0.0013471521842049702
-6.642060592057431e-05 0.00037203946856828173
-0.00020236947643387126 -0.0008866089706691587
0.0006675161591149345 0.0004181399365631222
0.0004587062639321096 0.00041273296410546714
0.0005204981727377432 0.0004595784178055407
-5.0285051759041874e-05 5.502231327087288e-05
0.0010856399731186473 0.0004291101658844028
-0.0001875560638589773 -0.000518018607260649
-7.344252122500183e-05 -0.0007200242182803403
-0.0004276850771535635 0.0003344472485669033
0.000994319101514584 0.0005905939915357236
0.00014300860443854595 0.0003681788400465859
-0.0003336042644391138 0.00011954239145867246
0.00014224805857914767 -0.00010112262635881891
-0.0005746647336090423 0.0006757057749451326
-0.0002602074194792532 -0.0003758441050905534
-0.0003125938480803069 -0.0002536185474821691
0.0004627903109978646 -0.00023904112974932067
0.0003016001414594811 -0.0009332833461729416
-0.00017399576040812062 0.0006173312405542088
-0.0008489371056527479 -0.0005228799399981706
-1.733363225400849e-05 0.00016788117333497912
0.0005844657083891306 -0.0007706656004427631
-0.00044753717969670247 -0.0003757505481524529
0.00023125925908547222 0.0005983704550706023
0.0004823690481620001 -0.0003780237350665249
-0.00033176161648641863 -0.001075381002584043
0.00030339282209374305 -0.0002417095633200207
-4.198815191739431e-05 0.00046964896072131893
0.0004638621236347447 -0.0009077756403183111
-0.0005547584801343005 0.00020262071738594436
0.0002423430228398833 0.00028297852420441883
-0.0002945029065819042 0.00034647080581909606
0.00018145596068994553 -0.00027660536999787427
-0.00020090446757277955 0.0005023029930240604
-0.0003625514300908694 -0.0006395347099288149
2.3775015481543956e-05 -0.0005007080994978973
-0.0008562130979573792 -0.0005706306209970944
-0.00010986793326237315 0.00026399186511886705
0.000934629531149793 0.0003830278619386225
-0.00034377529470939555 -0.0004227653349860601
-0.000776119140481001 0.00048106784024205704
-0.00029889390989801555 0.0005888126970221087
-0.00021050398801653012 -0.0009219138607815818
-0.0008171257365264518 -0.00017938839686496442
0.000957204160124349 0.0004688587975347203
-0.0007443761681854879 -0.0012279770787522425
0.0004154859711856854 -0.0002295312529921557
0.0006447214478742875 0.0001962061006103185
-0.00022327029116802705 -6.975195568586587e-05
-5.488953773032843e-05 0.0004001088522563717
-0.0008720153916854071 -5.101447180644439e-05
4.6249120947060774e-05 -0.00014008154332142368
0.0008429269396084738 -0.0003584520040662194
-0.00026815536457045413 0.00015897121428556864
-0.0005004874063783632 -0.0003998999245032559
0.0003160576090043787 0.0009913512899367071
-0.00039798691676963327 0.0003435545465367001
-4.22123586374606e-05 0.001211549987246237
4.041998714583763e-05 8.057187042972103e-05
0.000646500598738997 0.0004886137076195989
0.0010138165883752915 -0.0005672315734613969
-0.00021998000780724193 -0.0004587738439580465
-0.0008090536259937971 -0.00045170707985553107
0.00015642615470610688 -0.0003543678228027568
0.0005009039291167256 -0.00015062327355854836
0.0001585441308305959 0.00014641340533203006
0.0005397149425111705 -0.0006480659723997856
-0.0004646150305323315 0.00022795205242707813
0.001390674859992289 0.0007309347053564042
-0.0002778692617019616 -0.0008680437986886423
6.655261736296748e-05 0.0003942224804884596
0.00012593364118707932 -0.0009765123947017678
-0.0004099848785011452 0.0001361071680615399
-0.0005011625864701287 -0.00042888067372397735
-0.00040593121110697126 0.00021769935818387022
-0.0005351596702526932 -0.0004176914656233475
-0.0007641083893170636 0.000865700113893752
-0.0011122005113834302 0.0007971424897714904
0.00028475513860038446 -0.0008271790172464054
5.727217641234871e-05 0.00027117923190366465
0.00012746827605484003 -6.20337059209471e-05
0.0009050245617988428 0.0004363847368361022
0.0008015914402356754 -0.0002253430393085502
0.000701322718238157 -1.3151621833119363e-05
0.00040848038670005204 0.00012414683530770134
4.9092656461643905e-05 -0.0008236228244047206
-6.10397344537405e-05 8.980521419882317e-05
-0.00011011919308164213 -0.0014941488328539911
-0.00028741685642454535 -0.00029474230386573923
-0.00030012192835955203 0.0004554685753083353
0.0005051712265836891 0.00020254909925395545
0.0006363570868387312 0.00011934408309567727
0.0005383746222414459 -1.353087733782892e-06
-0.0008751412181452587 -0.0004714255907345543
0.00023109674791615406 0.00016892198290023342
0.00040860695160802534 0.0008541044902041822
8.654125187847378e-05 0.0005164165413982248
0.0006699003194465629 -0.00023466852164751798
0.0009631748316160845 -9.89182672027452e-06
0.00010896998424919691 -0.00027627482316377154
-0.00021833730542107526 -0.0014246979889224823
0.00012880093022179183 0.00019941513002450745
-0.00012914784836498913 0.00011566462569657277
0.00017198810887892943 0.0003853073792343326
-0.0006349155440497701 0.00015730706357850133
-0.001338489450694912 0.0006922198451811953
0.0013001785967619761 0.0006082016987018957
-0.0001385592969105259 -0.0008508085952097805
-0.00019144091343500333 0.0010832117755902536
-0.0009157756456014493 -0.00018617182230014259
-9.263143604630224e-05 -0.00037929402377864736
-0.0008622251694084809 0.0004557759722576356
0.0010452273842998616 -0.00021586742535283207
-0.0003917650133328477 -0.0008119474268687389
7.803510479207471e-05 -0.0010873116166778866
0.0001927874462426339 -0.0008416932444803905
-0.00034725313422059775 -0.0008136011017149098
0.0009429915752465918 0.0001967262661960625
0.0007901139318214319 -0.000862516618588568
-0.00027792227908842354 -0.00038556257399630225
-0.0007191444770247035 -0.0006777575294855197
-0.00027229709167382485 -0.00015388515628804894
-0.0012106162521119956 0.001221137057424236
-0.00034710177302231277 0.00031535900823502516
0.00020987647369342182 -0.000881287459477102
-0.0001372916428236759 0.00018315569016774194
0.0006498325875631076 2.5415156803041163e-05
-0.0002946209945777793 0.0016318526894729727
-0.0004924268704618747 1.4391759543283264e-05
0.0009822193834632994 -0.0005584176368626768
-0.0003224614120478232 0.00011517821861117058
0.000127721414824708 0.0009275063856921611
-0.00027548360893278763 8.985013945170014e-05
0.0001266797198269857 0.0003086848282256337
-0.0008444460183085004 -0.0010488496229003746
0.000771990922331795 -4.886155643843602e-05
0.001150857177464138 -0.00015967430745538144
-0.0008706541985137642 -7.204864606360198e-05
-0.0007075706968202914 0.0009803992958096416
-0.0002473962188345217 0.0007193919311144054
-0.00030837456988874723 -0.0006812119322999054
-0.0005745154623091654 0.0004565827015085243
0.0003861323486048753 -0.00013047270892799752
7.413113243191508e-05 0.0007085812510801617
0.00019413597494979026 -0.001277824051054684
0.0008184542548528124 -0.00012415988156227317
-0.00032116063445683936 0.0003844454531285928
-0.0008345664562888159 -0.0006928229278406007
0.001040114083892292 0.0005823821357680116
0.0004787131054529957 -8.467630235249685e-05
-0.0003235704231132313 0.00041999224290770453
-0.0013364144013953156 0.0008558034583666701
-0.00013531494262423552 -3.23547401170042e-05
-0.0005913564260367068 0.00012303366440881005
0.0012101152625995358 0.0006900845719202467
0.0003302083059221457 0.0010674824010032144
7.967263061271304e-05 0.0004930778347013922
-6.030686418964807e-05 -0.0003731627052584922
1.1928372927905159e-05 0.0001382859409225103
-0.00014536384343004493 -0.0002722914723650088
-6.513600546479002e-05 -0.0007957719902018959
0.00022325671637611616 -9.863842641313221e-05
-0.00029491939891605426 -0.0004644414090307198
8.446637964660091e-05 -0.0011129216200722152
0.00011751856419488039 -0.00019096894689253621
-0.00019865122784940112 0.00017577827290636463
0.0016043500769630967 0.0001253819800538004
0.00024191693750362842 4.173840120350522e-05
-0.000522255554435482 0.0002573706355422068
5.2595364563746366e-05 -0.0003650646382622623
-6.360710115612788e-05 0.0010814491407850713
