5.2642012321543574e-05 2.1601520715041197e-05
4.605759200627846e-05 4.284768913757441e-05
0.018725059580172895 0.018851181898267157
-0.00031588206960292067 0.000880716481031986
0.0015181166337035117 -0.0006305617086976868
-0.0009597470022760464 0.0007468363260999952
-0.0005715230074281117 -0.0009982858618693149
-0.001564440558680022 -4.309621701734838e-05
0.0011636745993657497 -0.0008373199226750185
4.682884010102355e-06 0.0005236519390818654
0.0008781296543335952 0.0003289071807832669
0.0006327929528971526 0.000668175800863519
-0.0008654872388565053 -0.00038555324751056344
-0.0007582285915184719 0.0013137374945051056
0.0014359588427683937 0.00045874104525895086
-0.0006683306043913536 -0.000405070762733606
-9.316372519431436e-05 0.00028137834179291904
0.0005912657562664734 -0.000297889174676025
0.0009599704771617537 -0.0008139943029114137
0.0001992342817374943 0.0002904944767661765
-0.0006008937725562671 0.0011922898027020943
-0.0010208023212845414 0.0009184437937158543
-0.00017445042934008316 -0.00199595538495335
-0.0001346780956648879 -0.0010499220809043607
-1.3032494482310578e-05 -0.0006458520876229549
-0.00013730459402529424 -0.0005143172940922181
0.000517143777533421 -0.0006082777922013581
-0.00010866544991666691 -0.0006194079943528265
-0.000953630483765742 -0.0005148332135066852
-2.8906168342920022e-05 -0.0002535202004406641
0.0002784443094715659 0.001447796631020586
0.0005392577316384002 -0.0006784815931489192
-0.0012722009425847117 -0.0003626793385488389
0.0007300294523713708 -0.0008206030635302808
0.0012906056819690125 9.740456141538813e-05
-0.0005073948957632413 0.0002303356318160598
0.0004365870272521836 0.00010838603698868311
0.0007628706751026819 0.0003060833158903239
0.0007497576830746469 -5.8672282171010234e-05
0.0008856366177111792 0.0001404237149036173
-0.0007280000351301226 -6.149395615031217e-05
0.00038019869477105747 0.0003194821374475443
-0.0006607453467561597 0.0006217075119125877
-0.0005354119921843324 -0.0007035144494937788
0.00040483815967335763 -6.511267459238163e-05
-0.0016180153553021833 -0.000437305365169083
0.0006657864434572963 0.00012369041295543724
9.972720325129697e-05 -0.0012018418747234752
0.00012659019231469462 0.00048131669606913665
-0.0005791827438328983 4.6154216011022877e-05
0.0010528266952366553 -0.0006603020468779001
0.001498494797092582 -0.00044414674665036233
-0.0007287165845396484 0.0007833108490566964
0.0006982380177742959 0.00038925054350483413
-0.0009425874853156179 0.0017166445880264466
-0.0005306221800718511 0.0005618514657652286
-0.0004374785901988204 0.0007264171172135239
-0.0015531578516759198 0.00028293456441856455
0.0003621940146985934 8.189363056414185e-05
0.00033164696430576746 -0.00011770212230306253
0.0008922264492926396 -0.00017776847646376546
-0.0009110338504255249 -0.00023664862333438213
-5.2005779171353124e-05 -0.0002973183885992289
0.0009272699158155204 -0.00017998274100961107
-0.0008819772167903607 0.0009552230080899342
-0.001892583937039433 0.0007519315908115896
0.00035394272568270896 -0.0007353990389894303
-0.0008256904462825854 -0.0002120768740641553
-0.00034413378051874506 -0.0009929556730580013
0.00032589924666715127 0.000370522197630654
-0.00029518659384414613 0.00025187387275959003
-2.0823011475013777e-05 0.000659914392701357
-0.0003404755413168478 -0.0005845050684287512
0.000657680063756973 -0.0003771803076184245
-0.0005573307336213781 -0.00041096106334570016
0.0005500453155649528 -0.0004390241234296165
-0.0005766872883753053 -0.00018716649848017023
-0.0011436281808336736 0.0013484472501382688
0.00018601683480157135 -0.000292918589874356
-0.0008182795741451499 9.692298802219384e-05
-0.00029140411752185384 6.106743429521069e-05
0.0006976237220958133 0.00032228908931062114
-0.001143197234619477 0.0012646021125903694
0.001342521621028676 -0.0006742084803231084
-0.0009096060193025459 0.00035720855945769894
-0.0011824966583439977 -0.0002976566777335047
0.0006348783509280073 -7.343183349880442e-05
0.0003798255332653617 -0.000631131831061984
-0.0006039747174970191 0.00013253558423851329
-0.00015785178707879117 -0.00023138116106764776
-0.0002139010966121411 6.140400769007794e-06
-0.0009916937067721058 -0.00017501023742981747
0.0001296021680560398 0.00015862231684360078
-0.0009246227600324445 1.4169078569331396e-05
0.0009717132664391071 0.0004911968482314368
-0.00038756216869646125 0.00017667430575953643
0.0010222024097147659 -0.0002648873519760325
0.0008444025856219759 0.0003166646515590058
0.00029660315750950803 0.0008943457409219853
0.0002166940776754592 -0.00010326070200050324
-0.0004200538219741975 0.0006699403244212259
0.0008102642381446245 -2.5532806529532868e-06
-0.0006719149631127815 -0.0005683581203490403
-0.0005370879453613988 -0.0003327986970415495
-0.0005150171434567375 0.0002590770809534968
-0.0004666442968687507 -0.00014868821352354169
0.0002850358172281487 0.0005647789215128821
2.5472231054756148e-05 0.000661359547241703
0.00027143940604799183 0.00020144907846471907
0.0010734824001405456 0.0003009220955145
-0.000296511788901839 0.00045203173875443494
0.0002665824309616819 -0.00048390602509443276
0.0006272330755677982 -0.0005118261428169106
0.001146155846277637 -0.00022705347162677852
-0.000389602569868678 -0.0009153431526756453
-0.0007427591646868067 -7.689910066963396e-06
-0.0006678206875130227 -0.0006786896386164647
-0.0007263703195823174 -0.000777364910304781
0.0003812274564921879 0.0003585759575275021
-6.0317568894785865e-05 -0.0004114210005918897
0.00039367399738871587 -0.0004006869594228821
-0.00010016196232967914 0.00034942197000080606
0.0012259027909493226 0.0004808745765582033
6.451764869661709e-05 -0.0004926922465044542
0.00020957259952969487 -0.00044939803980560255
-0.00034588252500204313 0.0004090545199998147
0.0008796955355270139 -0.00047724280724559454
2.1420999489596903e-05 8.639539081074447e-05
-0.00011704884467474875 -0.0005912104880304676
0.0006020371775888678 0.0008575161531184731
0.00039544129701724387 0.000663463356148666
-0.00020503272687125645 0.0007176067120940909
-0.000625551855819175 0.0005076597481827338
0.0004827842203202305 0.00018727292385062745
-0.0008131083274917373 -0.00022606711488217497
0.00036716687755921013 0.0009327648165924616
-0.0005504369281670203 2.9334474626203036e-05
-0.00011149735701298316 0.00019757400256620954
0.0002763469194945552 -0.00044535050925586633
-0.000603300845479931 0.0003077244655548478
-0.0005437300722740033 -0.000981681591738705
0.00038280842654256185 -0.0003870668802516147
-0.00079597502394272 -0.0004203878494074769
7.154714123792415e-05 -0.0012953083149009855
-0.0006701912183237481 0.0004608457647835538
0.0004279766624673438 -0.00017871986730870408
-0.00030389634499398494 -0.0006809009233640797
-0.00041081230575348854 -0.00045256653168583046
0.0001385801980758679 -0.00019115700357723208
-0.00020471610350947044 -0.0003487630362672727
-0.0004158528493590476 0.0004542494280301519
-0.00017515932374483078 -6.327529463511715e-05
0.0005790691592189094 0.00034448346478619773
6.7988612192231265e-06 0.0003540250615573962
-0.0007933242564228662 -0.00013588310245410732
-0.0002525162527058215 0.0001596297722191198
-0.00047019265537489945 -0.00033517557684405045
-0.0009883014203120727 0.00045529214188046294
0.0015602080117904397 0.0003528566368238698
8.771868610607427e-05 0.0003323184855765038
0.00023248366003372477 -0.0004010143897106322
0.0007514208243182001 -7.979137646424195e-05
-0.00011754084692409013 -0.0006365069877793289
0.0013254652654827838 -0.00014614740812008353
0.0004760290990304897 -0.0007638351150919652
-0.0002110528201236546 -0.00039669178318598656
-0.0004896622269468168 -0.0009176305498585251
0.000684013666825712 0.00019525264694213962
-0.00016434752944669034 -9.544082958631694e-05
-0.00018249698144611842 -0.0002834726046598233
-0.00020549869263502134 4.44022025628961e-05
-0.0008840855602372596 -0.0005496942591040183
-0.0006892566411901795 0.0002724538882633129
-0.00019896643727989244 0.0007829729454161204
-0.0009173761997323735 -0.0007050993855618071
0.00020828958259279176 0.00026936066130041336
0.00043158143013182377 0.00033448397673082627
-0.0007934759440239081 0.0006118234367713538
0.00039158391568153833 0.0012616847548756174
-0.0002521105097442978 -0.00021651599880531655
0.0005033472155700037 -0.000732125179073073
0.00018966674882770209 0.0005901882706033352
0.0005586549570375896 0.000667202009411006
-0.00011528942417729828 -0.0004742077897378644
0.0003903746035573049 9.760715325653069e-05
0.0009631930305689749 0.00017958057180366834
-0.0009518916073284734 0.0001426703555044317
0.0002889975083872915 -0.00042147140368531676
-0.0008607161792808263 0.0008565173311413374
0.0009610748897392623 -2.3259442567970185e-05
0.0002842286999152354 0.00016932036297677335
-2.5577685018595544e-05 0.0004945683299866867
-0.0002532541652349836 -0.0010866649626565918
0.0004644527206544639 0.000640306946464776
-0.0003216791751554088 0.0003687082623722216
-0.00031481263650470103 -0.00012326247727859253
-0.00031832877904458074 -0.001177729271796188
0.000765585240479855 0.00020486145883858443
0.001034151505003077 0.0008192266113072322
-0.00024075787282299636 7.614987093314257e-05
-0.00015243191982793205 0.0008856771335212643
-0.0006999261964569803 -0.0002864246527690019
-0.0006530517292741668 -3.223216140201725e-06
1.694550096959123e-05 0.00021597906232344747
0.0009221472404715311 2.5906950166597175e-05
-0.0003828532307890548 0.0005231538396982379
-0.0002183924772762182 -0.0005829755663431445
-0.0005260154635326504 -0.0010156062336941075
0.00019305576014241947 -0.00014395467287440088
-0.0008991858044584551 0.0005493665726792821
0.0002609284785773844 7.81554780089524e-06
-9.349665212073973e-05 0.0002892104962228743
0.0005265070758366339 -3.2820297208342085e-05
0.000766391626483449 0.00029696350222014765
-5.6111538815352116e-05 0.00029054474965647156
-0.0007339604791548722 -0.00016798907694239457
0.0003228407058143346 -0.0009892949723976452
7.191359629265867e-05 -9.46968237995922e-05
-0.000278967997074518 -6.072633445688011e-05
3.6367358946933225e-06 0.00039712712899866163
0.0007877598528247834 -0.0006335607201747115
4.2903507777873994e-05 -0.0007483385280811219
-0.00010668629668718937 -0.00042152730638721236
3.5201177274743805e-05 6.797700948010285e-05
-0.00014194555485783796 -0.0003025166332934244
0.00041409662933285897 8.544551049141626e-05
-0.0005290818486821264 -0.00037018056205098394
0.00047538931442538774 0.0003126412613106104
0.0003549918534256538 0.0004165834701188445
-0.00041167741201270547 0.00037411187316625045
-0.0006393379568369839 0.0003711354373546508
0.0009744656590017283 -0.00011590547511286388
-0.00028543971000896044 9.608231478359327e-05
-0.00037243926140739705 -0.00032491831150038706
0.0006690267853641632 0.0003140425402666111
0.0010918086373860115 -0.00012399367352385537
-0.0009599659638741955 -0.0001969922011490056
-4.630606420692699e-05 -0.00096586599830963
-0.0014591945786428901 0.0010731368924921613
-0.0006151312767033496 -0.0012597636434901634
0.00018667355475348376 0.0003228759984387422
6.46472489919742e-05 2.1738158213257556e-05
0.0005367133995841881 -0.0004711136624053704
0.0005114281764715578 -0.0006385481329131334
0.0004193283414508513 0.000697629811960942
-0.00023083612314289898 -6.36684413414849e-05
-0.00033000799574376175 0.00032550335999252086
-0.00013430782879423944 -0.0009385038488971227
0.0001607424435269468 -0.0001434479612251406
0.00019488729156012606 0.0005658850110255723
0.00013104015725046468 -1.8344569153995956e-05
0.000459477579829645 0.0004527658839441852
-9.183607639636229e-05 0.0004383875348343915
-0.0002066282852616866 0.00037521063257421855
0.00048312041439999617 -1.4052541701078325e-05
-0.0007310626124432552 -0.0008459477120197892
-0.00025567089467670143 0.00041467778613383036
-0.00045321796675082464 -0.00013698103846529065
0.000641737486818413 0.0008690249861106263
-0.0006674943599363284 -0.0005309263738991524
1.813069409939586e-05 2.094142569119883e-05
9.948408059288118e-05 -0.0005854458090695586
0.0006106016779972435 0.0008511229543570403
0.00039368475560163003 0.000314208325484719
2.820726974164728e-05 6.399583032432315e-05
-0.00038913304867101514 0.00036490318981264236
-6.622795056108812e-05 -4.825850204483647e-06
0.00010441480632071646 -0.0006490820143400322
0.0006682157833722117 -0.0010214131513496287
0.000308858159741394 -0.00013402524040069164
0.00022367739003952255 -0.0001965058605629785
0.0005306879244415446 0.0003135533551752516
-0.0012143546112499707 0.00018494214696841856
-0.0009146717711848615 0.000276290715597039
-0.0004995505374158734 -0.0003390562827514046
-0.0002889427873476499 6.90739968037362e-05
0.0007182838316224756 0.0005721080602457784
0.0007562715000000346 -0.00019578820040571344
0.0003096309637998567 -0.00036565494204057687
9.084064186007588e-05 0.0010672970141290012
0.00038102622074098725 0.0002405014996282069
-0.00021140222442326152 -0.0007781792942628202
0.0004085056097936903 -0.0001402330458433228
-1.6928159377879388e-05 -4.4841880669439886e-05
0.00019203900961786656 0.00032254308614342747
-0.0005497181548813517 -0.0007395540978664346
0.00038984731474182366 0.00026348089377738074
-0.0006267291230025777 -0.0005329401425365658
-0.00017055627969041212 -4.453146302185398e-05
0.0003290046569857301 0.0006512107894034723
-0.0004900257377261248 -0.0006101701148249891
1.271284176040227e-05 0.0005475384386705524
0.0005519944359718032 0.0003763501669520226
3.4355050794462426e-05 -0.0005900334999808508
-0.00021713426880138413 -0.0005518282300525813
0.0002799993114822412 0.0008954733509971419
0.00030905578576630286 -0.0007130839213826752
-0.0005726122627090314 0.0005919292342069756
0.0002093330972396864 0.0005951651645241372
0.0003687050723907351 -0.0008163538652565669
0.0003696076447179617 0.0004891387825925487
0.00036296782092259586 -0.0003305602705086204
0.0007854357076625982 -0.000579825047186902
