1.9585623113183467e-05 2.0364686959975528e-05
4.298221115465508e-05 2.9276569660586334e-05
0.01921169098340064 0.03410601211188282
8.664522826439115e-05 -0.0008568132490476735
0.0004263747381134808 6.369897004391618e-05
7.764018581858549e-05 -7.19256902478341e-05
-0.001114318098512938 0.00041184491938784143
-0.0002147976392548277 -0.0016393173360207906
0.00016458753655807326 -0.00017194026887322776
-0.00038025908541541463 -8.537790435767064e-05
0.0007737242682555259 -0.00032292740615403904
-0.0003834343641649686 -0.0005329086778607669
0.0004915335838831164 -0.0003184713480057768
0.000434143327841983 0.00013057429671790182
0.000774644393732057 0.00031072946024893704
-0.0003793733501343705 -0.0006403790081758417
-0.0006926179622432105 5.6230851215787996e-05
0.0004100926630008696 -0.0010147316704515212
-0.001362359930984417 0.0011576356488196195
-0.000901159119228192 -0.0002545123107758938
-0.00044164515039784446 0.0016415650247946375
0.0002012861302362315 -0.0005486178530747535
-7.081626894209346e-05 0.0004638225361639886
0.0008359568119167458 -0.0006510589599898832
-0.0008172840942071895 9.321170889785854e-07
-0.0011038054163131157 -0.0007833039490249833
-6.685427960351083e-05 0.00030969294847610525
0.0006891161463412441 -0.0016538527503858968
0.000988026905847649 -0.00015707032371949637
0.00022397866620556308 -8.15050205653157e-05
-0.0007064558453995509 -0.00013218595933264132
-0.0011331083530689541 -0.0006718456772801274
0.000286597324759978 -0.00016121605260660884
-3.466415751660915e-05 0.0005717776277633338
5.359346491765625e-05 0.0004757010817183489
-0.00025538096587960724 -0.0006934219845796226
0.00032354084003280794 -0.00043544736298822134
-0.00010860002626443664 -0.00031284330942906005
-0.0003128349338449781 0.00035597244136722036
0.00014359122864246565 0.000956539254469158
0.0008198405991762447 -0.00014149567288767638
-0.0010603440946036628 0.0014381501405576057
-0.0010057875833398117 -0.0008549301232995343
6.231274949760478e-05 -0.0005432242420410939
2.3247279972019614e-05 0.0003639357920243003
-0.00023212132335698454 -0.0017335731730722338
-0.0003150331578699417 0.0009917359750939098
0.00046525367483237547 0.0004358592781360851
-4.6896081929400214e-05 0.0006232210201182196
-0.00022700749475588396 0.0008097365886992396
0.00040242426553810406 0.000188213378780529
-0.0014331182232023437 9.753498287340455e-05
-0.0010616852686756682 0.000452864257806246
0.00023410187049645377 -0.0009881298990099252
0.0007218868115694646 0.00029100189681181994
-0.0014661990018926979 0.0017365378348063877
0.00013556159975087746 -0.000877217538081978
2.1138857965290826e-05 0.00044979826690008586
0.0005818692550238523 -0.0007068891760948234
-0.0011167080243445321 -0.00044787670057776344
0.0007120529648496573 0.0002577543090136379
0.0006533341187144845 0.00010417379667176672
-4.780637857977436e-05 0.00023433877887100532
0.001510634951681973 0.0004094519902483586
0.0001817402968037142 -0.0006856299958375627
-0.00025207905876350095 0.001500512256805302
-0.0007460195608075813 -0.0007848942175806274
-0.00047666873415835116 -0.000415150272105798
0.0006288513841238353 0.00019714062519163577
-0.0003848153897755514 0.000697688156044677
-0.000733664339807208 -0.00011168080951878069
-0.0008258342921213501 0.0011726559687871886
-0.00040210134537859007 0.00010735947278990957
-0.0006200313689987253 -0.0010283061993824523
-0.0001065667075410711 -0.0008292814917471673
-0.0008872758918577199 -0.0014587416064822526
0.00019290744811371828 0.00038350270483063773
-0.0009073391930189459 0.000273176540120025
-0.00021220622762058104 -0.0009096522988240418
-0.0007690154778879585 -0.0004565301000724912
9.091709060327988e-06 0.0010624249130669404
-0.0007608852821324252 0.0007034475888954049
-0.0023441720480400535 -4.2326991383713804e-05
-0.00035393857245776987 -0.0002745299888909533
0.0007941958439209551 -0.00023151331386264698
-0.0003537067884083883 0.0001858380267841326
-0.0006710677124479828 -0.0015389500758793528
0.00013158436587063654 0.0007473365346723723
-0.0005963502754054699 0.0002410859686155186
4.47209147757163e-05 -0.00045321604408738055
-0.0011890325919037994 0.0017251796525337305
-0.0008022913475231026 -0.0008061904929399691
0.0002175071449932834 8.896322625319261e-05
0.0010983427469533297 0.0001382427808932554
0.00023054347371342132 -0.00013857870587167224
0.0006787114068828225 -0.0005770098017973107
0.00023679654340884998 0.00039748573919277854
-0.0003514834459789944 -0.0007229821143907584
0.00048189879410422885 7.981552638742233e-05
-0.00048776286414728225 0.001650716250642601
-0.0006911500663758827 -0.00021394526262565432
0.0003086327376352922 0.0003204399820697011
0.0005024388278234047 -0.00018393099479301037
-0.0011171321094744216 0.0009560829151717685
0.0005506089407956862 0.0008140022339815197
-0.00040128398052354376 -0.00039619241253520426
-0.000866164513663315 0.00014580233213012914
-0.000763823581897217 -0.0002821446572246714
0.0003781144693929987 -0.000419525976464065
-0.00015471472022512747 -8.831771646448847e-05
-0.00035755279291370596 0.000280652607323157
0.00030646512523262767 0.0006099655374165178
7.565947415664941e-06 0.0002803840540847396
0.0006064589875447973 9.245289740207327e-05
-0.000363801648923139 6.915742208633015e-05
-7.633959701685261e-05 -1.936463196939984e-05
-0.0006573993445063449 -0.00014408354908026006
0.00016453379236380203 -0.00031981760275238687
0.0006488833077165295 -0.0002650963588829153
0.00019489658197039108 -0.00010954715600145279
0.0008184472943659905 1.7763294916580417e-05
0.0006922146281797988 -0.00015725840917823333
0.0007517038879546941 -0.0007485646091748927
-0.0004598873133432741 6.765189046659402e-05
0.00030068876704207874 -8.485008116666217e-05
0.0005088226612800905 -0.00011941984973756483
0.0001931224493689424 0.00022491772417548102
-0.00020618414688761513 -0.0004776223297429573
0.00045545637795241787 -0.0006623917898875842
-0.00031373239476188003 0.000884857390662079
-0.00014681495169223098 -0.0004995434547360345
-0.0014066469928265197 -9.780335861374471e-05
4.853786832405309e-06 0.0007721160178421467
0.00039888882212165284 -0.00021723190628858055
0.00016676587364978647 0.0005623930064478859
-0.0004391842729937702 -0.0002681008311205642
-0.00025795612364967914 -3.8894719793215006e-05
7.778971650726819e-05 -0.0001481731323969118
0.0009795553090025343 0.0008614639567617818
0.0004807720409330909 -2.1351250661959316e-06
0.00021383919272488128 0.0011788361245273014
-0.0001505728503608279 0.0003193511023791915
-0.00025620359431800067 -0.0002125458725646571
0.00018026481303393685 0.0002401305305569039
0.00044495422051381365 -0.0008608874881355604
2.4442761231381848e-05 -0.00042426885393846605
-8.745469242525175e-05 -7.30148937301638e-05
-0.00033301688816720964 -0.00043753739789824424
-0.0004259375755224712 0.0015220505870068585
-0.0011551780262298679 0.0005349244034518152
0.0006961888864878455 0.0014809881006571898
0.0004918311098305181 -0.00028502661592307173
-0.0009318067934579814 0.00018736327332242108
-9.676444602359265e-05 9.375677436058081e-05
0.0006451880526566119 -0.0013175177970603368
-0.001044878702280936 -0.0008460944930104818
0.0002713868462540565 2.728621572360275e-05
0.0004494968220306913 -0.000541752382451816
0.00022309669218950788 0.0008376293555844524
0.0006771575078815471 -0.00029820945615959807
0.0007110056043137475 -0.0003647752243922386
-0.0006485389332391336 -0.00026724977292965155
0.0008115643762496203 -0.0010878516124213755
-0.00017250633494912945 -0.0006564983345528414
-4.424607722980339e-05 0.0007815946666596238
-6.805646574087405e-05 5.2839872896603706e-05
-0.0004959401422841567 -7.513596745973693e-05
0.0004966858528002497 -1.9308070303935025e-05
0.0005253976977943126 5.642717137166517e-07
-0.0005318305520628198 -0.0008445767436954525
-0.00010014641746274119 0.00019085924971102728
0.00014330921454333833 -6.136645989295677e-05
0.0008544611439869199 7.962241325175239e-05
-0.00034132814924315723 -0.0002637950531303957
0.0003320024083086252 -0.00015467793101666647
4.129503353403979e-06 0.0012106215503873215
0.0008710279458896124 -0.0006547267101727642
0.0005268121654855697 0.00046474539809863785
0.0007320947228909479 -9.344957367453422e-05
-0.0008078744913093051 -0.000517334756758899
0.00010404566430033918 0.0004131749182185946
-0.0006555805341562288 0.0011353090714067893
0.00023464600390602899 0.0005082559696758663
-0.0008419923572018495 -0.0003191127207856641
0.0005148007958421536 -0.00012480547879669952
-5.715446798443246e-05 -5.665433621526302e-05
0.00014532615226581623 0.00024526534499374976
0.0005651214458952057 5.80031228512884e-05
0.0014905937980759353 0.0001969140043044
0.00025806401161515953 -0.00036056606370925444
7.304354316998893e-05 0.0006758794044677211
0.00038002332273759495 0.00030394905950577425
5.710199812569481e-05 0.0005958498865431429
0.00021378468055663658 -0.0003941195116776347
0.00016534945648805977 0.0007438927214202535
-0.0002229045975100075 -0.00013875563978852216
0.0011091413520562322 0.0003972170073898918
-0.0003363988311058122 -0.00010517589417408668
-0.0004929017103500755 0.0007601423332808828
-0.000908007182962817 -6.540180558242743e-05
0.0001566237049249945 0.00032503845854220306
3.4653782691008166e-06 0.00019351286900660822
0.00025655084623143283 -0.0003728928380140307
0.00021995677944294505 9.180943820322918e-05
-0.0005713370753974304 -0.00011420402932540157
0.00014285168869652352 0.0001987842009744332
-6.972049948024322e-05 -0.0006793778656326242
-0.00026348499770233755 -0.0006044432757120788
-0.00037249658430599377 0.0006739294404695075
-0.0005916552560730926 -0.0005951833133988966
0.0002939050149256972 0.0005823451781222427
-0.00034353362538113705 -0.0005778143373117447
-0.00040885330542814966 0.00015332292559994246
-0.00018903455503468296 -0.00022291464501946918
0.0002902822513299391 0.0010781281161313888
0.0004931150437399627 -0.00021389548763184186
-0.0008035926299720337 -0.0001986155729523109
0.00022028008291612484 0.0005025810266428196
0.00046963394095949826 0.0007076745329142459
-3.254416396462435e-05 -0.00016180456482807508
-0.0004121706898575248 -0.0006910970680736473
-0.00043529600064806873 0.0004671446234453777
7.452408917034315e-05 -5.1147005748807155e-05
0.0007641806253784724 -0.0007277179595026733
-0.00014959093537184891 2.4266310314130784e-05
0.0006006412445334209 0.00045605328696791725
0.0003698064051480857 0.0011145411707934251
-0.0006603684939695687 0.000552549837592729
0.0001641663403212677 0.0001819023705588361
5.5744991436189047e-05 0.0005789728472200878
8.707485146376966e-05 -0.001077112999148638
0.0001664615254608379 -4.358182643740878e-05
0.0001271787608323303 3.3269968135538777e-06
-0.00039499775614245167 0.0003315045197011693
-0.0008341508781602607 0.0002996813477800812
-0.0002898151459956988 -0.0002093782461640462
-0.0001831780731447373 -0.0009589632732117012
-0.000262204945671721 -0.0003535894184236211
-0.0004222900032346074 -0.0003919429538945429
-2.510577640796944e-05 9.748468297433013e-05
-0.0001878126956418303 -0.0003558430292499599
0.0005488479414597628 0.000287423551918636
-0.00011550539353030376 0.0004133947730176665
-0.00012173315144116704 0.00061508662247689
-0.0008546432163317989 -0.0003692174050015516
0.0003131000164243836 -0.0002050019562992006
-0.0005265558811939945 0.0004512207977722579
-9.728875498682197e-05 -0.0003806740952165727
0.0010903080208938013 0.0003960378158273613
-0.00015521748480432814 2.096720413864385e-05
0.00025660695683063896 -0.00023455280076465455
-4.463664243459155e-05 -0.0007998067235499529
-0.00042529113817177367 0.00011179793248829429
-0.0005130454861286713 0.0005195986541375579
-0.0002820255098218319 0.00017860994051670926
0.0008779604395769751 0.0008895172991826477
0.0005097494551060297 0.0003378920205067124
-0.0008793678476814894 -0.0004760754303285855
-0.0008906173219907741 -0.0007870114928643324
0.000692695050100093 7.27574059209081e-05
0.0003732632026102239 0.00032556513189038673
-0.0009539912018078286 -0.0008727342315963747
-0.00010166006357146576 7.526133270541909e-05
-0.0001712816764899233 -0.0009033769531952818
0.0003470720127827081 -0.0008693987783618998
0.00013036713358055538 0.00018925672132747787
-0.000988476472713261 -0.0005469771396143092
-0.0002969391301199212 -0.0002981228127169779
0.0001838502860906085 -0.0006978095643874739
-0.00044019117857763726 0.0005221684838732878
0.00023543776163898088 0.00030936696334152346
-0.000289338563423351 9.530483559923925e-06
-0.0004191757614233533 0.0008512322219444258
0.00019814406783584204 0.0002871818390136132
-0.00025176585574689114 0.0005199409840506283
0.00023987154655456103 0.00011366365985250537
-0.0006841102251834506 8.440027503576701e-05
-3.0674412233077696e-06 0.0007633357503819949
-0.00022726240135898605 0.0009887346910642184
-0.0006428605969538601 -0.00030213715625112457
7.43262154735504e-05 0.0004539239243451536
0.00033845022537373846 7.195377140111248e-05
-0.00039121188398080466 -0.00019238859007581345
0.00015183855552315098 0.00029446288180797316
-0.0002698876758621862 0.00035847357227145483
-0.0004160911679764078 0.0005634448002048413
-0.00026443613229722585 0.0005366859558560186
-2.625421975133892e-05 -0.00010476224745906842
0.0004335637056831633 -0.0001324766765679698
-0.00031178426469400674 -0.0009109187394303376
-0.00021625246859711806 -0.0007368894986315094
-0.00020954869000155748 0.00034416929732528594
-0.00015790880309762693 -0.0009009866596342505
0.00020737047409757453 0.00014149108144180988
0.00022196416644800065 -8.160991244043472e-05
-0.0009458217188262442 0.0001381413326175163
0.0003524682127300989 -0.00033997276920648975
0.0005087846894749111 0.0002395730107146857
-0.00010053916451269734 -0.00021716679018697325
9.385775552844266e-05 0.0002743186834392765
-0.0001888485947076766 0.0003197965083527698
-0.001157484360120461 -0.0001431708009464783
0.0002483509161789616 -0.0006696500297390004
