1.4807901507995818e-05 3.066413483776513e-05
2.5459914944715953e-05 3.0318214801352314e-05
0.012621446011873755 0.01783687374488334
0.00033149431162995843 0.0007547175885465711
0.00010476011129720123 -0.0001546004579340977
-0.00025894125952309713 0.0008259729902647103
-0.0011187572812792347 -0.0017311492751827418
-0.00013760018582244555 0.0001608959963005863
-0.00044800579929615104 0.00037445729519960117
-0.0001816282581909868 -0.0007003078838154548
-0.0005704832652261681 0.0007784816356228892
0.0007114841974868479 0.0007014547880580991
-0.0003330849053158823 -0.0006807188286736917
-0.0012316267334286464 -0.00021424288719854742
0.0008883410498931462 -0.0008334046080963057
0.0011818331929809571 0.00013757547425187014
0.00038843974334564006 0.0009351341970140572
-0.0016026506039233173 -0.0003472516913128492
0.0014599860518564227 -0.0005727751238316812
-0.000882660687181291 0.0003520246482947489
-0.0013152688769628718 -4.80581752232524e-05
-0.00040634371409335913 0.0008504781025979135
-1.9005363456300116e-05 6.053712159434173e-06
-0.0006612778522400685 0.0010325470742601232
0.0006338567857805434 9.75243547864407e-05
0.0002828145018853393 0.0019154881084942421
4.738383713041018e-05 2.490955477163544e-05
-0.0009648147359320346 0.00026031464970806284
0.0015143219852703435 0.0005288056949275109
-3.057140874458656e-06 -0.0008550197915780752
0.00018918446507179543 -2.4125622216894294e-05
0.0004906225074557481 7.993988825415753e-05
-0.0008757419282131964 -0.000720681141090841
0.002028122051459358 -4.6675056933389836e-05
-0.0011004363293972033 0.0005650250433390305
-0.0006793630924239949 -6.629004934646634e-05
-0.0013484518933177343 -0.0004221654279523854
0.0011860537081968283 -0.0007478687819772506
0.0002179878125438246 0.0014822916088621132
-0.0004805957519493844 0.0006651675170345466
0.00017137573211433092 0.000657394615753118
-0.0005346031018696889 -0.0008237430262547686
0.0010537459823231339 -0.0003174009211613974
0.0001375851646736812 -0.000261106655133822
-0.001509730922911558 0.0006204978365183656
0.0006803698746719325 0.0001489907860232441
1.1692488114511888e-05 -7.474093483651581e-05
-0.0008785600781060628 0.0008834959181380691
-0.00012413620546404894 0.00010781202450341482
-6.816717644876489e-05 -0.0002893659918082072
2.6392418716650105e-05 0.0003634553785773785
6.280602017384387e-05 -0.0012158702335101877
-0.00018832585281497596 -0.0010652030393236802
0.0007985330875485505 0.0012442616472005325
-0.00012712314560763902 0.0010932607656252197
0.0002496066873596718 -0.0003613507330620485
9.709217792049572e-05 -0.000646548708811477
0.0001713023007925553 0.0008142645733280857
-1.5778593740250027e-05 -0.0008468276425251798
0.0001224733347442268 0.0013131923663506065
-0.0008271096367878153 0.0017221139989771622
0.0004054702414074815 0.0005872766369077535
-0.00015818979946303393 0.0005748401490541497
0.00043470329848386847 0.0004153197329269005
-0.00010100877973471862 0.0005926674441732616
0.0011679237418464427 0.0002766826950451464
0.0004773151805815253 0.0002351379347974705
0.0002887124333424467 0.0006671241438823281
0.0013072276604112914 0.0003522588253444784
0.00018815138433740677 -0.0008474234402855551
-0.0017205046873008955 -0.00013440262011306508
-0.0003212725198145628 0.0008208041149513389
0.0008035368328468599 0.00040307897832270054
0.0002984674723327382 0.00039863807782872045
-0.0003518167854559829 -0.00097957714827657
0.00027539082749950656 0.00035304687777314294
7.116639074524641e-05 0.0011738877296146432
-0.0013703206895363368 -0.00010485478476440653
-0.0002838234554536155 -5.382542116516947e-05
0.000966579349456448 -0.00048550151703684086
-0.0001951400617248027 0.0004434758215636096
0.001614356964529575 0.00033968993293153515
0.0003565514922109348 -0.00048534058420053627
-0.0009538427394595611 -0.0008367099553036403
0.0002671273342203562 0.000650575823271086
-0.0003711786427626147 -0.0003248323048282736
-4.6714117579968176e-05 -0.0009644952761626894
-0.00043146983911606984 -0.0012441652253967139
9.432439026386655e-05 -0.00040230238506794557
-0.0004982381209675851 -8.869563640480378e-05
0.0009579391334159135 0.00012590436855511167
0.0009262282989646193 0.00018920462570201375
-0.0008799018584185511 -0.000134278228238371
6.4363475022752114e-06 -0.0006195905752987752
0.0004854429204382786 -4.506703348825213e-06
-1.9855321527186092e-06 -9.208405442046201e-05
-0.0014597104705870295 -0.0008418894667894692
-0.0006177117560663692 0.00022683844648884916
-0.00027393380917301025 0.0008973908644519503
0.0009059344285639056 -0.0002596477026638316
-0.0008677323170112368 0.000413213109456295
0.0006396568018065115 0.0006815064644787905
-0.0010217894891590194 0.0014468591152005169
-0.0006909559709185108 0.0005340524394952296
0.0003973390551975898 -9.710262419081762e-05
1.1319794855425905e-05 -0.00029084653690413496
-0.0008229879486989011 0.00015704645533008967
-0.0005914758112681847 2.638289817894845e-05
-0.0009778169639879316 -0.00074222305432237
-0.0009225849919398236 0.00025181609463878523
0.00029288360683212017 0.0006118689041760527
-4.790451286256366e-05 -0.00016658494764510052
0.00023094690351370073 0.00048362944539403
5.653921434587972e-05 0.0011328823364746602
-5.5070891003048746e-05 -0.0001623197473257982
0.0004025480150152077 0.0005559047702415997
-0.0005780819148085858 -0.000456519298421579
0.00015180207689085426 0.0001029909657778526
-0.0007752338704499158 -0.0006818942220661794
-0.0008133424237825005 1.6402489772297608e-05
-0.0002036243884727151 -0.0006839365883968392
0.0003658862413500989 -0.001087847397215817
0.00010443198291991041 0.0005076714686414878
-0.0006183713264977632 -0.0007525140939515895
-9.343059741334177e-06 -0.0009152386725385416
0.0005726747459430418 -0.0004865579905624555
0.0007062592981115866 0.0008199642331695688
-0.0005386778003838744 -0.0009258110310786142
-3.913247593996553e-05 -0.0005728690249207532
-0.0009681574314138717 -0.000973357387216971
-0.0004818716677420308 0.0003753155786030495
-7.773525750671143e-05 -8.271163513320546e-05
-0.00043144582107707994 -0.0012302900852173182
9.368382770852927e-05 0.00017696979252672862
-1.4297945135172639e-05 0.00023488942691992309
0.00039197618775361603 -5.051915976627634e-05
0.00012748892011844735 0.0010137847311554038
0.0003735888324542775 -2.9404761718543514e-05
0.0003674493219925566 -0.0013293305816621972
-0.0003656936492048461 0.00028330297519169864
0.0006867207049149477 0.0001504563774814726
0.0001176310464445013 0.0002682246105798755
0.00030780402768512086 -0.000851247725244216
9.567109143642969e-05 0.00034549279957757747
0.000650759761658719 -0.0009607737345681103
0.0005816782657568693 -0.000867336021751833
7.947194601872387e-05 0.00014936979057735515
0.00016470837673553189 3.0113679552314818e-05
0.00021087680729085144 -0.00017367935962070977
0.0008124633156528276 -0.0002297744820387812
-0.0006645078114361474 0.0006910254655494902
-0.00010788810922705005 -0.0001548637871545051
0.0005606075016563368 -0.0007822254873814953
-0.0004147684604882437 0.0006652956809080916
-0.00042598777571499903 -0.0002918265146855631
0.0008315790550438956 -0.00018417664601208162
-0.0013994975547977886 0.00034019347913965176
-0.0002694509370357985 2.0716736749534454e-05
0.0004789584215403019 3.783360224350991e-05
3.891323703243481e-05 0.0002866243797628885
0.00021899901764874712 0.0012566431130736266
5.9002198091133607e-05 0.0002749419660647821
-0.0006369503470521949 -3.477906836836181e-06
-1.6836842035379532e-05 0.0008775017361393114
0.00010679587671708968 0.0003710453006200553
0.00017345010678340264 -0.0004435528958942092
-0.0003234603552735499 0.0004923145745057474
0.0004833785555430235 -0.0008327025240666722
-0.000589729323918309 0.00044470904986279266
-0.00038569303064578414 0.0009337831135177398
0.0004129679691600766 -0.00024061041736667758
0.0002145280108052328 0.0006403259111182332
-0.0001809341585602474 -0.00027416555886520595
0.00013262033468512633 0.0003859080883533048
0.0004362019795182466 -4.956184541207699e-05
0.000406196769424762 -0.0005913730399015291
-0.00011059405182492847 0.00019349409547936015
-0.0006130413910618092 0.00015411742410412508
0.0005484739258722635 -0.00046432895268368017
2.3426541604999502e-05 6.808024840464862e-05
0.0011743572502932688 -0.0008446801147115951
0.0006698960565675341 0.0007778329147449683
0.0006647763642623478 -0.0006543982557193084
-0.00016428815678921273 0.0001748153163147417
-0.0009685417647270797 0.00022790809798153968
-0.00021754980102978077 -0.0007938279741001126
0.0006734477042240256 -0.0008368998757624516
-0.00019674369417804137 0.0004236003667046428
0.000450163058761564 -0.00011808232749835486
0.00013487813325054897 -0.00012060190088113647
0.0001442087920784628 -0.00046455694494869804
0.0003573180687407625 0.0004782252736353078
-9.21265951709143e-05 0.00035988546254943853
0.00023091036686592818 -0.000723418466957839
0.00024943133945109635 0.001609743610482684
-0.0006133639639437021 -0.00044924556514822355
0.0006233134902059572 0.0005470536346758684
0.000677842995738417 -2.818356276572279e-05
-5.1231536290807855e-05 -0.0006795754269226811
0.0009057928479566559 -0.00023738746396147285
0.0007561708385126822 0.0005389792188861538
0.00040099651139962597 0.0009600042978137668
-0.00010359109393452291 -0.00044163816792469645
0.0006833364852162845 -0.00021956275136069694
0.0008185732900002872 -0.0005213963455325494
-0.0005745547535446613 2.775099014384734e-05
-0.001200844266804451 -9.589845856033986e-05
0.0006524126466003681 -4.09541915302547e-05
-8.059603064884284e-05 -0.0006127388043312755
0.001097014097997043 -0.00010216202494726584
0.00019736986983762982 0.00016200320859680977
9.284939371056234e-05 0.000470972280467685
-2.5348983768536064e-05 0.0009562415028640358
0.0005684869805704112 0.0002908084676536642
4.622627729669087e-05 5.78541955227004e-05
-0.0010587043608576239 -0.0002643857162199414
0.000686530643712651 -0.0002523128018129249
0.0004144211713348706 0.0008040225744040759
-0.0003977423533121878 -0.0010179727565903522
0.0008954807105650569 -0.0005361726693693135
-0.000258891135337673 0.00016807369653676593
0.0003462482999097331 -0.0005442261102876836
-6.283164820262604e-05 5.7948606389118926e-05
-0.00039599403752165987 0.00012756104366975262
-8.800047880040763e-05 -2.847839492827804e-06
-0.00017988730523264362 0.00010481838086205008
4.430587962534918e-05 0.00043934876395550226
0.0008894515217357417 -0.000629555813276459
-0.00027971125520983155 0.000654500911397239
0.00040820992676873807 0.00024889197795698465
-0.0002849556031044116 0.0006102157099762322
-0.000395941197666939 -0.0010254370159489005
0.00048325790535872176 0.0008638548619386785
-0.00026461474142479524 0.0006337657029136767
0.00010805544900223055 0.000130452851775119
-0.0003204376366670502 0.0003394058300197434
-6.659040078093979e-05 -0.00017137054463223092
-0.0006670807540541679 -0.00017224088170786602
-0.00037602046723824757 -0.001613835481607614
-0.0013257531505281735 0.0004917998862371483
0.00018518382780140444 -0.0008215925381456023
-0.0003634488662524678 -0.00016218254859859724
-0.0006826174534807044 9.126892470785931e-05
0.00014919741756523556 -0.0005224447106854089
-0.001279980269300118 -0.0003508052925620483
0.0012890939530878771 -0.00036062423438870846
0.0004034142077581086 -0.0012472482776837994
-0.0004928600231639841 0.00026395970233591954
-0.0006047058791392356 -8.703563769760958e-05
3.690763169743021e-05 -0.00016287795385478787
-0.0007164415233162496 -0.0002955336225993606
-0.00031078667434833153 0.0011454724054474157
0.0006679007561079899 0.0008686587435952629
-0.0015586222664317017 -0.00013036411394718117
0.001191641521925705 -0.00011454101970941392
-0.00014449467186542837 0.0004381916347473626
8.437217461561427e-05 0.0002904399218214465
0.00029894315806869477 -0.0004687441693430591
0.0002694801140345375 0.000553935402479902
-0.0007777677191717403 -0.0007295535277858943
-0.00022776222442666438 -0.0004519399520213407
-0.00027693138827722646 -0.0002475427957185203
0.00010811168248821713 -0.0005361748728961008
0.0004637161088857594 -0.00014651947834438543
0.0001388301212734227 0.0003352446049619749
-0.00047616950177959663 -0.000401837097570088
0.00014542852881846598 0.00019098839835104465
-0.0007194876489496928 -0.0005036940238376652
0.0002377827679686096 -0.00013263293253940533
-0.0003545914897639041 0.0005557221624460757
-0.0004737103678273989 0.0004545537127453276
0.0002594982317831086 5.418268807348566e-05
-0.00038112442204131427 9.754181218876334e-05
-0.0007595403025433163 0.0007652832670672827
0.00020092312321541537 -0.0005078934982104431
-0.00030459698178179884 0.0004345502422865733
-0.00010242031617504044 1.5188878112630169e-05
-0.0003384836270633332 0.00040257717402924234
0.00048021701955762935 -0.000682651885862524
0.0005497340480507832 0.0001998680859860308
0.000607625144339635 0.0009190287801184222
-0.0008346216820169683 0.0005735727562807396
0.0005992002213639085 0.0004676126988750037
-0.00017566940029874268 0.00021498415496229605
0.00038115426157126327 6.814204405856936e-05
-4.237008333289781e-05 0.0007884326282266887
0.0005711526732952158 -0.0005106783917826266
0.0009843778174062829 -0.0002765981490729539
-0.0006792220981586545 0.0007214104181288887
0.0004053273700126823 -0.0003955385695540177
0.00041095244642051803 -4.765420507960947e-05
0.00025197215986542547 0.00046507442058563007
-0.0007777681875633275 0.0006505518516385845
0.0004384102268620154 7.42338334572571e-05
0.0002476685617138802 0.0004181100371735086
0.001383674992079723 -0.0010497069748721369
-9.590325279153028e-05 0.0005777144076505525
-0.00023756403545813765 0.0006717653548070525
0.00040882847563820425 -0.0011577051817502526
0.00016210432639969229 0.00010329137640721712
-0.00023349195963353686 -5.2430184979342544e-05
-0.0007962348192890999 -0.0011022426023511382
6.3123294834538835e-06 -0.0008687625303499164
