1.5094296232366318e-05 3.88152658725426e-05
4.107758839112523e-05 3.588632405467687e-05
0.029563037177664734 0.02353658759650984
0.0006680327538625616 -0.00013628939319222514
-0.0004293269384510777 7.997933186108289e-05
3.4261853925423966e-05 0.000836276556612725
-0.0005457421787563387 -0.0008324478085298349
-0.00030828976132466347 0.00023981052454379135
0.00037200178846292495 0.0007851701946392303
0.00014666890088867662 -0.00030289232817452583
-6.698431387254897e-05 0.001239864559637017
-0.0014463425610499803 -0.00022491668172998705
-0.0012757734851901333 0.0009458584326105929
-0.0001800720907986128 0.0005221734314383862
-0.0003142640822762262 0.00013822959453145198
0.00047816817072149934 3.532101067284911e-05
0.000512945720105845 -0.0009366990425406007
-0.0008091841168203852 0.00019815327381357602
0.0013386017626077 -0.000584018233435595
0.0005713992110451625 0.00021957138376757181
0.00169823532897898 3.28810379545903e-05
0.0004498852868199513 -0.0005001822039596477
0.00039334246483212226 -0.0009024976701211602
-0.00012701654556571744 -7.708354501573119e-05
0.0002386382482662365 -0.0006753613830305917
0.0012543007129352122 0.0013810233872824055
-0.0006347811961737194 8.733738847915959e-05
-0.00011383925398543551 0.0007453942004187814
-0.002062443026612932 -0.0007020942894999774
0.0004952063640341641 -1.1174257952895106e-05
-0.0003187988630747982 -0.00015638705965646333
-0.0006266688323611992 0.0014245805542728112
0.0005867965779493717 -0.0012922046063929037
-0.000848195857846341 -0.0008918522419167864
0.00012246626045134715 -0.0008814627018757345
-0.0002328192106484471 0.0006463397990877338
0.0012511683361965994 -0.0004845682352652224
0.0006922724690319452 -0.0005198299754097517
0.0005338595633460799 -0.0004820812248935049
-0.00042481091564026334 7.1766356000927615e-06
-0.0004180628058096161 0.00024331439625276994
-0.0012452173011311524 0.0015660593514373645
0.00018963599544964636 0.0011281132985570415
-0.0004499735394433022 0.0001259067263276815
0.00029866697115796243 -0.0007073120295470958
-0.00019892176257393777 -8.455798410367718e-05
0.0003131445693541223 0.0005878157771920914
0.0010302050500073452 -0.0010548649522003726
-0.0007592639456846339 -0.0010910115953015225
-0.0008815976179576897 -0.0006188243707268822
-0.00021150912681375508 0.00040039862235360035
0.00014182920095263054 0.0008070706020086363
0.0009692665757156317 0.0007455130257392384
-0.0009412798818191211 0.0005298636706417757
0.0008295612164156627 -0.0004203161403860884
0.00041699602402850194 0.0003058312233695073
-0.0008809761787772693 -5.1278978210230984e-05
-0.0016441105959659958 0.00016116121230879874
0.000318085042554142 0.00027877223188119675
2.6530154204151816e-05 -0.0004897495034857346
0.00016300789671666813 -0.0004967432697220883
5.993337993925665e-05 -8.527281672531553e-05
-0.00033301819875284586 -0.000181854616123792
0.0008033986425277764 0.0006778909569776443
-0.0006629227122551074 -0.00017269279452245912
0.00014347481680734598 -0.0004531343740119748
0.0009642772467762686 2.4428761796774192e-05
-0.0004485163069971894 0.00015186845047374976
7.490493102155214e-05 0.0007248839449785227
5.1488312309504313e-05 -0.00018795104488492456
0.000730949956746355 0.0006563861612939387
-0.00042828120873336564 -0.0012042761900958152
0.0006476493811217161 0.00040914958627958226
0.0010192160636375467 -0.00040473657935729114
-0.000506170356986146 -0.00024198744143267322
0.0004183319387294741 -0.00010549165078838654
-0.000351183062875966 -0.0006403228409694135
-0.00042210550500299134 0.0010151822441304584
-0.002530506253651674 0.0005821070087275993
0.00017901344559790298 -0.00036495368580430717
-0.0008948406117443256 -0.0007819694732764461
-0.0014643843561850452 0.0009464814488536704
0.0009265076424619316 0.0004884581053334141
-0.0004549639580366243 0.0007676975182717855
-0.0005624239376500254 0.0014340709031725565
-0.0005384329973434125 0.0012838704824264654
0.0013444600086498593 -0.00015632637901601262
-0.0008514868308703857 -3.340328896072198e-05
0.0002433441029239008 0.00010112536066000627
-0.001569486046661046 -0.0006874680045273905
0.0003053067228222776 0.00013717496033619183
-0.0003281017230785428 0.000350740912547711
0.0005291134058168979 -9.298544020917314e-06
0.00047516162197216316 0.0004364588298008844
-0.0008124266827809824 -0.0009925951679308415
0.000282388567852426 0.0005426747229566959
0.0005322713847339363 -0.0008029812816146604
-0.001448408329333178 -0.00044645152772346616
-0.0008762041990328683 0.00010824833048420433
0.000519549599157181 0.00013936782538253881
-0.0003538753149236004 1.5376242639437988e-05
0.0008932172345959311 0.0005704061662680618
-0.0005379225442969041 -0.00046493933672019127
-9.367787434965025e-05 8.925187474429421e-05
0.00112512412754803 0.0002955941084274175
9.612885681679439e-05 -0.00046817531566122907
-0.0009452924968018105 0.0008880742802844777
-5.328278916254653e-05 0.000165436665938571
0.00019935465738610546 9.017589892655419e-05
0.0006674164516506761 0.0005172420535064916
-0.0004737192961524276 -4.142660187743907e-05
-0.00016813806059872232 -7.998124976041776e-05
0.0007322260655905692 -0.00019854223732437823
-0.0004574932894694984 -0.000535556084293259
-0.0007434930772563633 0.00046231938695797954
-0.0008052387776258484 -0.0008828042466432657
-0.00010127766588654359 -0.0008244082290803405
-0.0007719772114255572 -0.001083830860347215
0.0003909271116791225 -0.0011611443297937633
0.00112111323128354 0.0004845216745172835
-5.415542241283754e-05 0.0009004220077510377
0.0005313814491348256 -0.00010172214748874337
-0.000528320417529713 -0.0010047385945045897
-0.000479382765152078 -0.00016729322694593535
0.00044021803558611005 0.00013028735055587836
0.0011047524940087454 -0.0003098168784758372
-0.0007004547508969975 -0.0008329469368101515
0.0002825133709312882 0.0004770140016555872
0.00012674888951607537 -0.0003763592243970452
-3.8002510885452195e-05 -0.0007851442111112281
-0.0010746632549031273 -0.00041986224860597756
0.0003377234617077002 -8.725450387856843e-05
1.8508919333446195e-05 -0.0007151500321838742
-0.0006069224614712518 0.0009023918592183778
-0.0003176520446328768 -0.0004858437745533891
-0.0005458724853221225 -0.00022779349952292655
0.00015871157279261487 0.0001174493218810063
-0.0009236466122101168 -0.0005241324068709828
0.000296074928499393 -0.0004223436757583252
0.0003011971049878278 0.0009807093121529946
-0.0006086445289088058 -0.00021700286015037927
0.000304489798066536 -0.0002573152138044517
7.722247131529445e-05 8.0928828048678e-05
0.0001883575838998748 -9.11175283563903e-05
-0.0013602409174770544 9.656344673130676e-05
-0.0003976065398343528 -5.22937714151423e-06
0.00045865364281678667 -0.00012982676726949936
0.000973054542898394 -0.00010819604786705397
0.00035417002654333486 -0.0005142473399830821
0.00026474070016489705 -0.00033498949634023064
-0.0007425027433941682 -0.0001301269296529092
-0.00034165880307679745 -0.0008169341295300827
0.00014347635556619077 -0.000404450236658144
-0.0003394548933955296 -0.00045960246428891356
-0.00013888053479805003 0.00034409816017356244
0.0010676477851572677 -0.0008883904174843683
-0.00032668470424667074 -0.0009978535453661645
0.0006849019674332545 0.0008176911177487068
8.015140953494922e-05 -0.0002840970731328
0.00011008707646710414 0.0007967175937268707
9.122872137275115e-05 0.0011872506544814553
0.00016483125952550118 0.0004704162528483836
-0.0011384050330439835 0.00032470151649976786
-0.00020118024743659405 0.0005873369072479155
-0.00012471883140455 -0.0004906958027418057
0.00025119402643680066 0.0005690818409724564
0.0006564878665305086 -4.184144045999619e-05
-0.00035560434353398135 -0.0001994902233409581
-0.0006349990184468674 -0.0003108266124777172
-0.0002888467132805316 -1.5928453553322257e-05
-0.0002481095550678297 0.0009110776059042303
0.00036793125826680616 -3.717776707370922e-05
0.00022266360287312358 0.00036455216980762817
-0.0004495983372908229 -0.0008129644368839126
0.0001437694189479369 0.0011343254760198904
-0.00047171291172914606 0.0008590662209609138
-0.00015415942008215712 -0.00028604416071630496
-0.0003813982661302027 0.0005500436221285192
-0.0008078192972797973 -3.485280998405213e-05
-0.0005787333231461105 -0.001006785118738956
0.0004920052288212637 0.00023040146542498743
-0.000751954432441033 -0.0009108521877103275
0.000305173543274049 -0.0005789476823451769
-0.001145286280463205 0.0002084733557855184
-8.974085085782108e-05 -0.0005638039967920591
0.0004822584292035163 -0.0014325428973937903
-0.0001842922317830157 0.0001561302981102419
0.00016368383067834924 -0.00016738492949507726
0.00019248038823850227 6.009206665558294e-05
-6.871801379454485e-05 -0.000685866684714628
0.0004117994883138228 0.00018392965773222306
-0.0008664282754744594 0.0007807310348297479
-0.0007077534050495448 0.000613443913608583
0.00048462930606471945 -0.00010902811116829136
-0.0011856123250081146 -0.000674320615019651
-0.0003216175991099521 -0.00024260037444198796
-7.781259145841578e-05 0.00032549258327401164
0.0003332335881286757 0.0007808148760917511
1.7691887596825388e-05 -0.0005190419584101633
-0.0005670551300073871 -0.000691924241440627
0.0007786160617567594 -0.00017871575666960477
-0.0005495241825696722 0.0012550076112044367
0.0008930593562073894 -0.00022695806429885683
0.00030861551662907707 -0.000661459543986699
0.00019251763286214324 -0.0003959879928750837
-0.00030447673900993303 -0.0005865170215017456
0.000728343862138367 -0.000611878500517466
0.0012488546226466113 0.0010963764428017942
-0.00022790302901447407 -9.652733283680291e-05
0.000605451135748657 0.00015763038891065246
-0.000129978427294779 -2.6794802175143386e-05
0.00026606290365030597 0.0012372477827263817
-0.00017181008561095596 7.535955266598643e-05
0.0005983473011354242 -0.0007300421455945122
9.771871681114707e-06 0.0001492993766703216
2.1900065269133143e-05 -4.9010635967055724e-05
-0.00024289713595481222 0.00012837127936173563
-0.00027482941476364957 -0.0006602663575287646
-0.0006215886867556364 -0.00010134515819356815
9.351678700912987e-05 0.0007012170348912993
-0.0003680909217092107 0.0015400456823651176
5.545605374895994e-06 -0.0007112727968413686
-0.00011766406566095919 0.00027905903414371413
-0.0007392382437427151 9.577413562952158e-05
7.23678071090311e-05 0.0003317383335013003
-0.0008418766981786219 -0.0007666568607283528
-1.5225246572661373e-05 0.0005460906336387215
-2.1563437795424028e-05 -0.0007378549163266059
0.0008655864386474785 0.0004493081047203497
-3.5940356127997987e-05 -0.0005733726874348426
-0.0006329011055724719 0.0009488339662254763
0.0004765115763680451 0.00032933648629488626
-0.0004122507286229899 0.0002375351410585508
0.000766309717653679 6.158469236174385e-05
-0.00036713895007921683 0.0001557512897784044
-0.0008154665068924985 0.000713138534852729
-0.0003212928859733662 -0.0003068950070852771
-0.00016262175956740753 0.00033566675104678947
-0.0007120081294110467 -0.000638395285317906
-0.0005396618243009222 -4.454302437483417e-05
-1.4020498236713901e-05 0.0006277370470785367
-0.0004862264843282265 0.0004947948538610517
0.0001467220972552019 -0.0004964096498219346
0.000957428699979898 0.000763841487081284
0.0010054687275153694 -0.0008342297550485547
0.0007431885784962483 -0.00034449907585842486
0.0006685889913323978 -0.00013134425975864383
-0.00017184976940462572 -0.0005833776229317437
0.00045856474332251726 0.0004696919920996797
0.00021353410074524638 0.0005228852769622336
3.3879332266797286e-05 0.0007037968349278548
-0.0005825334088386723 0.0006720730455005833
0.0008218888112210078 -0.0006945600772687101
-0.0008739362008451113 -0.0006128856920500687
-0.00047764366003948464 -0.00025632072611034556
-7.879354738481276e-05 -0.0006618201108222661
-0.001003096729531458 -0.00011792376563987419
0.0004170044106500663 -0.0004865667109474299
0.0007207632273513335 -0.0005053438492979577
0.00032878309405615997 0.000563332137810623
-0.00034855439981311626 -0.0006640980447908908
0.0003871079714838727 0.001098813119659649
6.523493816395931e-05 2.7668000099069255e-05
-0.000527011482328507 -3.058645775413924e-05
0.0005170054027970253 -0.0002756766263663669
-0.0007245990956465545 -0.00020224863010569712
-0.00045360062267218955 -0.00017762547146286793
0.00045805211203011237 0.00013181048900859057
0.0006667139019427536 0.00032977733060509534
-0.0008829557726283948 -0.0005198670331620706
0.0011079429477816286 -0.0004642093632918779
0.000358923247272833 0.0012714047837254522
0.00012811719976194773 0.0002792714100680109
0.0002081862462932404 -0.0003264017337330825
0.0006964663887378058 4.734539912737632e-05
-0.00029471040396345953 -0.0007492445559958653
-0.0010313658844297608 -0.0004511423087029122
0.00017703949915918448 0.0003487024500600135
0.0005229317896906702 -0.0011970229025136854
0.00013321656175093924 0.0002449138696470781
-0.0006211856863602937 -0.0007683447461820179
0.0005892789234979198 0.00042999418461680904
-0.0011349989903480773 0.00017604425817154752
-0.0008224721018788802 0.0004543047560927017
0.00044988315382960063 -0.00041126858317587245
0.00021388165456433776 -0.00031897484664662447
0.0008548072939886928 -0.000557335432383231
-0.0007655872132337537 0.00046866148720306234
-0.001080296531073924 0.0006632040351193289
-3.991689895569574e-05 -0.00036192811848685506
-0.0002245399722210117 0.0005788036134142399
-0.00044070714485109643 -0.00039213103684806826
-0.00028653298238544647 -0.00010672337406638006
-0.00022273714033167868 -0.0003143367685490098
0.0007458546446397844 0.0012928794171234597
0.0005377458512577176 -0.0008611474349799602
7.30139869001483e-05 0.00010493490113224528
-0.0003630274703320543 -0.00019769571194671662
3.9186074433958645e-05 9.891023240024967e-05
-0.00010794349637162839 -0.00017776918578218134
0.00041318751792498266 -0.0009238779383003202
-6.747420091828071e-05 -0.0003719468138957207
0.0008724452436591772 -0.0004978685028466742
