3.8339750766276696e-05 5.718112402520285e-05
3.040431138573164e-05 4.259540925748196e-05
0.027138353027826762 0.02810987302454121
-7.366877164074795e-05 -0.0007575383490267062
0.0012168282676831752 -0.0003279127389668069
-0.00025180059727412463 -0.0009704461600789203
0.00031038440427787526 -0.0004207865435157025
0.0002739368874263159 -0.0003910186123536672
-0.00013083750649415268 -0.0004180634213546781
-4.697136016199888e-05 0.0006677106681520582
0.00018461410991256168 -0.0006359471920431468
-0.0006192422088503495 0.001218061399386828
-0.0001858937005135018 -0.0007859325467012181
0.001046828452100552 -0.000254734767661481
0.0005124172433755981 0.0012503251601193356
0.00024063905385767446 -0.0004694064958656461
0.00016234942371456672 -0.0011153185077633447
-0.0009188703516027951 -0.00020755287618521638
-0.00040650861834092537 0.0002489721376263752
0.00034473469698767723 0.00040506969625689874
0.0008215854374485446 -0.0003323379009902388
-0.0009759598572645345 0.0009793786620798462
-0.0005605567518451184 -0.0004893434807656502
-6.479710354475621e-05 -0.00027460855682574743
4.609263671060199e-05 -0.00066997426592109
0.0002270528292499052 -0.0003637800238338985
0.00036746529510340794 -9.905076553122649e-05
0.00021023449913039604 0.00046608722129912606
0.000386166794784575 -0.0003045920730616556
9.12512974143191e-05 -0.0009602698827560433
0.0010106021602165752 0.00014936250651014098
-5.976030444618955e-05 0.00047272222916067803
0.0001341565260955338 -0.0007658508238982042
0.0013624836500884827 1.0710000345154021e-05
2.6878141749697638e-05 -0.0007303567680294565
-0.000829212673141137 -0.00011512522492253458
0.0004959833417285921 0.00032873358839940694
0.0004225331200131832 -0.0002843664711555717
-0.00047554702618452584 0.0006291511792657485
0.0010974442252518943 0.0014498622814257428
-0.000376799411666101 0.00018965712840566962
1.6878688938731605e-05 0.0009681035346294595
0.0006243984140058106 0.0005536951106743029
-0.0009699514485971116 -0.0009942549128132464
0.001059098877202808 -4.31923243261088e-06
-0.000623986214065621 -0.0007052748743835738
0.0005617668952026925 0.00011491677596646672
0.0011472186658088425 -0.0017122378406920341
0.0017090873799825656 8.908355391007461e-05
0.0007509400471916449 0.0005307411399808021
-0.00021050020174078187 -3.691014414406717e-05
-0.0006432563676582732 -0.0005036536498030047
-0.00013247679342197598 -0.0006825792605462832
-9.277089787053575e-05 -0.0018122911039816403
-0.0005857360342395294 0.00043359088060855556
0.0009607798091792536 -0.001003045605098436
0.0005028720768883956 0.0004783785290119236
-0.0004585003137248395 -0.0006145012716495532
-0.0009542835853617163 0.0001846922707217624
0.00010029300622297623 -0.00040340583675353215
-0.00030291724574713736 -0.0005553626377650272
-0.00019870584816788323 -0.00035739293197804573
-0.00033894911371397184 -0.0009211801804515407
-0.00018597845865036145 -6.44886097854145e-05
0.0005801837971103764 0.0010861848897664318
-0.0006513219732562952 0.001090326576017185
9.781737187019221e-05 0.0006571134350165202
0.00030157482599794505 -0.001117151954450294
-0.00038978834290062024 0.0001474460469240388
0.00019302303600744712 7.521065309145753e-05
-0.000767334592565133 0.00033243046353647124
0.00016549662945010473 -0.0015194401257052465
0.00012801879518026504 -0.0006899336389155906
0.0003171660582628948 -0.0009065797643656465
0.00041162484867725616 -0.0014581025802023187
0.0012000045863031744 1.627282192239524e-05
0.0005754234870416282 -0.00041238493050633443
0.0009071151988173654 -0.0004240829273931031
0.0009756630759786823 -0.0003768781246279325
-0.0006021897408512696 -0.0004491267932850705
0.000116306546922203 0.0007535706297954088
0.00019626260714159739 0.0007105974248899602
-0.0002937394232262765 0.0004450651497290411
-0.0014983238247894362 -0.0005395203922527374
0.00017082256068285174 0.00029975421340990016
-0.00048399890639465163 0.0007052653686498223
0.00030758215631183173 0.0007394146291459257
-7.749622748408649e-05 -0.00019644155883433642
0.0004679629522946336 0.0001089108159280952
0.0003461101358263758 8.653541571436111e-05
-5.691388352472559e-05 -0.0006783965256242305
-0.00013359035686823462 0.0002827113203011809
-0.0007236748951161929 0.00020718886785507933
-0.00018064825600319862 -0.00026006322446452357
0.00018077945730117742 -0.00018671838255276808
0.0005055084869923681 0.00046450924988399375
0.0005269691054184805 0.0002466781994468683
0.0006349522155649168 -0.0008798472436514228
-0.00017838537950919225 0.00031548403194960956
-0.00020578313642833263 -0.0008566527510195531
0.000507932788387463 -0.0005276791724988148
0.0004984708368727988 0.00031899587098668217
0.0006275718602921007 0.00011219210346818301
-0.0003763266099852803 -0.00038317494904213217
-0.0005246392435276023 0.0001273843889235677
0.0002964561868901057 -0.00018174133684255948
-0.0002280654595446859 -0.00039644230270690495
0.00038765709666469195 -0.00013347040837345138
0.00039992908049347103 0.00015233107860583838
-0.0005732267031247821 0.0008356234483780672
8.96538996496007e-05 -3.5178661730970664e-06
0.00039632674857978525 3.0137887496214143e-05
2.5230506208870357e-05 -0.00040407979153888793
0.0005678983202027323 -0.00011136772324072248
0.0008633513324445658 0.00031819003009672225
-0.000364573991780821 0.0009378912544657851
0.0006153639119960895 -0.0006662259914356042
0.001026810664800753 -0.00012772660939350735
0.0003804047308190176 0.00030727119069773697
-0.0009772863944751862 -0.0008323804558650753
0.000836656441740575 0.00018120727673357422
-1.66270473450696e-05 -0.0006906846190316563
-0.00046265649314312826 -5.005383998285927e-06
0.00039981390425860056 -0.0007748907089403525
-0.0003692074146020264 0.0005961992924591163
0.0005719984091791665 -0.0005343485148104773
0.000650449009897297 0.00031391065802582565
5.5705610703853166e-05 -0.00034809599106506956
-0.0017609745835549646 -0.0002862138737474091
0.0006747431560426653 0.0003208703791535311
0.00032445760530244494 -0.0008624152664853918
0.00034596474379125887 0.0005171237139305612
0.0005464442764102299 -0.00035776573293381175
0.00017786543514186916 -0.0002118912927918534
0.0006572335983596012 -0.0007929499882837875
0.00018479484325859512 0.000589658064375018
0.0005514180696626016 0.00025016949318376754
-0.000363293061353506 -0.0010777000864436459
-0.00024951478821372394 -0.0002971983596915274
0.0005372697231508111 0.0005947116433409582
-0.00012218946388351093 0.0008800602325758036
0.0010101040498113338 6.30854944101066e-05
-0.00018742996645451518 -0.0006859330440944292
0.000981544708511788 -0.0014772464588232797
3.016191288783798e-05 0.00035012312700177545
-0.00029922743764664565 -0.0008275918746599032
0.00011934686993941469 0.00010707749717048579
0.0007768985863617917 0.0007845979926038677
0.00028505672515796477 0.0005092498959014401
-0.0005086231739039649 0.00044212897033206125
-0.0004641012100069917 -0.0010096652843388876
-0.0011877121502727771 -0.0004594923872528523
0.000411531567698928 -0.0009990089802082759
0.00020328703017686642 -0.0003296688817138156
0.00022803856001618532 -0.0006217809257386826
-0.001063154288180162 0.0008818630724887919
-2.725685204183085e-06 -0.00016157849994269502
0.0006025475321220881 0.0005365844576271763
-0.0007788197269599326 -0.00030680048080472316
0.0003418658683445432 -1.898854564952133e-05
0.0004480981008381243 -0.0003286868887448956
-0.0002833375253703008 -0.0003187580685900009
-0.00025643593724709255 0.000140289766552143
0.00021266460375647398 0.00031487777531574707
-0.0003618854226348459 0.00010520151708709702
0.0003630864996237301 0.00022290920803354853
-0.000722644384738169 -8.412991577610739e-05
0.0005482058980559664 -0.0006305930919570927
-0.0008444465569828307 -2.3274220405904486e-05
-0.0005489915149496491 0.0005809795290146411
-0.00055863195090263 -5.554535926171826e-05
-0.00014984656199547343 0.0004318417856981476
0.0007895760662129584 0.00011322813558060658
0.0015296442076428683 0.0005791163729670304
4.738148256940151e-05 -0.00035721059689747
-6.565222948393655e-06 0.0008529791866745054
-0.0003226716282323071 0.0008237541135336556
-6.940883670959871e-05 -0.0009259649719518566
-0.0004376420589850471 0.00020654466055194975
0.0007243868000700402 0.00029572784750414165
0.0007057675044411615 0.0003391637507058074
-0.00039119171950347637 0.0007403984442532518
-0.0003305819688414483 -0.00021725220683657123
0.0006332037081603903 -0.0012142473413318704
0.0004870439122404064 8.67539806002809e-05
-0.0008527909171284771 0.0008675086289783046
0.0009038168936861205 0.0009052906890385084
0.00034744823236910495 0.0007774880592690464
0.000512730895193321 0.0003552314853138147
0.00013180900275333536 -0.00037591537568140335
6.54443508393554e-05 0.00014471481112196815
-4.8107936059370016e-05 -0.0007975922254278605
0.0003158148619880197 0.0005650113231900962
0.0005428403880239451 0.0006499863716503075
0.00048028579250777983 -0.0003311888226460848
-0.0012618989603449015 0.00020232778474042507
0.00013598785213068026 -0.0001650294039266916
0.0007555132541382617 -0.00042109966991502127
-0.0006111925196429478 -0.0009661789035692051
0.00025056334832167487 0.0006144693350196137
0.00045193185577376216 -0.0008839908980281923
0.0002008370785215953 0.0007697891149045079
-1.5747611036817275e-05 0.00010601131083964516
0.0002190869539587128 0.0004037211483037618
0.001021716291817354 -0.00016534164366721285
0.0005337878236998479 0.0008067357278952235
3.947553958198516e-05 0.0003470100477103514
-0.0004397563976993865 -0.0003220586156609283
0.0007047126902771298 -0.0007994595372624834
-0.0004778288878175007 -5.547063546938092e-06
0.0006024820798541581 0.0005927304816450313
-0.0001500815047029018 0.00031393665689054934
-0.000720252963193639 -0.00028634144758705115
0.0002793799500276574 -0.0006700138756406269
3.551133857416619e-05 0.0006287249170648483
0.00011176858486743698 0.000869398214314445
-0.0004670599463310919 0.0011874459477089188
-0.0003621806493846017 0.00011732722847739547
1.4476182880193003e-06 -0.0005946214394554727
-0.00042843893106882594 0.0006508263854833633
-0.0006734777387711765 -0.000746948150125113
0.0008312562706212951 -0.0009892113634154159
-0.00024912676332184303 0.0001810368909764081
-9.313621611295941e-05 3.3172985813322955e-05
-0.0013659718569030434 -0.00010281560832469708
0.0003640235014729189 0.00021840793016261056
0.0005928752050797225 -0.0007251821989098218
-3.239052835076992e-05 -0.0005374937746336383
-0.00010122011475498057 0.0004974269043699779
-0.00012356475555413567 -0.0005294131154205629
0.00036010506640895055 0.0003700611647816797
-0.0004834340254384555 0.0008544906383622544
0.00040158016515073593 0.0005226866694537201
0.0004899480351013578 0.00040916862451651094
0.0006970779842566631 2.935634443893762e-05
0.0003945722708294149 -5.043971196042061e-05
0.0012777751642405186 0.00041731441674358334
0.0006071597138794333 0.0002045806458534166
0.0011687321984915947 -0.0004521402201547926
0.00032521987136056597 0.000739015345886783
0.00020635172253080568 0.00010104406379747948
0.00037377553809238046 0.0003461321604074575
-0.0003697990479050156 0.0006005602406132858
-0.00019362872286500483 -0.00018078390963010326
-0.0002903785749878811 0.00019640612074310596
-0.0007343193417638721 0.0004832313836423324
-1.101396408083254e-05 0.0002557153895033457
6.870568856841066e-05 0.0009626135045525863
0.0011185244700929915 -0.00016879531697882617
0.0002303954883627871 -0.0004001566365703076
0.00046963838006103265 -0.0005580503724955144
-0.00048796011001039783 0.0007067958723975577
-0.00016483930953465142 -0.000417715494494112
-0.00012927663386159448 -0.00012217194350494176
-0.000248113020722673 2.347044156976229e-05
0.00019734698275158157 0.0007431318679806189
-0.001362943235096836 -0.0006410452426533377
3.525578994085691e-05 0.000838358457584017
-0.00048449251208211705 -6.445634492241122e-05
-0.0005449739845402347 -0.0012308808976554417
0.0002007491421048886 -0.0018985129700434065
7.376134246412611e-05 -1.2435836965366385e-05
-0.0006778122768267157 -8.382122603448877e-05
0.0010277407952141698 0.00011418870149130959
-0.0006504927016239133 0.0004595961429969984
-0.00046453173844045 0.0010124629394509474
0.0006925142287024992 -0.0009104622438528369
-0.0003184287384696472 -0.0003053560404781189
0.0008734230048268684 -0.0005195157922261865
-0.00019035564270902073 0.0008586299253316455
-0.00018183254287448207 -0.0002921774020077334
-0.0008545229761959458 0.0003486327925675462
-0.0005354612300763201 -0.0003053313797813344
0.0003510077991910691 0.00016299558598831398
-0.000674215812190892 -0.0007986242933460593
-0.000922233151963357 -0.0009469877557548483
-0.0006342472676846076 -0.0008518686671283048
0.0012151319307356758 0.000399697289620948
0.0002780572107543816 -0.0007001679254192047
0.0013351620793133465 0.0006080541465803528
0.0011170072030399015 3.64414163065901e-05
0.001473929947198918 0.0004160607500773043
-0.00010238620081704929 -0.00034447604807985816
-0.0008023392347783729 -0.001018773170152053
0.0005275715483109437 -0.00010739942832568767
-0.0002774973518289106 0.0008133385958809295
0.00016850385917784857 0.000899102417107303
5.0080035076145745e-05 0.0011102831138193796
0.0005483224631282962 -0.0003226927797431712
-5.794053489977191e-05 -0.00031403727108014697
-0.0007619565285391012 -0.0011154420566938375
-0.00011671110527043251 -0.0006393990581382509
0.00041084524385020236 0.00018599945428890858
-0.000699575478249817 -0.000500035249159276
0.0007734144118176774 -0.0014857932985653697
0.000730960559443648 -0.0005070930191096764
0.0010121147783193779 0.0002254179255935207
-0.00027460244385967025 0.0006184896451051446
-9.296372695171932e-05 0.0002571140602707388
-7.73699322623987e-05 -0.0007129548117547608
-0.00028802785638070246 -5.255275096361155e-06
-0.0007507727226287063 -0.00046759345730949895
0.0002766998890227041 -0.0011348425657559645
