4.030515282589244e-05 3.608042381181204e-05
5.0079300736527836e-05 4.9420840735736676e-05
0.027722382957150727 0.028094813138002637
0.0008222893093362856 0.00031899733560601553
-0.00018400627018009915 -0.0004994478962199572
0.0008826751854517699 0.00043765381195045406
-7.940909340766016e-05 0.0007910993456312827
0.0002767726141816278 0.0010530847491619659
-2.3604494284512107e-05 -8.187237504784039e-05
-0.000769721289692781 -2.365662680601633e-05
-0.0008999210306730544 -0.0016581967980233763
-1.4603857066219013e-05 0.0002871734521557036
0.0005761063931822439 -0.0008194834121542728
-0.001044794401063019 -0.00039273256129674717
0.0013461681532916908 0.0011569889854319518
-0.0006288933358479639 0.000796696615961322
0.0002094508029242829 0.0005999626544173089
-0.00043811588882794895 0.0010346153712536797
0.0011687163325753993 0.00015434042244868683
0.0013036249152547892 0.0013757230670469614
0.00011890414543249393 -0.00016093878786163147
0.00044798080255774677 -0.0006821044140978523
0.00035745988390531376 -0.00022628077408313934
-0.00010824481701626694 0.0001552428335635645
-0.0011020396389603612 -0.001066611621537858
0.0009342706511685511 0.00021304934508408393
-0.0008938605091175298 -0.00013987573391515605
0.0006893883083111972 0.00025440933927741317
-0.0022238312462575993 0.0002149567498463639
0.0006372989462084153 -0.0008761372609263598
0.0011470309049620856 -0.0013583580286690394
0.0003484186613413803 -0.0013101567332050126
-0.0005339168330985223 1.8642005184883323e-06
0.0009389497854967576 -0.00022099643314772396
0.0012958860643699712 0.0007709996114127575
0.0009455000088466024 -0.0004915742125447808
-0.0006166173264120312 0.00029865930642096125
0.0013713412985833023 0.00013243552583498715
-0.0005514973490710376 6.909914686302369e-05
-0.0004833658028637344 0.0014499112165460859
0.0002558071291099241 -0.0007802751167923719
3.960389827332224e-05 0.00034756132672856594
5.55639276663777e-05 0.0002141815235909866
-0.00036187409459161886 0.0004353218367595949
0.0007803001227149239 -0.00031765148269899976
0.00028429693244649525 -0.0014976033207176652
0.00011214800351375406 -0.0005962676887699066
0.00034209982307398164 -0.0007081120049611739
-0.0006614102315624592 -0.00012615895434485493
0.0014339694947652906 0.00016733097698719504
0.0012641625099027798 0.0006662596578356868
0.0008207965659823198 -0.0010032775904281073
-0.0007119148995773974 0.0007525347702957843
0.0007018261078342702 0.000702680856110728
-0.0003727031619725325 0.0008193923699312848
0.0005197118054390774 -0.0003663073208130489
-0.0005957709305751583 0.0006498563770550275
-0.00038997266743348124 -0.0011391661522166159
-0.00025888475358129065 -0.00030687963643072006
0.0006488527644046295 4.5022597519047035e-05
-0.00015153922509264598 0.0009523463167808204
0.0005213432741859255 0.00038556387115932296
0.00018409963776521226 -0.0007351871038064311
-0.0004597579715146861 4.0749276581107266e-05
-0.0011162431715945602 0.0004422187645568917
-0.0002809698646191245 0.0002508677659347916
-0.0005077245186549347 0.0007676252491120699
-0.0014830731712947892 0.00048030582767947784
0.0012243115747532579 -8.164095318992538e-05
-0.00041283745172629075 -0.0013977701800267468
-0.0008593859363581575 0.00043463282416341596
0.0003838189065055702 -0.0008996053755494839
0.00011481748409786902 0.0008730180771802174
0.0006387949400147317 -0.00043606610926144016
-0.00011075292015605256 0.0010076077467844695
-0.000410845291279162 -0.00027946835682569296
0.001850682732369452 0.0007812083545441704
0.0005939203241580314 -0.00042236165613373177
0.0004973952172712392 0.0005813207093608325
7.948996923321071e-05 -0.0012902756492472285
8.751138690685512e-05 0.0011899799494524672
0.00012487217017561502 0.00033651886601143173
-6.721719165936891e-05 0.00024273110515655603
-0.0009948068922608802 -0.0005202389236567603
0.0006296490990681387 -0.000209613496923761
-0.0002133783482790078 -0.0006588388699674807
-0.000638671033576386 -0.001417915832281484
-0.0002680663374588776 0.0005958908702878501
0.0003262438769412034 0.0016965052764897908
-0.00023869900936242277 5.864686385044881e-05
0.000227717269360418 0.0006229127952819503
0.0006170354325694082 -0.00017963912742955337
0.00010553315176265878 -0.0018671086133964607
0.00036149486578236493 8.031009419834655e-05
0.00019374558918259493 0.0003335992714579485
-0.00018078350493697082 -0.0006424442682595042
-0.0013650079542194442 0.0004207805280455598
0.0006736352892307254 -0.0005541534223713745
0.0018396500899638697 -0.0016099248762919383
-4.4569244655000265e-05 -0.00029449054126833924
-0.00047011349098928485 0.0003540650687504406
0.00021085237594914078 -0.0018294836280553957
-0.0007397874662937083 0.00029584988324659646
-4.825657957931524e-05 0.0005198009534884325
-0.0004385417039999287 0.00011301991763666445
0.0009488600819823016 0.001266886684268182
0.000719550240430809 -0.00021973512964476068
-0.0003024748189680549 0.0004728049842711501
-0.0003649861957116801 -0.00016150245553826428
-0.0002516515222222906 -0.0010407816164358001
-0.0005437314292155856 -0.0012025505308930426
-0.0009650118527955207 6.786540903570552e-05
0.0003779248188616713 -0.00011661522867486329
-0.0003795084909503886 0.0010190707939649233
-0.00015432483716335902 -0.0007420050074454792
-0.0004928446735200828 -0.0006374117641486618
-4.0380981707631585e-05 -0.0004036344259041562
0.00021220003789673556 0.0009224885001398053
0.00022818775266962582 0.0006014834757004447
0.0002729553181585413 -9.205371057289014e-05
0.001007264555871268 0.0001650692685176611
-8.530145899710785e-05 0.0003562484609883146
-0.0003970616677240865 0.0002607235805679425
0.0002806855900733717 -6.546992276141808e-06
-0.00036777608399614836 0.0008817816879031652
-0.0005105699652989535 -3.4598914162449335e-05
0.00032159591888760976 -0.0005102453521486649
-0.0006090114858943408 0.00041158049561072476
0.00024495160787668695 -0.0004629083570319772
-2.1089509936119207e-05 0.00042398906617767824
-6.685910506425697e-05 -0.0004899560507057594
0.00013791783551372696 0.0001027519835242013
0.0005638115705718529 9.23466386579524e-05
0.00015657092232335365 -0.00035003395631704224
-0.0006669959836774265 0.0011980545311512539
0.0003095641779108023 -0.0005547943287208252
0.0006037904955362168 -0.00024690237467398044
0.0007241604942145927 -0.00010367315998029325
-0.0003036311062630375 -0.0008757171957549375
-0.00012561145049046083 0.000425517133935316
-9.310420373864811e-05 0.00042309278347889956
0.000120326405592326 0.00042324637884690877
0.00021218863493448537 -0.0010475670514492204
0.0007940900695619883 -7.157715545675809e-05
-0.00034129100902809286 -0.0005794832258740891
-0.000564776504106756 0.0009014192334591471
-0.00022961043205429262 7.071045762667966e-06
0.001115083547083834 -9.538883213892695e-05
0.0008359931365352601 -0.0003057806941146054
-0.00035730332069687726 0.00041476967121183665
0.0008188976496895861 0.00031822681905901827
-0.000560009453269091 -0.0009150631367362398
-0.0002284178448357626 -0.0014384318890835884
0.0012929514266971157 -0.0001194117672866112
-1.4304408367744751e-05 -0.0010314060382770373
-1.874268924543384e-07 1.215995817719543e-05
-6.566628253459181e-05 -2.198450397009313e-05
-5.709204780427686e-05 -8.749085187871455e-06
0.0007914782049074227 -0.0001554196137768138
-0.0009526138205404082 0.0006189370812956315
0.0007189280795400469 0.00035613539063324384
0.0002079689990354238 -0.00014538823961895083
-0.0005171003479981554 0.0009809935741562747
9.609880426664945e-05 0.00038462099172495076
0.00014928815405639638 4.5191787195374554e-05
-0.0003585431844630522 0.00047041275112827174
-0.00030472692390623354 -0.00037403348292306977
-0.0005259160429463028 1.1691118018262443e-06
-0.00012222409052460188 0.0007310324390162231
-0.00013362716213726627 -0.00061813328561452
-0.0004204146427450954 -0.0003911932584661873
1.1192057983621816e-05 0.001327256806700403
0.0004747664746145365 0.0005206994536882333
-0.0002778261182931669 -0.00020448021045340215
0.0008717855138044744 -0.0007997393399688076
0.0009889409393833508 -0.0008137254269796326
0.00013202709199414174 -0.0003520801495236055
-0.0001944302257115747 -0.0011006051604871957
-0.0006332670681527034 -0.00046158726465457447
-0.0004957905965236017 -0.0015106411534096757
0.0007430854959869115 -0.0007748874871112926
-0.0010922683107296167 -0.0005653430440223015
-0.0002730799815659724 0.0005309430200195774
-0.00023721638768708355 -0.0004913638427121297
-0.0003016164791662295 0.00016830103624369304
-0.0001430387156255476 0.0007247730166426284
-0.000514537848047592 0.0003182475589820366
-0.0005497411970154268 -0.0001066465801387297
-0.000979212810266815 -0.00031572287363546383
-0.00010397161315516087 0.00016194349871550802
0.0004630463390039922 0.00016618608143871813
0.00034858229774070287 -0.00019038335261961569
0.00014437541116137638 -0.001113316003873319
-0.00037476795490726044 -0.0003457156504782163
-0.0007366937512178626 -0.0005950540328956157
0.00011704555441448974 -9.931050564678616e-05
0.0008210624654294627 -0.0008392906616195346
-0.0008892700191408429 -3.536373846220179e-05
-0.0005372493310560534 -3.489403184286807e-05
0.0006697346891470363 4.7394310999591335e-05
-0.00043187300232383035 -0.00024799398546574867
-0.0001604611107807363 0.0004172792525928442
-0.0007524721891933029 0.00022580614285289786
0.0009836291352241118 0.00037027268707003313
-0.00018194288534425628 -0.00014020709408184688
0.0005720322661322425 -0.000675346150260156
0.00042033225322039 0.00018874406236098768
0.0007951600212693241 -0.00024749474063728475
0.0004335988582768543 0.0010486927409246443
-0.0006706415757787073 0.0005635166336639122
0.00011051786696791175 6.865149454863814e-05
-0.0006702909367806233 0.0003537687192153376
-0.0003358563174873201 0.000639423682501298
0.00021795444414870698 0.0013910811927547878
0.000557621313439771 0.00033044969076891084
-0.0007611342540609238 0.0003309281103809017
-0.00018450684495507802 -0.0009989136763346974
-0.00025053636448779204 3.39791710968831e-05
0.0005446890593144086 -0.00015459908900395465
0.0003910837232013379 -0.0005530973065837235
-0.0004339934908125977 -4.7054579419493166e-05
0.0007318066650374707 0.0008398762736544807
-0.0004541964620464698 -0.0008116095131442139
0.0005440602088122065 0.0004761984453335988
0.00024658823572668763 -0.00037664688207197537
0.00016920419646550183 0.0003399940341428599
-0.0006741508913180739 -0.00051618966515724
-0.0001001467214827943 -0.0006462040793726723
1.6066425166659242e-05 2.1956584703228205e-05
3.5144136400364664e-05 -0.000549505958242869
0.0003292166202496332 -0.0008470254488233339
-0.0005016476875029098 -0.00018757008000145744
-7.320919179053679e-05 0.0004482130016956992
0.00027263061685470094 0.00022622451875663958
0.00012461479924949043 -0.00039279892470678296
0.0006313499313025417 -0.0012292492241489034
-0.0006294971674634734 -0.00016477444255436787
0.0007648476379950468 9.800849925613245e-05
0.0005095383878253962 3.6461615162440665e-07
0.001083638119635169 0.00013405233305769816
0.00021778336147966433 -0.00035244100685643024
9.017595839718149e-05 -0.0005470315450112007
-0.00011684699962170033 0.00015826010212685913
0.0005614391036078823 -0.00016021108921200015
4.554536196225681e-05 0.0003789237356872151
0.00033685545839419456 -0.0005943483457576671
4.522581288291672e-05 0.0006257517740950341
-0.0007838048023595671 0.0005080899098609215
6.153304398225517e-05 -0.0005808067929490635
-0.0003442042004591988 0.0005095627984352405
0.0007571858824592429 0.00012326088558570002
0.0013536659697906493 0.0007813169156183175
0.00016548032526062103 -0.001313180234154834
-8.781991785023354e-05 -0.00021577150480823836
-0.0009665841721986475 0.0007982979646451603
-0.00010510356333753078 6.639050918544418e-05
0.00034141770282688344 0.0005014380817475776
0.0001252275890172711 0.00025769117389300595
-6.787797670530045e-05 -0.0007583918270241964
-0.0008261152102535965 0.0005879443438217515
-0.0007958956556600601 0.0011273855706293197
0.0008741750694240799 -0.0008261948967532353
0.0002605170637035236 0.0001696726024283189
0.00021367120322618582 -0.0005611139909542071
0.00011815002872722878 0.0005631343605801561
0.000278554370051391 -0.00032501738744477877
0.0004503727264857965 0.0007320303185583074
-0.0009338766481754338 0.0002782697846543582
0.002048559640803775 0.00017323254605463987
-0.0005606190496973889 -0.0008715273282932335
0.00034382294002598135 0.0006470346885541437
0.0001117954830181728 -0.000836375584771476
-0.0005417182890621187 -0.0008880864269406787
-0.00042454990115482375 -0.0010809915492424288
-0.0003534930243627531 0.0007476283963280322
0.0003137961371226612 0.00045679540427833105
8.010384580523823e-05 1.1318719391005207e-05
-0.0003438618179582403 0.00018786167610437932
-8.689389570862523e-05 3.388039688096523e-05
0.0009282366772509019 0.0002221205360783258
-3.6275777288485876e-05 -0.00031759628606143155
-0.0005535021834175565 0.0006186007790451412
-0.00029002461015282513 -0.0008122631030441485
-0.0006242179432798586 -0.00015278411267720404
-0.0005236898584655949 0.0004831896826603595
0.0013832881330960423 -0.0003627680616973126
0.0007757000385720037 0.0003711432096703761
0.00013943525653608045 -0.00038948560654244037
8.507690969216714e-06 0.0010474351412659555
-0.0005464300717462391 0.00040317904858158383
-0.0002561253260734056 0.0009587045751755632
-4.790522911791333e-05 -0.00019050634562670213
-0.00045541654063976906 0.00023377804302802258
-0.0004319545693361288 0.0007180938690538312
0.0002101136665492892 -0.00041548179857406776
0.00012933056149168413 0.00015153161651802974
1.7083298255367532e-05 -0.000453310189725467
-0.0001244010016025628 0.0001976856397555665
-0.0003993865594070755 -1.6587870714836348e-05
-0.00014007914045577533 -0.0005128649832886174
-0.00045513145708456817 0.0006793582488788015
-0.0006693082358029398 -0.0006584954400203162
0.0006236791628614696 0.0005881080508499356
