5.0634251840216395e-05 4.227289058948663e-05
2.4135475327065755e-05 4.093934429297918e-05
0.024202151857658068 0.01560128386851171
-0.00047412589704332286 0.0012281676581068917
0.0002498180450380173 0.0003979808922107471
0.00029243866589298475 -0.00033299861935643873
0.0011764042943690422 0.0012084067752485886
-0.0008387148661997193 0.00011941064744350362
0.0001084875361826669 -0.000455186957535105
0.0008151560338663139 -0.000495558169082812
0.0003600519253473748 -3.479114136875238e-05
0.0006461746640638989 0.00011889837408664755
0.0010241375583201896 0.0005715224761001896
-0.00036271298950980635 -0.0017294561943878716
-0.0005881100375286683 0.0006151782644135646
-0.0009576031678916021 0.0007422963361332888
0.0001192484663861491 0.0009469554619500958
-0.000558506636398198 -0.0002457424198295993
-0.0006870858027406044 -0.0005870144942266927
0.0003122877889309205 0.0007525917345036752
-0.0002004149288935672 -0.0009919122312408077
-0.0004771680843534986 0.0003274750935307827
-0.00017167157077844098 -0.0007112453235506405
-0.000945552299813914 0.0010511469415417514
-0.000836828351442866 -0.0009992156822197582
-0.0005045275487532876 0.0017334419604388633
-0.0004964519958128893 0.00047429819631576665
0.00025310611047703454 2.3832250930455994e-06
0.000494457251291296 -0.0009708214604553726
9.045018169743568e-05 0.0005310585989332961
6.6166371804945166e-06 -0.0006786984047952272
0.0003049391167139802 -0.0008755389824601074
-9.44755914825077e-05 4.406142379938424e-05
-0.000660964933689195 -0.0006811558124394542
0.001395526732634106 0.0005114254813044692
0.00031414502167547846 -0.0004984436151398241
-4.449385030815063e-05 -0.0003023554101393849
-0.0007957355929166038 -0.0012320488164083122
5.0939043679098066e-05 0.00017874081784830805
-1.0722859788624101e-05 0.00023780184995277903
0.001432468968145591 0.0009741912470533388
-0.0016282263542287852 -0.0004267716392696808
0.00041975055830706403 0.0006604126560947401
-0.00014811772905260119 0.00013955539490818992
0.0003008270017641567 0.0008440533555570414
0.00026050712605598476 0.0004132587502236512
0.0007279781335698366 1.9039859766872445e-06
-0.00021147345997338078 -0.0006399578681642185
-0.00038917424296974187 -0.0003058640075732266
0.000340888315371761 -0.000865688119956293
0.0008708169514953577 -0.0009330885987369773
-0.000508263551450645 2.364952361468836e-05
3.8382726827456016e-05 0.0005586659355652806
-0.0002510826644231899 -0.00033819544441067396
0.002106949665483388 0.0007783081057593462
-0.00024591110650476207 -0.0008007574282989337
-0.0007243907196710108 0.0005150825483052953
-0.0009392194880407746 -0.0001939853306298007
-3.2017906527088254e-05 -0.00015151138145222466
-0.000864794495369192 -0.000499041325234124
-0.001188429437939131 -0.00030030227086116267
-0.0007659019956956077 0.0005298529663995322
0.0002855377543307979 2.7007315816605202e-05
0.0007970944088858474 -0.0007616126705570756
-0.0014328096123317454 -9.59014816225598e-05
0.00032264824653414133 0.0007632548608701089
0.00019522512314381257 0.0012606503785540651
1.1860711703411159e-05 0.0005355352867905774
0.0004332223465312219 -1.8590026029375585e-05
0.00035403172784562534 -0.001143272643188678
0.0003468859088979827 0.0008904335629263569
-0.001319111093645112 0.000196599523755232
-0.00013280012229589016 -0.000648444792091583
-0.00042385354204188373 -0.0009130665636187437
0.0005226292746059636 -0.00034626976831204
-0.0012146864549586946 0.0020203165679351675
-0.0008666671798263869 -0.00012791756503541393
-0.0003986699019240918 0.001226127873024662
-2.7418293445937923e-05 -0.0002719738503934106
0.0020016282188001773 0.00010185139962910947
0.0006655435121788642 -0.00029091016443659316
-7.61635021159186e-05 -0.00020283317065120755
0.00013441127880842063 -0.00024679703195732724
0.001215052258608177 6.561660386980793e-05
-0.0018569560791229602 0.00046665251677467374
0.0001565728069170307 -0.0012934201493238096
-0.0007665034260139516 6.193349494300519e-05
-0.00041427867294073636 0.0006926619661910024
-0.00012525786045896996 -0.0007567213498968953
0.0008000620564405808 -0.000666341820772634
0.0005626643194839582 0.0001979009008116425
-0.0004310286794625347 0.0007082544253642806
0.0008712300102480128 -0.0006547881490873592
0.0005906376462940589 0.000702659793021775
0.00010137639851191086 -0.00010883824691085559
3.527029600911599e-05 0.0005657706681571485
-0.00033612667532205475 0.000558593456014772
-0.00032109799770157577 -0.0010281180054312515
0.0008692367582630541 0.0009489790587433595
-0.0007065090582599483 -0.00016000676760196054
0.00021641996361738497 -0.0004111824968349052
0.00032048948138575404 -0.0005094717777820397
0.0013309836703914914 0.000115691812956417
-1.586247536979418e-05 -0.00025952089824900275
-0.0006246174593685862 1.4659801414428778e-05
-0.00014553476872062923 0.0008210126537928191
0.0004377170294133464 -0.0004594533435581425
-0.0003397926022080201 6.799323646619012e-05
-0.0007152549487536768 -0.0002929309842628439
-0.0007964778422869128 -0.0004899150380073696
0.00029919152945541715 -0.0007262140407087324
-0.0005456179622707829 0.0008039214608329109
0.0007480402274234949 -0.0003559024432869962
-0.0008983861471145418 0.0008214424230397032
0.000542385947676586 -0.00031017583714712884
-0.0003878565729318971 -0.0003440751477054215
0.0007761755904501508 -0.0009939040601125457
0.00034405261736671674 0.0002163553350597547
-0.0001299370740731615 -0.0004834351755558918
-0.0004634286506158562 -0.0007015391428858818
-0.0007139460027068664 -0.00010993262883242922
0.00032264924560103283 0.0003356171100290953
0.0003681047742395735 0.00043854257293183976
0.0009461632404163448 0.0011636984393567078
-0.00042026602235781295 1.0821997502319568e-05
0.0004295478754944881 0.0014710108885523123
-0.00042853039253198645 -0.0002601181698024282
-0.00037454534903119175 -0.00040200973337593566
-3.223818258765205e-05 0.00032760933357770645
0.0002289487686362239 -0.0008176511986408741
0.00014129931731363238 0.00017215112692367431
0.0004843579215286955 -0.0008483362533763349
0.00023033693669281948 -0.0002427827722480094
-4.53602152111688e-05 0.0006332041465108033
-0.0004162737825119504 0.00043835624469099017
-0.000534575455285691 0.0002194405750201397
0.0007954009734763616 0.0008079223690442491
5.5907204015542455e-05 0.00018101283941134106
-0.0004772405590849185 -0.0013770818810669185
-0.0007124468846270381 5.930333430928543e-05
0.00028377282602810546 0.00024853289989930474
0.0006225763995400411 -0.0007349499659916041
0.00018217315064793726 0.0003833031005444692
0.00033082869605994994 -0.00035312504355984267
0.00023023493088150177 0.00016854684082910233
-0.0003762443952815873 -0.00036688534721679954
-0.0006558692691363879 0.00026163396361153133
-0.00015006959704466093 0.0003895302321978485
-0.00015838095740942595 -7.794654597694851e-05
-0.0004857514360660789 0.00047223984999945434
0.00011668341409700184 5.084079017123941e-06
-3.0384689393347387e-05 -6.497797174879546e-05
0.00011706680292217218 -0.00016627045310873542
7.593697888654718e-05 0.00017786212268025442
-0.0006644902805194566 0.0009011912182544128
-0.00029223712076228037 -0.0010564094367814516
-7.441266283887838e-05 0.0007354113410958044
-0.00011813243743231078 0.0002651467430054503
8.592785762096104e-05 0.001149600255773536
0.000641650218135671 0.00029682886562851235
0.0006744152423481649 -0.00048223607563739097
-0.0005954867807794512 -0.00044397940866400455
-0.000504042478434754 0.000437714947737836
-0.00016910283189007028 -0.0007087383883180507
-0.000403827511266267 -0.00013274917300670321
0.0007288455618359493 -0.00018678605246487417
-0.00026168006399976916 -0.0005708858299139565
-0.0004572276754931109 0.00036818818356812666
-0.0007980033121262695 -0.0005574684157584168
-0.0003441663211914467 -0.001245094814019319
-9.568309507485612e-05 0.0002870861313759974
6.339690471277184e-05 0.00029744974983370286
0.0007918036622877907 -3.859501912229536e-05
0.00032900584155593225 -0.00032213849370641497
-0.00042875416168240726 0.0008083006007695518
0.0008000642051885101 -0.0007236466280642592
-1.8350950552680427e-05 0.0010144111759268696
0.0003091284250071543 0.0004609346300897895
-0.00014884017179301747 0.0007668799120618815
0.0006170958245516501 7.510720966909495e-05
-0.0005348304997542314 -0.000141970199422796
-9.832903445537375e-05 0.00027946645647557487
0.00023771693119382248 -0.00010525578782530748
8.0808389869528e-05 0.00023474277095360903
-0.0005485292377924614 0.00011500883778881095
-0.0006106620106428946 -0.0002497103513539504
-0.000464176459630969 -0.00021717313807781812
0.0008056009542669215 0.00011981738548184827
-0.0006917488139125467 -0.0004700711336176741
0.0010132234981215184 0.0005138117764971
-0.001083981986493575 -0.00012086278126266958
0.0002912714023296712 0.0001458990927074387
-0.00024311610374949834 9.641200378395039e-05
-3.5154089211339456e-05 -0.00029835211362939235
0.00012693105363137811 -0.0007421497677327335
7.893584913512472e-05 -0.00048575369877645126
-7.55816863220955e-05 0.0007114698543392804
-0.000508525727290583 -0.0009261331323875028
-6.824895917617294e-05 0.0006623540661336749
0.000414827869553361 -0.00040124288793671206
0.0002321562235088412 0.0006900660260596653
-0.00022447006226507696 0.0004859694109476037
-0.0001239670650444056 0.0003949198811099004
-0.0002372754911730486 -0.00043607530247152516
0.00025993689946906466 -0.0010076885501409069
0.0003600381774838283 -1.5248791517886024e-05
-0.00035714026267118107 -0.0012432298990621563
0.0004595064966538259 -0.00037681654998529616
-0.0009374188457674592 -0.0005742030802456209
5.6722073544422285e-05 0.0005640153393020324
3.663195464192146e-05 -0.0010646680703442657
-0.00021311606711832854 0.0005142224284959543
0.0005391117614174101 -0.0004866107091393118
-0.0002376693858863956 -0.00043666550593255457
0.0007658765306216586 -0.0006340065506060587
0.0007319494782016836 5.7687074059761e-05
9.650627122669514e-05 0.0003307433689699623
0.00018678242559052585 0.0008691336641264138
0.0004212260726435379 0.000427728003368762
-0.0001723309550860288 0.001542969895631419
0.0005457190619500705 0.00038265720308220324
-0.0009291332902556369 0.0007432666740095889
9.133200943145072e-05 0.00015126493092732898
0.0001839575871560896 0.00041411012994669075
0.00047053761834224577 -0.001208730830770714
-0.00024317816717686592 0.0006718754902459988
0.000837942575541834 0.0009696516248775685
-0.0006262720322147217 -0.00021842328742777118
-0.0002809541568947159 0.00022723500365251352
-0.00018038337910287146 -0.0002988345425312629
-0.0008604474958710226 7.337044422375585e-05
0.0010011723322397284 0.0008365227282418955
0.0009371965456855713 0.0006259613779370916
-0.0001732112737822734 0.0005592957206756144
-0.0003185770242727129 0.000493022207678473
-0.0004142516321352413 0.0006117361747923296
0.00016735267005441455 0.0003584220436818879
0.0002546603225317307 0.0001287892553527049
-0.0001383144755659078 -0.0001532124407376007
0.001229694921977976 -0.00016766681081672723
-0.00015574854737886192 0.000612644698495342
-0.0008534500855140885 -0.0002370804175595897
-0.00022032255985054554 -0.00017478602782807875
0.0001568362617464732 0.00028435068196728484
0.0001362821955178372 -0.0002687677451514434
0.0006741323489700743 0.001041615490204184
-0.0004796370133754403 0.0009027655561283838
-9.012868047505936e-05 -4.952175192922383e-05
0.0010503089431878592 -9.318214585406254e-05
-0.0003642145032578092 0.0005261090455490546
0.0008020695200754544 -9.292151703064406e-05
-6.0327734202551824e-05 4.5224358715254684e-05
-0.0001653908186890381 -0.0005668835058680006
0.00031212760533300913 -0.0004556927610305773
0.0004136959508456752 -0.00016921269909597433
0.0004907121370726602 0.0004990448928536319
0.00010629362973971409 -4.541190115469942e-05
0.0004850383974078575 0.00018207326854600468
0.0004997658738114212 0.000240515550623835
0.0011130856747272853 -0.0009254108754494017
-3.1128598249328817e-06 -0.0003819462732108473
-8.561203185305728e-05 -0.0002633801693676563
5.388679933197924e-05 -0.0009186214374046648
5.2175451064213495e-05 -0.0004239682853856968
6.805420025548586e-05 0.001272524762289945
-0.0006932116359683511 -0.0006140456576334214
0.0011318441943919664 -0.0004983855689416854
0.001308865105189503 -0.00018971902385238866
-5.358985136146429e-06 0.0002182124114656768
0.000542309881013666 -0.00021672542869260195
0.0006019399183027252 9.030092212195507e-05
-0.0006472896980808824 -8.971688576577959e-05
0.0006844853361308216 -0.0001482940337262463
-9.731150587387227e-05 -0.00036700468984749855
-0.00019516532932273073 -0.0008474939186210209
-0.00020638615779684812 -0.000582798120813047
0.00019817151835585108 -0.0007957037795567852
0.0006138290548945197 -0.0003525507353476926
0.0003590239909624861 -0.0008553743586669335
0.00038609960532969456 0.0006509469229405209
-0.0011376390848865058 -8.096039469305555e-05
-8.532497760516973e-05 -0.00025927469160114374
0.0001938522219577097 -0.00027592372983266297
-0.0008432025903021944 0.0007459873242295922
-0.0002448230738726386 0.0003478215445327585
-0.0006662244706628003 0.0003416224900796136
-0.00036379031483685283 -0.00014706560364578653
0.0005604702760684881 0.0005863198111443975
0.00028516511970448253 0.000927862131644192
-0.00029601607604528944 0.00028014154055929484
-0.0008152528254812393 -0.0003356115626281856
-0.0007505222081171163 -0.0012632287772438983
-0.0016839272165344616 -0.0013129306453670134
-0.0015639942004566302 0.0001896364930135463
0.0006524104747600212 -0.0008869486684838821
0.00019954611031632147 0.0012311805326957561
-0.00026539311583047585 -0.00013407418911106023
-0.000495513303148831 0.0002575941010580585
-0.0003256147760282297 0.0008395178899850695
-0.0004023535837258632 0.00018348114955246743
-0.001741203947035779 8.314561964748566e-05
0.00031444886573418377 0.00028553430868696005
-0.0006953453925507985 -0.0004438665270217861
