2.902276389068182e-05 3.6040306149453194e-05
1.1300513428867848e-05 3.6551353451397636e-05
0.015667565311490134 0.022435897117653505
0.0007629955547574207 0.00010256706376126972
0.0011642227289144678 -0.00013518847581595934
-1.4709759737149913e-05 -0.0001698889011960838
-4.200826745844892e-05 -0.000371207721047319
0.000332357407736459 -0.00040167033294146907
0.00037855969199616707 -0.001656472933072357
-0.0003232812696559577 0.00019702662362914257
-0.0007002193008780461 7.606089784444425e-05
0.0005395647594671945 1.607834790685428e-05
0.00030574696452557965 -0.00021975780596018298
0.0003637789394254049 0.0005425444431841422
-0.00046974672597271076 0.0008338870505501757
-0.00039257113724762215 -0.0003772437794287199
-8.1552402600322e-06 -0.0005205554064954058
7.105549315913613e-05 0.0013718412812368454
0.00016630050834315303 -0.0009289984596615263
0.0007303918736241356 0.0017930840826580218
0.0004789769976480706 0.0005988107803505564
-0.001002484304554329 -0.0002718830384668776
0.00031668233181137703 -0.000558191533934094
-0.00019936023730645862 -0.0005987585538842482
0.0010818878821314641 -0.0002911800215278421
0.0003827985610449817 0.00013801140379213913
-0.0009179639439449543 0.0009305959020426501
-0.0005880531534734224 -0.0007959661170425787
-0.0007599370200286131 -0.000589025967261311
0.0002826356981476017 -0.0006376241297544966
0.0007891420036066533 -0.0007049109093903764
-0.0012348893235534246 0.00020592639013109835
0.00038640918602524755 0.0007349812761994195
-0.0009883237840472559 0.00016471180034509283
0.0007286960276659371 -0.0012530678336941665
-1.7855884545410087e-05 0.0003701588703810025
-0.001023669427057099 0.0004179436960788974
-0.0006022889592758688 0.0011521142570802632
-0.001220889086881413 -0.00010439452092642356
0.0002233058344145727 0.0015606248294485377
-8.916178045141742e-05 0.0004056068981933424
-3.500080405910584e-06 0.0004444592538228404
-0.0011079862372101407 -0.0009094584355794636
0.00010886660565078314 0.00047296146587799643
-9.582843358405751e-05 -0.00045615901137211265
-0.0007372700813009883 -0.0002752189648940465
-0.00038186661479478655 0.0007585824801933841
-0.001641626917884615 -0.0010726683924392483
-0.0005805666905511488 8.032757128854202e-05
-0.00017957907326462846 -0.0006916993829460582
-0.00022481213074890575 0.001858885931328102
0.0005429246096219112 0.0006569245380528879
0.0002517235213574264 -8.302477857279775e-05
-0.0006505029956950173 -0.0017448795579500555
-0.00021866936706520254 -0.00035000494864793804
-0.0007092141585880884 -0.00027534186029901716
-0.0008798430759271473 -4.673428082204516e-05
-0.0007261996856854782 -0.00035751212060380075
0.0003272212678980342 0.0013076802081884752
0.00017995896106976048 0.0007631636203338227
-0.0007783244215858266 0.0010770483418920235
-0.0013347090537508307 3.730897736795592e-05
-0.00019496657351547313 0.0007285920759682703
-0.0011005194737687223 4.246371027255267e-05
0.0007877101370372335 -0.0006961152576264816
-0.00071715892590844 -0.0007713106078855235
-0.0006299175285570627 -0.0006130930794915414
0.00027908031714362193 0.000260559613775485
0.00018749715740742985 -0.00029023433694382907
0.0005518031453060344 -0.0004078372020039212
-0.0005059869670545549 0.0016185209911033385
0.0003318835511237086 0.00017578562863592882
0.00023940693528304785 3.404240204075711e-05
0.0007733321031389326 9.421873403489984e-05
0.0006079540171163027 4.199099525412791e-05
0.00025874523796720654 0.0004755636368974456
0.0009969681589628203 0.0004017362001639178
-0.0007946351252817128 -0.0009425790155113943
-0.0007263042774796664 -0.00017055436437276694
-0.0005110089297047788 -0.0006491950154994201
0.0007653577030283124 0.00022808675795911668
-0.0005084343193040802 -0.0009570914470049913
0.0005124475849081368 8.902601880219935e-05
0.0003375583736326788 -0.00019120411762337257
-0.00045572246940893234 0.00135577153263521
-0.00037853299859282936 -0.0008092243395999252
-0.0010151037739805796 0.0005600148059487088
0.00017793442072713483 0.0011829680636600284
8.495765022225143e-06 0.000543626445385769
-3.744018946459596e-05 0.00021505231925826682
0.0002540708801507 1.560946680244769e-05
0.00020655554257296914 -0.0008869512029917959
0.00017239962760472728 0.0006642590222688058
-7.181668040258461e-05 0.0010481291564297843
0.001261633756532912 -0.0005598759034003542
0.00046826729673326006 0.00013549344104017903
-0.0006521970584873506 0.00022143846292226139
-0.0002053401523698107 0.001102396917295248
-5.6201950178129374e-05 -0.000569957841847531
0.0010050930112010966 9.880242002861589e-05
0.00033017991558225275 -0.00011177454197718345
-0.0008296443857000523 1.8493218615144112e-05
0.000544082668555585 -0.0001897686609136397
-5.879801992325258e-05 0.00031463490242566793
0.0005675789382343973 0.0006822332308767835
9.184346366257465e-05 0.00035704392238517283
-0.00029754676952005135 -0.0004770391051804391
4.553665836421942e-05 -7.184487336945607e-05
-0.0002860819153419968 0.0006500714279986567
0.001291525282111939 5.08821540633006e-05
0.00043505220097865164 -0.0001697504704800215
-0.00033520751469389364 -9.385783795399447e-05
0.0010814317209796337 -0.00010350938304740798
-0.001272674322501057 -0.0007369988114504703
0.00014012919010572919 0.000647079174688496
0.0002522646338314922 0.0005584788033710965
0.0010236068826497177 6.250060742277229e-05
-0.0008062560390536548 0.0003277844841550946
6.503463130917266e-05 -0.00013497404769719399
0.000625313381591349 0.00021686790094153466
0.00033491025322107535 -0.0004415968920359642
-0.00012395680594288544 -6.817507956615057e-05
0.00026291680969606337 0.00035753566357502004
-0.0006832109464376205 9.316129860871612e-05
0.0003091835991710833 -0.0002024734175005005
-0.0001403780022305078 -3.350539841798108e-05
6.388919429212391e-06 0.0004940833889174465
-0.0011412884751808585 0.00012919817830522892
0.0008840975876336743 -0.000566266997425953
-0.0001508222337014052 0.0005663364496800524
-0.0002710480865040124 0.0008172159421935772
0.00015402407201200994 0.0005075504991223881
0.0003935663079848351 -0.00012816713804082513
-0.0002658039520233694 0.000607213864199039
0.0005750525403118784 3.271735252887944e-05
0.0010501630647363727 0.0007036497938113565
0.00019929334116899867 -7.189861691564625e-05
-0.0009759280847855777 0.00020244940696605704
-0.0007386343185718253 -0.00026390061906207576
0.00010273420060257764 -0.0004516679566165174
-0.0011435792477298232 -0.0008453089945292761
0.0006171751592335531 5.0648903027743626e-05
-0.0004764094192322078 0.0005216522740168806
3.643474856564131e-05 1.943516172153044e-07
-0.0015883765746503035 -0.00012183804470924073
-0.0002766433242746212 1.4742203074403963e-05
0.00048644961454692774 0.0004084676382343372
0.0011071159920088716 0.0007609691726286549
-0.0007211875324706604 0.000304331879785998
0.00017325920578803564 0.0009655752108675943
0.0006863722744363701 -0.0003990200523347035
0.0004917064541882514 -3.509384813928533e-05
-0.00017691601772184412 0.0009272209788793891
0.0005211515467640806 0.0006905792398040594
0.0010903653512946976 0.00015120296340220195
-0.0003143183433099762 7.916837524860844e-05
0.00028732263066610935 -0.0007582178819926038
-0.0006748513037509276 -0.0004549197847184963
-0.0009157406423906293 0.0006375100336763194
7.742292206746224e-05 0.00031383534006613865
8.365142706322477e-05 -0.0002069119186957606
0.0003256821452893129 -0.000789650488735681
-0.0007751281630555742 0.000371162368188594
-0.0001820709879764494 0.0003422789770877958
0.0008751396884644889 0.0010904730014393417
0.00020082377233771216 0.0009225918726756202
-7.909376664695878e-05 -0.00011590344177952935
-0.0010268496367856373 -2.39887369755718e-06
-1.862753932797757e-05 -5.096606616314861e-06
0.0001573962354927812 6.725721983537543e-05
-0.0005306901147909905 0.0003265101421754254
0.001372068487453916 0.00027688641321793183
0.00048562998871946037 -0.0004857115488405305
0.000798858032588498 0.0001778512868754434
0.000663737614780458 0.00023177467487997444
0.0009720399035754044 6.540546402356927e-05
0.0005033101224882191 -0.0001891076576810173
0.0005787503094712188 0.000619876407858438
-0.00047216615969226337 -0.00021805627981351128
-0.00014944630465820816 0.0003706283616102793
0.00026514552188657144 -9.394224889792888e-05
-8.819496850399748e-05 0.0004637020451265883
-0.001198142535125453 -0.0005194409966788973
0.000699012768075427 0.000397843164395402
0.0004960326468844387 0.00020378823720889532
-0.0007812589848481372 0.0003460897029208936
-0.0009489899309724453 0.0002957466470317734
-1.5517015681192148e-05 0.00055898665492519
0.00012133445871960772 -0.0005768497769653959
0.0003613590641528866 -8.174723960855252e-06
0.00011604780720096777 5.896586893456982e-05
-0.0015770999382437635 -0.0003457306483280239
-5.8808178543735254e-05 0.0006786117851635067
-7.093533498422489e-06 -5.303360423066039e-05
0.0005788643216806485 -0.0005758072661879235
7.254236330576644e-05 -0.0010132054315386437
0.0008798426125182872 -0.0002833026267006638
5.683085279358655e-05 0.0003837131449448134
0.0003931938245457284 -0.000814159227262831
-0.000167839660034042 -0.00037248357876782046
-0.0005776417180252036 -0.001002342802636221
0.0004513763520773045 9.068420110866131e-05
0.0012456623233416373 -0.0004062501466554296
-0.0008134038124268697 0.0005619866234595074
0.0014564364284631692 -4.380509918655552e-05
-9.847801719574575e-06 -0.0002650985024580583
-0.0006362569922673579 -0.00012213976765002675
-0.0001352877697321078 0.00025983256799050065
1.5529217494293734e-05 -0.0005942062158796216
0.00039194641767025684 0.00011491534700322937
0.00014643034564133813 -0.00010341811796638324
-3.1281274406475374e-06 -0.0008165604195112171
-0.0009485308266869835 -0.0006917539725907633
-0.00017150180776619628 -0.0009326194756377004
0.00019446002611548554 -0.0005494074299671958
-0.00013643333249011266 -6.514102828063271e-05
-0.0004594744538387219 -0.00029264946412704113
0.00029108871226778815 0.0003233625199040122
0.00022139785336091768 0.0002343070633207518
0.00100017010050827 0.00032062384325629777
-3.2554997563603086e-05 -0.0009814990554661764
-8.560742689769984e-06 -0.0009018800788617783
-9.834435131090636e-05 1.2354603210210669e-05
0.0007430766463874291 0.0007703078550896889
0.0014344026004251577 -0.0007433061913081503
0.00034187115047582336 -0.00011514585524999474
0.0003364621703150895 -0.0016470096729318433
0.00020251335535217106 8.379971272452504e-05
0.0005860471963942696 0.0008592726091115077
0.0005620315656208019 0.0008691712335229102
0.0011601235055610742 0.0007963183032620274
6.06489556590923e-05 0.00041906565628483045
0.00015320433805424217 -0.0004673946085496989
-4.4880868201956925e-05 -6.0918578061485596e-05
0.00035032629713914703 0.00010210805676933552
-0.00019295885584960813 -2.307830864355918e-05
-0.0010577581124117687 -0.00022683420272178665
0.0007163250336921362 -0.0005659820331440143
-0.00015696644799735086 0.0004618092539245005
-0.00016594954395731472 0.0002729159438680172
0.0008349603998924427 -0.0010859906607195555
0.0004009037855724204 0.0006652340009851135
-0.0007329041822537822 -0.00040973060746368804
0.0004815207663696107 0.000453852153318045
3.0275192183274016e-05 -0.0001571532677759692
-0.0005569596290817554 -0.0004670706119128159
0.00014054986928304646 0.00036514931462405575
0.000183370959291751 -0.0004141988292970138
0.0006203033017729573 0.0003510606401980707
-0.0005373465187598165 -0.00035525085733498695
-0.00030281489091028206 -0.0008377387053362792
-0.0007797395311995611 0.00035025744910849424
0.00032400738810656584 -2.8376720629489564e-05
0.0013780040858898488 0.00013146433286230882
0.0006252002754070512 0.00025934328025026574
1.910863642349185e-05 0.0007381140130374917
0.00044050030781408507 0.0007618007320209998
-6.991747185044411e-05 -0.00013056394601301883
0.000145939067678281 0.0001686338870278734
-6.472598887723317e-05 -3.231076464649068e-05
-0.000793456601448206 -0.0011894836120044001
0.000188343001283143 -0.0010745266653160407
5.774641877761732e-05 -0.000144893874470317
-8.217558564514176e-05 -0.00061099261377518
0.0005924258615209291 -6.69709756600069e-05
-0.0004175981166164865 0.0002138682751619968
-0.00010260513728535081 0.000690460619008086
0.0003387531024099301 0.000887249154076227
0.0005486579758794593 0.0008552450678865346
-0.0005014512412020004 -0.0014835244461082861
-0.0011004809953968427 0.00010632881519577517
-0.0004968374667346568 -2.0837582826804583e-05
0.000743046095658851 0.0006054056509326802
0.0009683228341442465 0.0002099731115981214
0.001317717124187255 0.00047929286763294534
-0.0009410975506244973 -0.0003089389083901907
8.735155328293588e-05 -2.412945359746873e-05
0.00013908612790032278 -9.065180203967478e-05
-0.0001896143594295014 0.0003910248306482368
9.18288302253175e-05 -0.0005191854661319851
-1.4672828801896897e-05 -0.00022906824696119896
-0.0007092967504292128 -0.0002700494225262809
0.0007527660155243244 0.000543853591503948
0.00018662892882898496 0.00015464534716146455
0.000466767446652432 0.0005639141398306719
-0.00022054869280123537 0.0006224433462750237
-0.001124207777088312 0.00013602735967488668
0.000276337344618507 -0.00021146488696550513
1.6298144041471495e-06 0.000382299219151484
-6.042921246921152e-05 0.0002190925680644599
0.00032017937476448493 0.001074107442997378
-0.00017519590587602055 0.0006315935329311953
-0.0003556322192426855 -0.0005792158742401702
-0.0007966136988922237 0.0010481456381181064
0.00020339117487751392 -0.0003491983207200447
-0.0004294188534291467 0.0002553811291789584
-0.00027515345458530634 -0.00037783302655762106
0.00044381340852035626 0.0005637805104128687
0.0005697639151556749 -0.00010156558107135199
-5.6012874202082304e-05 0.00018395417349529087
-0.00011659924299381708 -0.0004503988072571976
-0.00038911105881409876 0.0001460269678802997
0.000379404481037129 0.0003534617275435321
