1.8780212083634237e-05 3.292168181045129e-05
4.227798503120389e-05 5.002973109766047e-05
0.013667562123125318 0.01721774256322617
-0.0012397197068155588 -0.0005475628675556148
-0.001294222690500921 7.597445869392566e-05
-0.0003143539794832182 -0.0002053056729178682
0.0005708225155779699 -0.0005544479959762652
0.00034626967438313724 -0.0005256382994929669
-0.0008102950129024822 0.000355962816432291
0.00044073129891778243 -0.00018411209141317524
-0.00025034847096967527 -1.9521724191788326e-05
-0.00043696787679448556 -0.00040066033560605976
9.97806678418121e-05 -0.0004949095451747045
0.000198122562544639 -0.0005661862691701569
-0.0003840070342860155 -0.001200283221045328
-0.00031331189973220143 -0.0006630009727763402
0.00042375698320957513 0.00019833049331534016
-0.00035923966280998606 0.0006064631686642659
0.0008065762107838152 0.0002906314746877578
-0.000818478030836841 -9.87798818198471e-05
-0.00034242073190255263 0.0008587385956580553
0.00023015045355593032 -0.0014161336690847268
-0.0013123510047372967 -0.0009025964907398151
-0.00017901141671874504 -0.00015965702240183788
-0.0013006810117275045 -0.00024610623111032056
-0.0010424418143457528 -0.00013792203350811692
0.00010541840134036922 0.0006950248333626802
0.0004873962901193206 -0.0007914231757676834
-0.00029657575667722233 -0.00042930496902173116
0.0009618974693126598 -0.0006430923685653284
-5.785291269043035e-06 5.092548318273412e-05
0.0004037629914854296 -0.0005116349486916454
0.001406124945809256 -0.0005634755262777728
0.0003225593564606948 -0.001185727071472657
-0.0008150029841700071 0.0009327158952319015
-0.001317007657100456 -0.0006576015955159222
0.00037878921439522703 -4.6369868301326215e-05
0.00030824461461137405 -0.0011434684260655744
-0.0003215883477111487 0.00019487462894771524
-0.0012315719965668068 -0.00041608170979112876
-0.00014820914849077293 -3.556075940908379e-05
0.0009106039192259502 0.0005470644663386609
0.0011509039853125121 0.00023260552069240384
-0.0005545988040989153 -0.0002437789935866473
2.476479722317341e-05 -4.206789338670289e-05
0.0009128919936782147 0.0003990935402823467
0.000719133780860096 0.0004760196734291589
0.0001841679974256123 0.001096347169626256
-0.00022480034837994915 -0.00040612162612945667
0.0008370992255358788 -0.0005392071930256088
-0.0006785059032023269 0.00034815076617605894
-0.00016311281261101473 -0.0013055442947564751
-0.0002862347079914395 -0.0003680717213595256
-9.63563811321359e-06 -0.00048340531797193184
-0.00031986108710208125 -0.0011107407360584096
-0.0009384788480582064 6.085656831137568e-05
0.0006672907650691171 -0.0006915895744486662
0.0004279188539160843 0.000220732843285355
0.0003343262312488079 0.0002564284880290027
-0.0006640159723518573 -0.0006605914159355115
0.0009717619411276679 0.00027406839931406676
-0.0004492583440760789 0.00014126505933752522
0.0003688542827931221 0.00039485734272984524
0.0010055396787134326 0.0006559920467063041
0.0007284377097282182 -6.54026782737427e-05
0.000393003534401735 -0.00014881627620339053
-0.00044692450769904217 0.00031496726263668566
-0.00047667842262229547 -0.0005447206708520972
-0.0006787473104401891 -0.0008319025811885403
-0.0005006222797671017 -0.0005611451793350656
-0.0005321003008017919 -0.0006939119802044838
-0.00017038810925285207 0.0003689774682075956
0.0006416847888839532 0.00012512134337704737
-5.355783951883604e-06 -0.0006723773431263141
0.00015806143715996112 0.0006028384947109704
0.0009564349458732648 -0.0009460733938056007
0.00019986313155612894 0.00038009095187033334
0.0011131293707464759 0.0003954148635600477
0.0009600872672710883 0.0006313144126120554
0.0011132791738200556 0.0012858486012792135
-0.0010052483704321698 0.0004991765246287273
-0.000498950195485624 -0.00032610261544558126
-0.0005464928565231383 -7.983784835502958e-05
0.0004976974280230066 0.000901556622496053
0.000992894695355763 0.0002620621590785027
0.000253499003595562 -0.0009192955503529247
-0.00022478787908400806 -0.000983615073626952
-0.0011667880455735848 -0.0003931397373628819
0.001079428159033525 -0.0003833725969004636
-0.0023472640552815727 -0.0006815130113657023
0.0006572996382321949 -0.0007899116123207854
-4.3731744521279086e-05 -0.0006570259953830838
-0.0015065206911661605 0.0006553065728802371
0.0007837771246422959 0.00035089782423933187
-0.0010620561021017123 0.0004467144666558164
-0.0009867640359559138 -0.0008701636979312265
-0.00042473765414175954 -0.0003342168455347641
-0.0007433670974185203 -0.0008153190852962898
-6.479590625755926e-05 -0.0008063103779772997
0.0003219350130652346 -0.00029287802010437644
-0.00048363297278727533 -0.001153286966780844
-0.000197071965666549 -0.0013133304796681133
0.00024526293509222305 -0.0005988928693486178
0.0011820230487048142 -0.00027065428207525947
0.0004107807373921063 -0.00047232884988987006
0.0006594561234028109 0.00020816251644695374
-0.0007362025901828598 -0.00029629798281146974
-6.762371397869137e-05 -0.0003384530275524884
-0.00021309729405291885 -0.0004923157573766109
-0.00030339995209347674 0.0009307892214637694
-0.00026651286013225486 0.0002694062516801029
-0.00023095264862954467 0.00012280066941982204
0.000674569849720671 0.0006935524160984489
-0.00044462590261542487 0.000472038099559843
-6.928440458945146e-05 0.00036848311076385004
-4.413650173693738e-05 0.001197037504062755
0.000761872406708491 0.00020239689594989905
-0.0011954694107949668 -0.00011320154147539678
-8.351950372495644e-05 0.000331165543185951
0.00042796907199128765 0.0007469390620511749
-0.0006164964861636486 -5.576880086110646e-05
5.984936881812615e-05 0.0002595022874103734
-6.879634211577782e-05 -0.0006985740225938711
-0.00014999575968538257 -0.0006146543108851376
-0.00020053019482035048 0.0005586974047397756
0.0005323070536722975 0.0011051640331963524
9.648147987728781e-05 -0.00026225156583126365
4.037228854445537e-05 0.00010552952277978207
0.0003160036762209649 0.0011158390074026275
0.0002598468505625614 0.0005559129163581232
-0.00029604390247489387 0.0002766231777430094
0.0004149642588530243 -7.309062739007084e-05
-0.0003663445962531617 0.0002713445857503124
-0.0006331566277042834 0.0005236232704884763
0.0005077726509506116 0.0005743098429461559
-5.5533943942974524e-05 -0.00030387653726997175
-0.0005012072063772051 -8.882757217083294e-05
0.001180652140319139 -0.0006559590429391728
0.0004162385289037124 -1.0532391120247448e-05
0.0012466749514767194 -0.0005201014130914144
0.0012283381923489137 -1.5091345469395145e-05
0.00046106212903539574 0.0003596531984720166
0.0007587571128386669 0.0001287453016122193
-0.00019278449217485145 0.00028949874401476805
0.0005818212059258024 0.0005373459911480009
9.149874382862563e-05 0.0003727712395410031
-0.0012325326321544889 -0.0006510458191741392
0.00031203787113543997 0.0009408237271297213
-6.897192044779412e-05 -3.0559827174659575e-05
0.0004617607368330428 0.00029504711884369573
-0.0006662289110327098 0.00030155629632216084
-0.0003157074074289121 -0.0006869497974066556
0.00031909450918784615 -0.00033687434578479986
-0.00072167869588916 0.00028191458739559134
0.0003610782481617831 -0.0007259851511175987
0.001317030082758708 -0.0006451677009963603
0.0009481319851740545 -0.0002126604972989238
5.856143593529478e-05 -4.756124252015104e-05
0.0007990928832123174 0.0008354081904959255
-0.0006014040379098498 -0.00041424729847268344
0.00019139789439778204 0.0002992162116837495
-0.0004640024836561694 -0.00026654299604287013
-0.0013754948566904177 -0.00035036148394586547
-0.0006671224552189138 -0.00033591970606308756
0.00027934801096370104 -0.001129585565713512
-0.0003892827880817679 -4.375669981180638e-05
0.0001622292240852257 -0.0012597269287031288
8.729224229332094e-05 0.0010837187555337543
-0.0009228929627288116 0.0002980727075861661
0.0004354482889123781 0.0002755968358601098
-0.00017661170779943798 -0.0001501852775962288
-0.0006729041499444285 0.0005311034597190789
0.0008632888017895718 -0.00032460186448459474
0.0005192953153123312 -0.00013474439502260237
0.00018391549326461548 0.00015115540297654497
1.6891930364017754e-05 -0.0005782094991937804
0.0009953176783356766 -0.00019716028901284972
-0.0008872233982995085 0.0003498287492444854
0.00022442841972954573 1.9698674185957146e-06
7.041939136997114e-05 -0.00014762056810067246
0.00028536009539675426 0.00039196254062196553
-0.0003600353691406706 0.0007500907407816334
0.0006693290057252912 0.00085198290707198
-0.0004829066950524702 0.00047865561396395924
0.00043310479593442483 -0.001338957523900372
0.00016635005392947897 0.0009170612242071224
-0.00022405450398819187 -0.00020220047441038813
0.00017226982943384614 0.00034715771217751825
-0.00016177707723072203 -0.00021910953864288173
-0.0002851632890434265 0.00026065931716864134
0.0001793111906834828 -0.00023997123302848346
-0.0004403111536803326 0.0003632499334079008
-6.331294205643356e-05 -0.0003044358624968739
0.0005789813859540858 -0.00020088306417806174
0.00017223060378427572 0.00012370406587324613
-0.0005327568302064174 -0.0006198360997838874
-0.0005637064504726666 0.0007224832734111426
-1.4934441929565103e-05 -0.000877256584423011
-0.00023414756348287126 0.0007628305533600259
-0.00026272978747039576 -0.0003404942616579807
0.00030609435331655486 0.0001301590440109918
-0.00045216886256534605 -0.0004451831106887228
0.00020454079215863693 0.00012589570814737738
0.0003392047793532641 0.0004357393062760178
-0.0002987100524492531 0.0004366473228112483
0.0002932380669517662 0.0001861638624754002
9.617229239394312e-05 -0.0007563460929870247
-0.000832545402374182 0.0005931636999182027
0.0005185078082209753 -0.0003067110241404606
-0.0002032955600896117 -0.0002886001734432872
0.0001803271839826952 -0.0003697490153196268
0.00012125175572327487 -0.0007858115962682248
-0.0005835650844303272 -0.0002515763798998217
-0.0005930094560242249 0.0004665482437426641
-0.0005410962738039128 -7.639744338684185e-06
-0.0006966584811854436 -0.0006279452328931486
-8.296375323812523e-05 -0.00040281512916606874
0.000381635088472163 0.0014726448713639718
0.0003508327060941905 0.000338838286697669
-0.001386583877501552 0.00038993780545210093
-0.00014913956734618973 0.00020679655771974775
-9.262429037757536e-05 0.00017101481558111391
0.0005967728890924227 -0.0017876319636767803
0.00023406888344733098 -0.0010646697632333791
-0.00021383339165948265 0.0005634403989224887
0.0007706127444124929 -0.0011727660944608623
-2.9002660969456693e-05 -0.00010821211858474741
2.841737954652954e-05 -0.0003381720950532503
0.0004234724301112133 0.0003458386753029837
0.0002999295108760853 -0.00032523083766110056
-0.0012201977695098475 0.0007387856639951774
0.00048552597071935385 -0.0005229886222008912
-0.0004387990859838564 -0.00028247651917866787
0.001252676703173986 0.00048791688488732256
0.00047456856634363543 -0.0007789935359627433
-0.0003719146324613083 0.00020019458564559121
-0.000185795693823342 -2.7173514917415176e-05
0.000669073127568281 -0.0006117481072099045
4.905158337669396e-05 -0.00011379687866206544
0.00048410253200047604 0.00039796712633870555
1.1864384386026727e-05 -0.00022863128691154864
0.00033034507679207927 4.7321872881993956e-05
-0.000222129514120878 2.5085087056817594e-05
-0.0005559200524790611 -0.0006820429713519999
-6.934603954236576e-05 0.00010332858030836721
-0.0009084728263520464 0.0004984722983913644
3.362223269497175e-05 -0.00025143824072493124
0.00028257661182237535 -0.0008987662370429915
-0.000879480347181616 0.000787209739757034
-0.0003284034693309354 0.0005364116369790343
-0.0002669580545427647 0.00048477782289702893
0.00011638903420679598 0.0001995846837700351
-0.0009023168158942835 -5.890654533164118e-05
-0.000821285211829279 0.0007340655631152194
0.0003429115746976783 -0.0004481727291421005
-0.0001918443370622203 0.0007312601972985775
0.000542359910866653 -0.0004150844306016387
0.0008785915902773842 -0.0003897120444692602
0.00020227449949791808 4.467149511044152e-05
-0.0003084261277930528 -0.0003890871659520784
-0.00040757848047276777 0.00019352159398383452
6.839706134368015e-05 0.00018987761186656745
-2.357056499515182e-05 -4.715494845019989e-05
0.00040229833883614945 0.00039971404079784396
-0.0010536897222770355 0.0002612570293559936
7.218820539661684e-05 -0.00013183404711331883
0.0003092944618833424 -0.00041103584734374364
-0.0011121191071942862 -0.00018006885581717824
-0.0011019319088130715 0.0003423083334534368
0.0006301048556411226 -0.0006295575426877534
-8.368852013681803e-05 0.0008882211781265066
-0.0010240176097048006 -0.0008742489882953959
0.001522758009998787 0.0006330129396089346
0.0006302783150208161 -0.0006411814444566859
-0.00018095154185703236 -0.0003769808761629199
0.00013079608652758905 -0.0002528692001610578
0.00038201699791408594 -0.0006005839594756386
-0.0006239177561374047 0.0005032924411102229
0.0007438358672363922 0.00012957466425175994
-0.000449049400174238 0.00013232538127630188
-0.00030956043512935096 -0.0007437011014857464
9.256474666267303e-05 0.0003729554163841181
-0.0004269376246632968 0.00011547645972210071
-0.0010338991692411766 -0.0009850209533138693
3.585409834625864e-05 1.4649927427269379e-05
-0.0009472947847113035 -0.0010413236734704253
-0.0001521208163021521 -0.0002283727727768444
0.0008481917566760349 0.00042340681265606677
-1.5731790112590516e-05 -0.00014715338567085955
-0.0009240882355186468 -0.000495564913518152
-0.00020459514657292187 -0.00022866785298515234
-0.000140028867155559 -0.0004534386868402621
-0.00012294443205120777 -0.0007545513877867013
-0.0004430416215809393 -0.0009453523824742792
-7.335626506738806e-05 3.4261294088204133e-06
0.00018075957917007915 -8.42064438895608e-05
0.00023754127759318503 3.847104409580356e-06
0.00028623744270815996 0.00011810560777375943
-0.0009602534233763349 -0.00017301142759022117
-0.0008459103723780863 2.1760254507844273e-06
9.982990063877844e-07 1.7071913852579645e-05
-0.0006567368136657808 0.0005067719309272625
3.899946605667225e-05 -0.0004288896906366776
