7.496235687320462e-05 5.5570556125956705e-05
4.511988767715652e-05 4.557402761383795e-05
0.02048942786742411 0.023525258040830246
-0.0003070468909527043 0.0006778432275670895
-0.00042656868591857633 0.0010074027639653846
0.00047337558288754883 -0.0005182507359098364
0.00026263609113965405 -1.2411653427783509e-05
-0.0009792093700967714 0.00018897908955684114
0.0006308006506905615 -0.0003946505684437367
-0.0009300916322588734 -0.000865382989371429
0.0008221215435996144 -0.00027101065885833505
-0.0008635462828089246 -0.0017750876151616138
0.0016881234506117338 0.0001940489592809781
0.00031130354551517277 0.0005875069174679637
0.00018459402161858792 0.0006483214529505434
-0.0010156831603383599 -0.0005194078116729203
0.00011230615580709412 -7.68766066119585e-05
-0.0004998114823708068 0.0012533276090044296
4.401221950649787e-05 -0.0005575743112237841
-0.0011476552401358331 0.000810060260396937
0.0006148231214512817 0.000765861984496992
0.00048539815642389316 -0.002061948366264174
0.0009845722290953663 -0.0008274634014734608
-9.968074264762014e-05 -0.001106540182991339
0.000765904243278868 -0.0009103141103130106
0.00023703467018190455 -0.0003605113421095773
0.0011049167370981738 8.422297948728873e-05
-0.0008570167948888614 -9.498038250708658e-05
-0.0002241809935502402 0.0002084077424228048
-0.00048444303654619796 0.0008179127997529908
0.000719704988092493 8.577719138572823e-05
0.00022147748081864364 0.00011879535232388456
0.0011055699884042068 0.00021049868389106006
-0.0010066994624047415 -5.625763219485703e-05
-0.00035629045874470254 -0.0004745720568756054
0.001345931423147756 0.0012295617552371245
-0.00010342851721724732 -0.0006774128071101109
9.36529854078554e-05 -0.0006535502147985974
-2.1709596701314117e-05 -0.0003442818071561025
-0.0006905220178089452 -0.0010734688796793692
0.00024559952092863133 0.00020813406444018603
-0.00016502374655748948 0.0004450181219673132
0.00043472155249494514 -0.00012564421855282154
-0.0015616592440114154 -0.0005151418501037412
-0.0006369064863465391 0.000875710199091245
-0.000721207345631813 -0.001153131607132214
-0.0005544309232262143 0.00013049134584701698
0.0006585277922283127 0.000886271958978006
0.0008327706761602037 0.0005590949442919333
0.0005147381949221293 0.0005298491703299204
-0.00030602945378545277 0.0004795441380815171
0.0008117924909340937 0.00027093591726021324
-7.675937850936478e-05 5.406611615736743e-05
-0.00013042825532747122 0.0006972808978173224
-0.0008388124104050499 -0.0012072718265358736
0.00069219718540223 -0.000989744011809085
-0.00028062103161749974 0.0004921878387644247
0.00013088005704993096 0.0010933276294471364
0.0008974206851004473 0.0010221912007916966
0.0004211952239395944 -0.0005689749832701673
-0.0003986769580618964 0.001194820125025616
-0.0003473710158328099 -0.0013366449376841511
0.000376384195237764 -0.00038748196571619463
-0.0004214101148044201 -0.0003641603794482247
0.0004869993497571602 5.132634706235765e-05
-0.00023253082288983909 -0.0011750636043042632
-0.00015765763890805877 0.00016689925642669048
0.0009205644337391095 0.0005961055671831738
0.00017058619555080054 0.00020556959253285471
-0.0005553559629332237 1.3616887333007176e-05
0.0004716478854066115 0.0007326174503694922
-0.0010472211541390254 -0.0004441455151219618
0.001009648014216973 -0.00039917562020459974
-0.0004673369355717222 -0.0006289032404168178
0.00012903534690104917 -0.0006130434277867314
-0.0007127263778672832 -0.0004917592410721072
-0.0005676185825267986 -0.0006281048345349498
-0.00040209183765725973 0.0007313111864896459
0.0003136381693329199 -0.00018656389788206812
-0.00013870659120654525 -0.00024052007904530462
-0.0001836850233270357 -0.0014339633807973397
0.0007430704845467676 0.0011332325457733105
0.001126592338940292 -0.0005825887813435529
-0.0001332096052466105 0.00010012222443950287
-0.0013697627438576173 0.00017070186176737815
0.00019450866546072215 -0.0002013608534653154
0.0005615993143457257 -0.0007942380515159809
-0.0003219367096554499 0.00045712278231807845
0.0005656919288138465 0.0008063292412257925
2.630565668579609e-05 0.0011555188674701267
-0.000816103339790002 -0.001511070770901834
0.00021954141677158018 -0.00016504309348574033
0.00028462041054247347 -1.640008138827168e-06
-0.00017020827549923603 0.0008151112151871878
-0.0007775692184669572 -0.0002117126220456288
0.00043374661707826397 -0.0005023496422104929
-4.4756186603778846e-05 -5.25974401682613e-05
-0.00030224175135545487 9.45391168530412e-05
-0.0005824708417457452 -0.0005986820535344831
-6.896459656790986e-05 -0.0011121092799098518
0.00040649581934369325 -7.978677060314129e-05
-8.428866655801532e-05 -0.001017215832861272
-0.00021984664678683795 -0.0001285305560375247
-0.0003425150246792976 -8.383936557012667e-05
-0.00017507142471936943 -0.00020699661975139935
-0.0001361274502341998 0.0005437756383798914
-0.000305497189272944 3.388414204416531e-05
0.0009493838984173351 0.000325248285999036
0.00055457098947422 -0.0008487690297210905
0.0002780327290673115 0.0010227391372530585
-0.0004559988585721518 -0.0004040905551311318
-0.00043034375999007496 -0.0006127053462408971
0.00021916014746851622 0.000243673533155373
-0.00019875095910532942 -7.691606031347785e-05
-0.0002561783315032794 -0.0008042996401790634
0.0004300086580791159 -0.000553955950926147
0.00109602252866158 0.0006034279922463669
-0.00044773745526964655 0.00016855358399791868
-0.0003865888997102951 -0.0007280641225940579
0.00031678475010799527 0.000726649936675506
-0.000872144727838439 -5.022819939660174e-07
0.00038857066988418906 8.586773629588372e-06
0.0009660767646403901 3.94368342159883e-05
0.0008428546271728085 0.0003198144926090312
0.000319698969111296 0.0009872346451412892
0.00044680488407807184 0.0009863831324348875
0.00018559897343734433 0.0006228908593598532
-0.0005712731476075818 0.00041380041378289616
-3.804607347862101e-05 -0.0002600678934676565
0.0004933580013493189 -5.743396034732358e-05
0.00038273177477510066 -0.00032544890438648643
0.0004631390160372041 -0.0006240426775353278
0.0005764414363068297 0.00036695411109557134
-4.804757283105775e-05 -0.00012875853898704383
-0.00036923261461891283 0.00026183653731275423
-0.0007146384622318034 0.0001375710826148943
-0.000597987601841112 -0.0002928596831785919
0.00037456612638849765 -0.00023054741741396624
-0.0006877483439482183 -4.2906178408684357e-05
0.0005127160191705439 -5.104840405063e-05
-0.0002335276178798857 0.0009138949170924891
0.0006468168611163853 0.00027296383139585156
0.00045042228414958035 0.0008234898349664272
0.0008377057904350461 -0.00028277697825795407
-8.714625659386655e-05 0.0002018107473135086
0.0006710930054481139 -0.0002613411966935913
-0.0007185296140179909 -0.0008832139472005894
0.0008147735708700154 0.00043311492307380014
-6.34206840998852e-05 -0.0005000600018358558
-0.000982177854003056 0.00044308808732925495
-0.0011176881937594954 0.00036442391493129035
-0.00031526214105628055 -0.00011432254994599741
0.00024313313110613631 0.0004073398926038126
0.0016836521284356802 0.00031429345218278313
-0.0003694375299614237 0.00028044803796458247
0.0005126047954465943 -0.00047606608303213806
0.0007112738891558581 -0.0012151425465030854
-0.0002615086773526601 0.0003648342274452039
-0.0008194354169360997 -0.0011224095827665158
3.645077447961525e-05 -0.0006829051620883781
0.00021557743330506842 -0.0016060387340526134
0.0007934904400543554 7.2954671848055176e-06
-0.00018846810525229086 -0.0002679345371016091
0.0007636636087216609 -0.0002715513938141103
-0.0007594222650885295 0.0004841797775372095
0.00018461401977716696 3.121761463483281e-05
0.0011232590241842424 -6.941323055241412e-05
0.0002707359944465745 -6.934845189238532e-07
-0.00017208338531273805 -0.00010409487825457319
-0.000253905872094186 -0.0008348044401646615
-0.00031711493298340637 -0.00047930417515466183
-0.0003373207735784946 -0.0006036025488344054
-0.0005808741824566709 0.00020783265066761449
0.0006197444614235571 -0.0005195624413190268
0.0008022755149870455 0.0002333307440502195
1.149091685255486e-05 0.00020243502196849475
-0.00012977410356287546 -0.00013842339402187533
0.0003423017593093269 0.0003282608209458102
0.00016288881425585876 0.00023701240215652508
0.0004907132285249638 -3.984030663165838e-05
-0.000991313312693754 -0.0006477372532001219
0.00034051228380274255 -9.339269426027483e-05
0.000588334128161931 -0.0002022599340229768
0.0006169960944875717 0.00024204604801169485
0.000635947335526007 0.00033578907564527836
7.118583906030201e-06 -5.530343561031132e-06
-0.0003269749615685519 -0.00026823969555006473
8.038218645236886e-06 -0.0003184160087066673
-0.0006138833177642651 -0.0003173002849796885
0.0003660536388468658 -0.0005664330925486107
-0.0001536420014947942 -0.0003915926164621457
-0.0007605260553265128 -0.00039985094202360006
-0.00034130789705988243 9.622408805668201e-05
0.0002873857431982154 5.3628256705760085e-06
0.00013457870196245677 -0.0008782505416356815
-0.0001996171247669319 2.5561969361904258e-05
0.00020559271941152714 -0.0009871777991623137
-0.0006202456255992035 0.0003331394400340067
-1.2811893900546836e-06 0.0003279730191951791
-0.001262996020632552 -0.0005036070747147116
0.0004518904982246314 -0.0006410067475200956
-0.0004305234225932925 -0.0005453525124299204
1.3618718657678469e-05 -0.00017362499539790816
-0.000393578776875987 -0.0011889914119444709
0.00037136428008747747 0.0007120479005405708
-2.3881481621622887e-05 0.0006462253475075051
-0.00019507824969488324 -0.00026817352635733665
-0.0002942483680551789 -0.0010250001850036878
-0.0009523292323183258 -0.00030989953700376435
-0.0005587587597655164 0.00032549626813859004
0.0009126446521647315 -0.000370054640168323
8.933423888560683e-05 0.0003326693669129234
-0.0003977278657864413 0.0003306443570383212
0.0009870017626720424 -0.0009955403516238338
0.0004424746731802825 -0.00016370854810703183
0.0012010987184640396 9.208040022216553e-05
0.0006866015903237037 0.0002701917592525276
8.202928586060572e-05 -0.0004728560768547654
-0.00043209922474807613 0.00048782254989010655
-0.0011185674111497343 -0.00020182111857556308
0.00042804069083612504 -1.409282084817903e-05
-0.0006902344391653067 0.00012594816574633392
4.014483759272413e-05 0.0004373996009978672
-0.00015502503178126183 0.0003922570892527026
-0.0004031814645693332 0.00011770291587100052
0.00038440669343864424 0.00013158164574505004
-0.00012126260751321052 6.068561048094143e-05
0.00030261639159002914 0.0006529949215490804
0.00031582599130186475 0.0012498586119571817
-0.0009056486891798154 0.00024563382966107583
-0.0001305645281232304 -0.00029229505919991394
0.00023282092461744048 -0.0010076155364451432
5.013888063418967e-05 -0.00037446868610160406
-0.0003415599014999028 -0.00022583612715221227
0.0014474160724062095 -0.0009339803584967082
0.0006873547434882272 -0.0006081698559315007
0.0011471952579647255 -0.00038593067544249456
-0.00028978066043505566 0.0012268389961799639
0.0009639814958185243 1.2044626256560953e-05
-1.727009344245084e-05 0.000567541486535693
2.952603879158678e-05 0.00036502658063822393
-0.00017852298361998618 -0.0003671654324124144
0.0006732015991601604 -0.0007676936634613195
0.0003683826004131799 -0.00032212787017807073
-0.00012828482241613668 -0.0008093206365621836
-0.0004908744919831291 -0.0005452792848021793
1.7808199739637993e-05 0.0006068198635993827
-0.0007456760440171563 0.0003966314093741444
-0.000996702903059549 0.0010312811806991895
-0.0003259537865232758 -0.0003372332746020294
0.0002550713571974485 0.0005133943955945642
0.00021388424842631805 -0.00017526903998545728
0.00042754752750276436 0.00018826388026368923
0.0006737683229828481 0.0009066127447537218
2.9587199921855573e-05 0.0008978763264473337
-0.0006077997913516261 5.3749266182860215e-05
-0.00042017497397490056 -0.0009078452266372931
-0.000399992797274703 -0.0005765484253404494
0.0008567715308412052 0.0010039844512714322
0.00017080399016000203 0.0006295035881086659
-2.2610399947483855e-05 -6.120272890998414e-05
0.0005959508844754346 0.00025288036095721196
-0.0010439270538575868 0.0007226821429972109
0.00020183159503702695 -0.0007625884677365
0.0006407119376099439 0.0005713913637945176
0.0002063825411185578 0.000489602363696189
-0.00028508815360936434 -0.00048637228886860677
0.00022358386027781976 -0.00011955334202390955
0.0007903602657729604 -4.464869190910869e-05
-0.0006541109696345746 -0.0004705577733203652
0.0003367146472274301 -0.0006314917614665236
-0.000460513736727703 -0.0006290963333454259
-0.0012625545728891744 -0.00039413280953345974
0.0009989691077655024 0.0004840796581714548
0.00023573459582330815 -0.00022875111484612213
-0.00015098737557579342 -0.0007800651052522466
9.701137223431924e-05 -0.0006580039975367945
0.0003481971303392654 6.193920253425817e-05
0.00045748603845711185 -0.0011191189951027252
0.0008806458964147559 0.0005712956752384407
-0.0002959364746189341 0.00038069864196586356
-0.00040838779954716916 0.00031068256119323707
0.0006450424709677818 5.667434121698506e-05
-0.0007184562618467325 -0.0002798755715161113
-0.000368272434431474 -0.0001819887237610817
0.0002746880504840479 0.00011316915595807042
-0.0005405041424226745 -0.0002960346578778709
-0.0006305527137037799 0.00017603364007953178
-0.000718165314648325 9.358819624162492e-06
0.0007540775946033531 0.0001579245589962598
-0.0003269216580723011 0.0003131446149120013
4.071334107112658e-05 0.0006426464121647037
0.00012070785425828639 0.0004482270238549919
-0.0005956050470683924 -0.0007902603606987565
-0.0009658408876932277 -0.0006102402022481238
-0.000652173981351344 -0.0005326698702892509
-0.0006498024907178566 -0.00040035339186152445
-8.47541810235935e-05 0.001294979608631822
-7.477781725555066e-05 -0.0006771884546492676
7.721860509657403e-05 -0.00020294424620294376
0.0005142142197611454 -0.0001731052531127648
-0.0005182751733800206 0.0003857870571963645
-0.0004270332562684985 6.832632515243255e-05
