5.293584745354546e-05 3.533075046487988e-05
2.331330712241112e-05 2.2401794988773492e-05
0.031090102885247866 0.020527466949836946
0.0008816738057422365 -0.0008743639983995064
-0.0005767110420951575 0.00024109532913264102
-0.0013670924466898968 -0.000437998282835396
0.0004969026980533501 2.055898156823725e-05
-0.0008226704072752165 -0.0001458604078837099
-3.753614102925895e-05 0.00041843792916763706
6.774375633762605e-05 0.0003391014929723691
0.00062568153523837 0.00048706048581114597
-0.0002507903974228084 -0.0005286011400495506
0.0008302790110107059 0.0002611352237989754
-0.0008559205471549836 0.000602902975589564
0.000501007810298834 -0.0008348506706683716
0.001489965929067429 0.0006784304404360564
0.00012199876497850028 0.0005550847381516601
-0.0004123030721672899 0.0004925396701993918
-4.6995587932809804e-05 0.0009735224686102529
-0.0005591452849637528 -0.001005764973679972
-3.7443238240001024e-05 0.001677637839294528
0.0004682490593579823 -0.0009859858873826845
0.00035611459176847655 0.00020425444024710276
-0.0008354800525573134 -0.0007903142382582195
0.0005389795980700754 4.766881628358146e-05
0.0007397995285516265 0.0007796476748765284
-0.0007860615102265997 -0.0017352931740588836
0.0001351029771639313 0.00029149832818566593
-0.0009636072777494203 0.001311564199390409
-4.9558780064654976e-05 0.0004656096788778404
-0.0004555002311169976 -0.00047694482579909553
-0.0001627993058277443 0.0006101129122120408
-0.0005598851548469481 -8.355595827778266e-05
-0.0003766157462675617 -0.00033740735402909073
-0.00014037182234188036 -0.0009102634212609514
-0.0004813562624058769 -0.0002746629342350926
-0.0010997346464465955 0.0015384814004510755
-0.0003228375893905511 -0.001778004237846465
-0.0008124283029185221 4.141160253200858e-05
0.0013004199838668462 0.00014629123675268606
-0.0004927095489591962 -0.0011269072566651272
-0.00011165928805861987 -0.0005162848390847183
-0.00019617760590789524 2.5354402657322278e-05
-0.0003913946562626805 -0.0006914715854008233
-0.0004128805046319539 0.0003737423781662829
0.001389825655422943 -0.0007765568760465287
-0.00010484214436459265 -0.000442550671376505
-0.00035802965986620356 0.000188536665987058
-0.0011236327041056456 -0.0001495268569432044
-0.00042631029204687995 0.0007568910297029952
9.018484121718932e-05 0.00034935286252158084
0.0012122639603551661 0.00010982750444021045
0.001478775758951311 -0.00012401187181411804
0.0004601079538168336 -0.0007725172072619953
0.0009907643012272813 0.00011532911303608648
0.000397459555035308 0.0004312201027801088
0.0003589586474437187 -0.0006065960269380958
-0.0009600682141910427 0.0015370613591595716
0.0005163214881819451 0.0013541455880107538
-0.00027803439341904916 -0.00043181739974144457
0.0012560003970228072 0.0004825924109988511
-0.0006629863743745014 -3.144100701403499e-05
0.0006548246099776744 -0.0003032777095027129
0.0002288363317685474 -0.0007567522044922839
-0.0014986767557572265 -0.00014350735943078247
0.0008407877837886056 -9.559890792854867e-06
0.0004888234097929407 -0.00026214083663593355
-0.0007371399534912655 -0.00021806908702154027
-0.0008872042342516127 -6.545848253170349e-05
-0.0022885415246659334 -0.0002562818557967914
0.0008109028046786047 0.0010759561230618115
0.0006109794539475845 0.00012987625650927838
-0.000726649730629735 -0.000983284873098598
-0.00048286352658526795 -0.0002632328914561687
-0.00036533760141771725 -0.00027871682631431746
-0.0005599425565127632 6.868222608082033e-05
-0.0007604509001893267 -0.0017815272688603459
-8.57140708827583e-06 -0.0008302429598188747
-0.00017302930915015431 0.00032343573903012286
-0.0004888106719681963 2.3079762911835e-06
0.00045425510724885366 0.00010585645398548326
0.00036374648747857164 0.0005283055630237113
-8.526241969774274e-05 0.00030389496077953804
-0.000670603465088186 0.00013873010965351822
-5.637716146202233e-06 0.0004470538626966926
-0.00010686431708674334 0.000656310996392881
-0.0002749056686242486 -0.0006758343116643858
0.0006424244996194684 0.000621980996294366
-0.00037199777958268925 -0.00025637150712695244
-0.000163562246607579 -0.0003024791187346093
0.0010861380537424553 -0.0006392631891828729
0.0010204516743979753 0.00031018717891677806
-0.0004229821810749592 -0.0002566484367500696
0.0003596183441893138 0.0003876482838532084
-0.0006445385129385468 0.0004524188998661264
-0.0012215714182895526 -0.0002461347533350665
0.0005872787032434302 -0.001322531533466214
-0.00038752216762978197 0.0012710321880673302
0.001227304819531844 0.001197838595833823
-0.0001582964617592483 -0.00023360110836522787
-0.0009479133822599263 5.57250537013596e-05
-5.98597018277954e-05 -0.0014817381165372794
0.0012828064172788016 0.00025925898801756094
-7.589626438045338e-05 -0.00036014987939621794
-0.000955221741759916 -7.251061308854214e-05
0.0005026649351424111 0.00031736103250897256
-0.00039915607800137506 -0.0004949468736954371
0.0005079863374513325 0.0006416598629164847
0.0005065664718748556 -0.0007625670227051484
-0.000643118683929086 -0.0006427295898899245
0.0007794005468040138 0.0010125582912633992
0.00011290105719845303 0.00024010736785472198
-0.0003449834359683807 -0.00012601167520336995
-6.829465055434108e-05 -3.1971734285830384e-05
-3.29632825623761e-06 0.0005365110800573357
-0.0004966462786963316 0.000533915274373717
-2.028467981825105e-06 -0.0001451883106477506
-0.0005146997064200389 3.161845703168718e-05
-0.0002564792338881139 -0.00011286507544651623
0.0004159999542371584 -0.00042809424365659757
0.00024772312169314226 0.000865011642733371
0.0006444190581635775 -0.00018405110241841505
0.00019941989060224492 0.0008539854561376117
0.0006208619261205815 0.0003169720083890197
0.0014270139732049645 0.0006412725224643993
0.0006903119495658272 -0.00010991441490055233
0.0005288299756522506 -0.00044041848044640557
0.00018063506932845008 0.0012844668688993474
0.00025094252739470607 -0.0002470570913741847
0.00018122359090623597 -0.00037427979680658066
0.00041582291843253976 -0.0001804838002535708
0.00093500427869151 0.00044211876447419675
0.000912236809882873 -0.000513487488052745
-0.0005112316608227727 0.000344592805004577
0.00016977567443208992 -6.182494623955435e-05
-0.0010064724029131638 0.00039855018362382075
0.00017905681216884932 -0.0005511939094333294
-0.000555081331420138 0.0002891938730996967
0.0006737383234357364 -0.0003441082843429751
5.050861044207952e-05 -3.76727765628512e-05
0.00020149842329122384 -0.00020517621642842136
0.00016374596507002845 0.0006902130155105904
-0.0002950888678706646 -0.00013183433441909403
-0.00034216479598546434 5.486794503402913e-05
0.00019269362433261118 0.0005319005633793351
-0.0006118333204519931 -0.0012133947949208817
0.00016733611056148558 -0.0002104690484369183
0.00021078806426317703 -0.00040686388040500496
-2.2535558091242874e-05 -0.0003926059772673666
0.00033826625058058313 -0.00046162711069561537
-0.000222551115139303 -0.0005705649372858818
-0.0003574088396350904 -0.0004308935008415987
0.0009004937054934544 0.0005346876306725655
-3.690834998990305e-05 -0.0010288127301777247
0.000284980586386294 0.00014851160658111657
-0.0002555384923329634 -0.0002686231552567281
-0.0003239664493875107 -0.0004052948173367651
0.0003806963293859847 -0.0005873994656522507
0.000471148806829792 0.000417848106228122
-0.001630424852006412 -0.00016789145170924464
0.0006009397051006002 0.0001677677702271238
-0.0002945035566266628 0.0003423279058139015
6.607031169821023e-05 0.00017822741218270354
0.0001425825277412653 4.8402562773477246e-06
0.00017311148215768657 0.0008526304502928791
0.00011596338499296896 0.00016311306936099887
0.0010474773372205427 0.00019274197896297285
0.00025343674341331626 -0.00011264085821818878
-4.626540839119379e-05 -0.00022166869417265665
-0.00048422744472600764 -0.00031349279582964005
-0.0008074807103984227 -0.0003437553282797627
-0.00026354721551454137 0.00018892706322813492
-0.0002484066777214632 -5.815633263764916e-05
-0.00028602748690816245 -0.00044160685113459134
-0.0007514336865852236 -4.870400044520993e-05
-0.0004899139727200874 -0.0002812747933641449
-0.0003280881196096349 -0.0005862895866479653
-0.000360748292003986 -0.00016214209701283794
-0.0001724194751975773 0.0004015157965000924
0.00020521572528187904 -0.0004410153415096845
-7.050899096015334e-05 -0.00020522032167524402
0.0005273584400361813 0.0012683557703723229
-0.00029993411854430856 0.00021617140504785488
-0.00048143362771355173 -2.5033426780695798e-06
3.442158105766542e-05 -0.0006040193643306057
-1.950796458684288e-05 0.00032712995562913334
-6.544463491037873e-05 0.00038140385259201424
3.148348253657709e-05 -0.0002724783521656646
-0.00012910431827828104 0.0005962594311309347
-0.0004335387549448974 0.00011278184592075008
0.00013532677983596277 -0.0005011311246691525
-0.0002678981248291521 0.0005720229817218682
0.0006649971312932907 9.343770675934715e-05
-0.00023592588645059538 -0.0008722312826350966
5.8437121045250385e-05 -0.00031883810256079227
0.00040301770238426 0.00027898083777456745
4.461736127474798e-05 0.00016064308080699337
-0.0006978864858027046 0.0007949128462021183
-0.00012088790346255811 5.539836600363067e-06
0.00016380120905400375 -0.0005195986052212098
0.00031034335401082454 0.00016009327678112177
-0.000727855611456343 0.0009114545712691909
-0.00046289112137533876 -2.9739368050656756e-05
0.0005609550489176812 -0.0004350704751065005
0.00040766277097539137 -0.000523502302337191
-0.0003179165202380196 0.0005333455640109373
0.0010203817679640356 -0.0005694723884902437
-8.440060993224812e-05 -0.00015041183255543397
-0.0002547825300162326 5.227426208454023e-05
0.0005595345808874754 -0.0009421937221332958
-0.0007584643307047903 0.000349809125696251
-0.00045540484176951213 -0.00025284559366418863
0.0003883540459276484 0.0006689850985415011
-0.0005383882539873595 -0.0011970479673788408
0.0013325424250966765 -9.952772293623294e-05
4.336329950023821e-05 0.0007411400373980709
0.001008616889574312 -0.0008353881339609275
-7.254380144215007e-05 -0.0003037707642607912
-0.0009166942276744851 -0.000443272049675733
0.0005770276364274903 0.00037532331424673556
0.00015583530033910976 0.00021443362039618558
5.639439772619845e-05 3.926724539748469e-05
4.237065101734929e-06 0.0008454539583671061
-0.0009621553971390626 3.0203218149607142e-05
7.52058510933677e-05 0.0004959187007540026
0.00013646810744190116 0.00010120673377066834
-0.0020988205817471916 -0.0001894595222694474
0.0007042685671124799 -0.0007705733509867823
-6.647134595165374e-05 -0.00010379448440980261
0.0010508232387397083 0.0008179037750856365
-0.0007701256831540158 -0.00025514891155927974
0.00043970966333729936 -0.00017734104775286643
0.0005372830484065799 -0.0011454762017772547
3.828964230607729e-05 -0.0007576299147824763
-0.0003211977982184159 0.0005608383128974366
-0.0010288575355869892 -0.0008445769632703659
0.0005190751414804215 -0.0004309617963310383
0.0007364210701425279 -0.0007097541651878874
-0.00042064808382389593 0.0004898476364829335
0.0005884182098131454 -0.0007505885612508739
0.0010466167944336792 -0.00025184982086687497
0.0014389947280865028 -0.0005454452139208008
0.0006838461912604189 -0.0004471844936175781
-0.0003761141690188497 -0.00015407252889752958
0.0012715950815921113 0.0007748997806748318
6.778557932841755e-07 -0.00017184065049258523
-0.0006342549361899177 -0.00100192597294814
0.00018524012183784768 -0.0007199816370886322
-0.0009711762683113784 -0.00043043480202740715
8.080654065342815e-05 -0.00010437739138663018
0.00015170341762978714 0.0007663662095286594
0.00018330015595680114 -0.000123840055266304
-4.78699995828387e-05 9.585965565591462e-05
-4.322722314285802e-05 0.000946005074030354
9.899561315085187e-05 -0.0003094047018464093
-0.0009444373195226285 -0.00013798968870406772
-0.0003807384028631102 0.0002700409759891654
0.00010146049498810131 0.00024645514681113684
0.00021280614086804968 -0.0001881258126343162
0.0007192647780208052 0.0004989956973070329
0.00018320856970903393 0.0003527711540625143
0.00037273730682818075 -9.750188265324937e-05
0.0007243280335482235 -0.0001315343744114184
-0.0007852671840394911 -0.000699422222197508
0.00039449150740914775 -0.00021865702546312372
-0.00046968282916424775 -0.0006730140439617247
-8.773997195409025e-05 -0.00033211781288393415
-0.0007248401908971651 -0.00026860909936255025
0.00020716317497570773 0.00016829303437615234
0.0004524716926439028 0.0005462388828915757
-4.047837368067311e-05 0.0012234932628222789
0.0005668512551594227 0.0003456557458597914
-0.0002275755519374707 -0.0003467052197261922
-0.000576604876181741 -0.000401545453669637
-3.8818275070223564e-05 0.00015501715940420164
-0.0006166884879159546 9.309185649697623e-05
0.0007135860116323549 -9.442850129236414e-05
-0.0001977540077562698 2.0582035015248063e-05
-0.00022147512226281592 0.0002376674973728657
0.0006043639594696051 -0.0009339938921016027
0.00026640754952172676 0.00020865643134360034
-5.055223276527547e-05 0.000732474173983734
-0.000189238095985673 0.00036204374854586124
-0.0017093375941269356 0.0003750544438878201
-0.00011765651069742823 0.0002502675283262115
0.00013593474504389118 0.0009389036914124261
-0.0002735290917151782 -0.0006781432120732952
-0.00039526667835303343 0.0004923853122541179
0.0009493679760035378 0.0009214437179318478
-0.00028452394717158196 -0.0010958960325848492
0.00023319726788113788 0.0003326094663861855
0.0006508165312844313 -0.0005801129381154881
-0.0002525780309423385 0.0004505739931800269
-2.9418674067393667e-05 -0.0006989104674951157
0.0005184035772917515 0.0006742854907220934
0.0008694781914547402 -0.00015887559608958554
0.0004184572568163425 -0.0008153661210637773
-0.000994543212034044 -0.0011638691601167943
-0.00018565020827965745 -0.00041631907958133117
0.0011542784519872416 4.857231335910942e-05
0.00020168180301077343 -0.0012113614718442698
-5.3970924275837005e-05 0.0005775190250027028
-0.0004870545445729494 0.0002620697649817335
