2.5568007123660213e-05 4.2412261240275024e-05
4.268424672340572e-05 4.7586072299581965e-05
0.026698990879332942 0.02745756772760296
-0.0004082945339626695 -0.001896821055258134
0.0006074313543662208 0.000606611479416537
-0.0007671084499522297 0.0009395412833744295
0.000713747540663175 0.0006795853297140861
-0.0002961511941876319 -0.0006209051819775928
0.00010157118637500017 0.0006736215306170481
0.00031372941767012755 -0.00021899892775507947
0.0005084955562730842 -4.66950488847363e-05
-0.0003618229161031804 -0.00013143140768850207
0.00043273745647698245 -6.425789570788336e-06
0.001549906413185731 -0.0004609084347702527
0.0008063194672316952 -1.6845693041596132e-05
0.0008181105907672309 -0.0009774403302393942
0.0007534275095894263 -0.0008973182705807951
-0.0008811625032851234 9.267888022311697e-05
0.00046391570155017556 0.0005314633952364625
-5.535561698750389e-05 -0.0006574211698223104
-0.0008266437875489787 -0.000589064891996628
-0.0002143510942824117 -0.0005438789353934538
-0.0008334916807179404 0.0003512194819739433
0.0006659946692541532 -0.0003933664997113075
-0.0009442922391030817 0.0004329265379186897
0.0009713822273885488 -0.0005687329542854293
-0.000495813118177834 -0.00019882220109769517
0.0006562536432912289 -0.0004195875312028333
-0.001180373955557327 0.0002555385569775483
-0.00012079478021747588 -0.0002785417554881111
0.0006904833163214583 3.8432320257394804e-06
0.00021982806869658652 0.0007647587532202294
-0.00040563751032068933 1.9624044585239482e-05
-0.0007573726626540074 0.001015779460608403
-0.00046966444002225643 -9.956577355226402e-05
-0.0004960530856610893 -0.000845500884778723
-0.0011665174070722578 0.00012342492303364964
-0.0005392561755235384 -0.0002918687073781308
0.0014856519307687103 -0.00045737658422168926
0.0005276533761221573 0.0009459828291988271
-0.00018189620353749618 -0.00018964241151141754
-0.00037894160902625775 0.0014485406507189157
-0.001174201856310557 0.0006917463114072621
0.000757033817329037 0.0010756380247378592
0.0010674330879352396 -0.0005808212084213114
0.00010975535873388848 -0.0002010893267898901
-5.66006417030061e-06 0.0004847238444294484
-0.0004090642722094652 0.0009548075198290291
-0.0009999045856179773 -0.0007024809567475438
0.0006503129785146331 -0.0003961920608611312
-0.000620219582843425 -0.0002237521604151938
0.0007702210241591061 0.0004986794270304585
0.00030919369757335426 -0.001385193303613186
-0.001245462364529438 0.0005991480213806728
-0.00042987591710643477 8.08118794413536e-06
0.0005394551315619795 -0.0002621429046335678
-5.071637483279606e-05 -9.694386690157442e-05
0.00030985417563779915 -0.00016155945404223993
-0.0006711335762165422 -0.0005711288807928531
-0.00012134391703673715 -6.299116192797948e-05
-0.000714402342900522 -8.956619551550402e-05
-0.00016211842817182828 -0.000598066980679752
0.0004370459394136094 0.001185491734158706
-0.00038208003839144673 -0.0006301380476060433
-0.0006313276018031695 0.0006994246024715846
-0.00015905245522153106 -0.000412876003857732
0.0008602063622161634 5.151795428257759e-06
-0.00015967854212353203 9.522987622562258e-05
0.0001381623679190011 0.0010177737260116454
-0.00035736087187365144 -0.0002726571141046526
0.00038910099597997327 0.0008634044678997065
0.001227736057241038 0.00024927303488777046
-0.0008702815186814689 0.00033144171861319404
-0.0005433464363187381 0.0007094517786216763
0.00021342217748572445 -0.0001412307378244219
-0.0009414621446380273 -0.00032541196126354815
-0.0014008019625435558 -0.0007561346757919458
-0.00012118617053251335 0.0001944651588263018
-0.0001754064080571325 0.0004258783916635608
-0.00030184817104447255 -0.00023443653820860234
-0.00039995857801529145 -0.000755716373472422
0.0003588547588794512 0.0006852891503976884
-9.182924377213531e-05 0.00016533585786979678
-8.926211543159724e-05 -0.00023049821722017944
-0.00056640405368477 0.0010764459726907466
1.8723426701132957e-05 0.0009259236748373214
-0.001036997261416465 -0.000541031719479119
-0.0010635253393401426 4.716794783229723e-05
0.0007036079903988019 0.0007036399040935273
6.104264984004613e-05 -0.0009264700118657964
-0.0004592295390683216 0.000187462217335515
-0.0013640280552942095 -0.0006590067924436528
0.00014731647655949338 -0.00041258653670718526
0.0010678937229930366 0.0002394371249179947
0.00022507176785499413 -0.00038344623980592307
-0.00014929219470273918 0.00030346805538978785
7.722475237547395e-05 0.0010204050564902385
0.0006010280573987861 -0.0008710729019512604
0.0009295152651313606 0.00011957525843749865
0.0002772795396044377 -0.0001911609598285653
0.00026987712092370255 -0.0007499188781121157
0.0005534036751745044 -0.0004512193037937332
-0.0011544953948095906 0.0009280175899475536
0.0004194688269506206 0.000251932281406715
0.0003307132042601203 -0.0005570762369013219
-0.0002857914398610469 0.00012602607022352266
0.0003875571865186414 0.0006847742012801519
-7.231464977076984e-05 0.0005754084239092116
-0.0003966855624765335 0.0005484075667788199
-0.00048307001360611986 -0.0004687963293305796
-0.00017283400672451994 -0.0008983110224409106
-0.00021943399835174673 0.0007743627973136314
-0.0003035773149964765 -0.0006490430916673707
0.0007250457026367618 0.0009221682280434456
0.0004449708517233097 0.0007084274333908601
-1.2608817365430375e-05 0.00016584537081954501
0.0002505660304719079 -0.00040763261240754146
-0.0003153552569711007 -0.00027996371657580595
0.0013355062345224453 0.00038774708353902994
0.00028543318638377536 -0.0003065919610224534
-0.00017712714441616453 0.0010605932276528368
0.000450373565623032 -0.00046603615186065347
-9.422358560849421e-05 -0.000250280779145199
-0.0007962992635342554 0.0006799522978836463
0.0005695673489378748 -0.00023720733810685165
-0.0004097986814739185 -7.741317783897097e-05
-0.0008890398164822678 0.000378261042305496
-0.00022426241835591542 0.000333732965848197
0.0004394540198033713 -0.000836185389043816
0.0007165619643360305 0.0006109860785018081
0.0005592694002798116 0.0001603191065426947
0.0012885777866036743 -9.031087289397097e-05
0.0008096492111785437 0.0002976319835792188
0.00015832247207403857 4.070625828870928e-06
-5.094898385388516e-05 0.0006859630370308874
-0.00026787723745668124 0.0006038184659425548
-9.030614465991123e-05 0.00011459160169813709
-0.0005801205603692802 -0.0003365620800416401
-0.000428287790580945 0.0003508518167830051
-0.00023393384591722318 -0.0009210042437113645
-0.00045915785227749936 -4.224820444840913e-05
-0.0010770052022519125 0.0005008004934581106
0.00013103455644821233 0.0011486839547969374
-0.0006307808654923175 3.466153465631116e-05
0.00021548910714772157 -1.7950050715907121e-06
0.0009737242877818027 0.00024174180161181175
0.0006992455899193142 -0.00020122093869437668
-0.000745048274291132 -0.00011859079141350599
0.0005666045321872076 8.876967046946515e-05
0.0004728793631108461 -0.00024810941263435214
-0.00020976068300545848 0.0003069241230408966
-0.00024449716500664473 0.0008834069404664317
5.539767506082839e-05 -0.0005902883563705545
0.0001669906313241803 2.5195635792593193e-05
-0.00044231202591624803 0.0007811307945492884
-0.0002531864373241403 -0.0012084729162492383
0.0007266659460965722 0.00011984625056511895
-0.0009942673187012465 0.0006634224237188629
-0.00035513453188741416 0.0007195828523857406
6.003246659262488e-05 0.00032059355140197035
0.00048401144789565433 -0.00019610503888286743
0.0010025181937966684 0.00021292833917920393
0.00010381026170228126 0.0005274530294991473
0.0008238063964804488 -0.00023245554877056462
-6.66279678353525e-05 -0.00028645630991484794
-0.001088147922446892 0.0008250422309652423
-8.269364119196155e-05 -0.0006231365766583458
0.0002432576400764291 -0.00043198112604304965
-0.00010217137823036864 -0.0004840145702733753
-0.0003309643135480881 0.0013366019377122303
0.0012919661762557392 -0.0005218756804332654
0.0005036704735095531 0.0001701386361198073
-0.00021701974226612093 -0.0006979700745639687
-0.00017559952423511557 -0.0005618401592220382
0.0004186594929472698 -0.00018154141617064026
-0.0005194478278145762 1.1162747652382488e-05
0.00043693969914454164 -0.000584593715129699
0.0003102157585395928 0.0001285431141859358
0.0005925994778094113 0.00038643602965577657
-0.00018585651457818 -0.0005126139002869159
-0.0002841895516682569 0.0008477667775254972
3.7102109195302773e-06 0.00023276182845738164
0.00017368049810489213 9.278718637778115e-05
0.00022690639456757696 -0.0017355755013916845
3.060107822269136e-05 -0.00046569035402432846
0.0006669879976313064 0.0004250173237321027
-0.0006110602052372391 0.000311134929785363
-0.0005787800690291773 0.001408072240724991
0.00018354958535104834 0.0005285619012826329
0.0004340934681915295 -0.0010012141141283455
0.00045240843942180234 -0.0008139834403293415
0.0002407033145235371 0.0002607964547893729
-0.0006104429043820917 0.00017447965128737774
-5.561896004378361e-05 -0.0002741184401143143
-0.0007309574015723567 1.0804460784422701e-05
0.00012804279018667543 0.00016966486406859427
-0.000494322819293164 -0.00019967333601983778
0.0005020883754395896 -3.487433654991077e-05
0.00040152055398358523 -0.0002742277284954892
-0.0006531008954495044 0.00025215344787971804
-0.00027051353614071055 4.676518096699421e-06
0.0002427468590166681 -0.0004323512467934569
0.0006759076332013116 -0.00013810848881361327
0.0003746556321235685 -0.0001288670507347646
0.0006078083694438726 -0.0006188623607962525
-0.00039374274703966243 0.0002558130021007007
0.0004888741952146284 0.00032715320158715783
-0.0010448474379394456 -0.0009102546705421279
0.00042237145794340086 8.538144336522042e-05
1.4341714385084419e-05 0.0002315882015550842
-0.0007873387218527111 -0.00019663601251510953
0.0006989109237834408 -9.951125565070093e-05
0.0005505770102899502 -0.0004835293410616141
0.0014761461539149778 -0.0006185113868860121
-0.00037274725917793615 -0.00017628068385926326
-0.0010743591336739413 -7.929766457983363e-05
0.0012677140942483826 0.00024877299805018213
-0.0007953928910026245 0.00016888746263661188
0.00033191624810444814 0.0003856397119472199
7.72175524798257e-05 0.00045263990263431556
0.00019497842433756124 0.00011575528965068671
3.781259620847158e-05 0.0009757157548822828
0.0007115148191931298 9.698896786204881e-05
-0.00024154864845700206 -0.0003627308598275565
0.0007474771411419923 -0.00016145302226487672
0.00047543225212785725 -0.0008315309285073757
0.0006467929306927095 0.0006554261558788077
0.0006737591725279594 -0.0004729759071667968
-0.0005675066793517181 -0.0009048829020207265
0.00047813621082050774 -0.0009562145578680287
0.0006518569377826005 0.0006331292048731224
0.0006115032511498421 1.8316910547064674e-05
1.4989794755974273e-05 -0.0004436804507690085
-0.00045728101416427823 0.00017637202732947015
0.000551629314745492 -0.00033024956691361676
0.00030063225559818466 -2.542846205108483e-05
-0.00045763284944025866 0.0002848065630981771
0.0003381292767035656 0.0005333405297012739
0.000594540903394358 0.0006188470436364209
-7.330876910925442e-05 -0.00035015340879722943
0.0007050675447964456 0.0003851579732847338
-0.00045284571151557314 -0.0009208814439094719
0.0003297877972715068 0.00017402098059913088
-0.0008574800081893383 -0.00022757235214142542
0.0009498837382318585 -0.0005060660125011349
-0.0006434972743559061 0.0004863773975361723
-0.0009605934828182524 0.00010097060523173345
-0.00018243459977685392 5.4353655715965466e-05
-0.00024187055685984872 -0.00022459042612438742
0.0001288180687529897 -0.0004264706869907893
-0.00044052056154985817 2.3317337404141173e-05
-9.980847422320479e-05 -0.0003627130958873697
-0.00017447069928177599 -0.0005937715647977475
-0.0004891352943866663 -0.00053815499401908
-6.8527058266376864e-06 -4.232264468457464e-05
0.0005533419804974454 -0.0001754012189362262
-0.00022281897656443577 -0.00016935895911892587
1.7711767643365947e-05 -0.0003251713939888444
0.0003785293477886432 0.00039446583953498107
-0.00025299870573345257 -0.0008181068602839242
0.0004178020277089345 0.0010551799953499765
1.514902361320382e-05 -0.0005111531469560981
-0.00043660034100107833 -0.00012447579322774957
7.42359183411061e-05 -3.394377502381685e-05
1.3428239531562385e-05 -0.0012634067064251685
-9.816335931865705e-05 -0.0006426111968006553
-0.00027596087227007714 0.00042318838002572797
-0.00032393194922005646 -0.0006432759227620833
0.0002641784441682439 0.0005262201200198987
-0.0005556703354064657 0.0005424933788195495
-0.0002589862946725987 0.0005326966482920774
-0.00020785239466938223 0.00028130665225418886
-0.0008325422001936901 -0.00048055864994917214
-0.00027564159291182123 0.00027801188714227055
0.001223137517971562 -0.0005280085244679897
-0.00029808595725044977 0.0006733487639332552
0.00026592613410979644 0.00012524418650945558
-0.0004527182950396839 -0.000537641621313181
0.0002472261810555741 -0.00012034212952341651
0.0010873149574051966 -0.0005065530616941687
0.00020444953434661206 -6.0389009356981255e-05
0.0002464876641639307 -0.00023272364240049435
0.0004316969110654962 -0.0005494490344052852
0.0003409688049072735 -0.0006183401187304845
-1.8000601930719095e-05 -8.634125062794906e-05
-0.00011869668904155598 0.0007525871623528587
-0.0003466192905721376 -0.0007444880810683301
0.00016881352070474438 -0.0006670533178673607
0.0001250709963762587 -0.00030900841315657313
0.000660547431996103 -0.0005888719986330158
0.0008153073619124825 -0.0009359734817783632
0.000364486911311011 -0.00031876669740049326
0.0008182915846361209 -0.0005368743603145877
-1.7368060059246724e-05 0.0012168915777005464
-4.545769720671027e-05 -0.00027565474550978527
0.00040056058273442056 6.451349321622464e-05
-0.0008309287165525926 0.00041076770946594127
-0.0004629443856060482 -0.0005308765532321833
-0.00012554953213995057 0.0005925421235383547
0.0001571116500514463 -0.0006570781802001078
-0.00019262593807597978 0.0006697525982765967
0.00014252093076147854 0.0002819438111487574
0.0004958784065066623 0.00033609545950097645
