5.845219349288812e-05 -1.093001114416965e-06
2.6571433056087135e-05 3.766862804327374e-05
0.009172526349069175 0.027450642763809936
0.0011798725615687871 0.0012578041863356472
-0.0007747563367648815 3.3312763356303115e-06
-5.753800697784315e-06 0.001032099531124689
-0.0004731985863964918 0.0010528867111857954
-0.00014000171485080437 -0.0016359623834305956
-0.0005972721329323745 7.5342921960749e-05
-0.00019834501995107367 0.0004897589633350891
-0.0006581428484759437 0.0001790321246481599
-0.0012827547140737167 0.0005994299786129357
-0.00041420513479872536 -2.029119470589522e-05
-0.0004617515352629909 0.0002225793133510449
7.08947979124563e-05 0.00018876528471773908
0.00029724069553445847 -0.00043100922363421867
-0.0009593669988492594 -0.0003168903965399221
-0.00033268551404936654 -0.00020722313501904413
-0.0009429238486857961 -0.0014780213491219244
-0.000479968971611713 -0.00018875631361954908
-0.001019103701428293 0.0001573793414612985
-0.00011447621500835153 -6.546619483626659e-05
0.001409716688496931 -0.0009726316361715946
0.00021520090750601684 0.0002269849560467121
-0.0008026448311747996 0.0008893697507551101
0.0003485810456813959 0.0003763557727706301
-4.6333757283329765e-05 -0.0009544384841954802
-0.0005659480933206634 -0.0005403429834064996
0.00020243640084619015 -0.00020948716642779327
0.0011266477621296987 -0.0009304666686754321
-0.000752984054018273 0.00025279630865537856
-0.000892413376887253 0.000569509791767762
0.000563381914001813 0.0011863872660638594
-0.0002939410122444014 0.00032264421723320324
-0.00010208035372427291 8.414938260971481e-05
-0.0006989025946825596 -0.00019200563986684408
-0.00042439729373094654 0.00012624145997572957
0.0002985399387706003 0.0012412269200113672
0.0008454386886493835 -0.0003523533866776296
0.0001459550518334605 -0.0008991362412801
0.0001595128580906842 0.0002778021931997516
0.0003176966427373756 -0.00031368929258485405
-0.0009831139715662594 0.0003030671765356362
-5.462976263201647e-05 -0.00035501712374822847
-0.0004457956293146918 0.0006717511220439657
-0.001941828622163803 0.0007072564275753452
-0.0007244627223463536 -0.000832234464336271
0.001169859416617964 0.0007076364912216558
0.0005940335200537752 -0.0005796185560647824
-0.00033975812501038107 -0.0007272750227953251
-0.00010290594687352099 0.0004198918101732339
0.0009566419766328827 -0.0005687481969651502
-0.0005828478844206035 0.0004655128835806076
0.00014862474484601907 0.0010565144892998206
0.00034142728416647436 -0.00048455641150444855
0.0012926826330845389 -0.0007870281007983066
-0.0005242855484801033 0.0008583796525871237
-0.0007812104678486619 5.2623594589797124e-05
-0.0002878350791696886 0.0002851479542063173
-0.0008558936848113953 -0.001240265224292604
-0.0002292225862022856 -0.0002429286147147559
0.0011867046084827377 0.0005819303917388502
-0.0012912714467709005 0.0005055584189033319
0.0007026399517197755 -0.0002137450707298815
0.0019305199697176884 -0.0009626401719057475
-0.0006227481585280622 0.0002255243797453484
0.00018531724823987617 -0.000494455399679124
-0.0007768505875368439 0.0006122977081405806
0.00017604485586414774 -0.0015196391283259943
-0.0006305118079545189 0.0009031096697312439
0.000858366619404404 -2.40787893200097e-05
-0.0002588858597853364 0.0015137821254072252
0.0004963788587059557 0.0002200518797901787
-0.0003505321513630013 -0.0008000630499030886
-0.0002314727278768657 0.00013845045199300864
-2.7973853418274442e-05 -0.0007368085244173927
0.0004072851234575455 0.001073970932523963
-0.00045954986348273704 -0.0009825768989577546
-0.000513980748902752 0.00035449625343782627
0.000326074007345056 0.0005128134964672465
-0.0011799304024675725 0.0004420859919433843
3.676330098334177e-05 1.2241780140631168e-06
-4.464306763635501e-05 0.0008550045898028622
0.000806816468855004 -0.0002760052895927568
0.0009986989873919099 -0.0004672005909870975
0.00010478657436352199 -0.0007111415848286355
-0.0010728303538310208 -0.000390179982583267
0.0005768624477286574 0.0007082235946025176
-0.0005103567899683357 0.00023920922962512782
-0.0011226240187989795 -0.00019076181650476266
0.0007752893058844512 0.000883487677142412
0.0009718488109777369 0.0002920245269040904
0.0006212415848158767 -0.0004382194194938009
0.0007913595717837633 -0.0008146752929553299
0.0007036189082443947 0.0005974260176711759
0.0009426318736884611 -0.0007447517202608589
0.00044753161310210504 0.00019435155272076496
-0.0005575434031725676 -4.8470548130483766e-05
0.00039893257598653186 -0.0006078559729544217
0.0011195386728558069 5.101687103363491e-05
0.001285098713117031 6.582598419387478e-05
7.505475956879342e-05 0.0009965808035990644
-0.00034171439747510737 -0.0019339676701311532
-1.1988855141732675e-05 -0.000219513495620709
-0.00018359557064998158 -0.0004213082819549943
0.00012552656811504477 -0.00019732777568214811
0.00038009417293647025 -0.0008831743089357879
-0.0007774831432645509 0.0007313964209214344
0.0007712494714449578 0.0002459127809685888
0.0006768373634624076 0.0006123465339080335
-0.0004868299831691522 -0.0001319243250947098
0.0007114023413810055 0.0005616086095303795
-2.3804279760257157e-05 -7.780023700400051e-05
-0.0006045529011647803 0.0004466144518858779
-0.00014472300749130212 -0.0006635901313181659
0.00044990126607711634 0.0001802279773744862
5.2463034467621515e-05 -0.0003139531350844424
0.0004898914713448172 -2.9411974646285584e-05
0.0005314355212528358 7.102976476296888e-05
4.286670638819545e-05 1.1355353917217133e-05
-0.0010785423018566456 8.494570272702672e-06
-0.0011825895628186402 -0.00010165964602076181
-0.0006149181408579467 6.729802261952026e-06
5.32283731827456e-05 0.00013363837506146552
-0.00048108751598901795 -0.00042576133491041573
0.00013603288260417455 -0.00010575327165037438
-0.0007738399752120426 -0.0008058092493142488
-0.0014261587314104982 0.00011144195233947381
-0.0007929101548569178 -0.00021273925545684636
0.0005038642087432251 -0.0007676350606467168
0.0005697036789064058 0.0001615313720435953
0.00024086821297204515 0.00027313250197536545
-0.0003424355257562447 -0.0009271690865186484
-0.00013360478207625933 -0.0005199198538104802
-0.00043651981166289365 0.0005425212133702638
7.49123902502444e-05 0.0006695171094944524
2.8270170323241217e-05 -0.0006211212993330009
0.00047442603955141505 0.0012425326258369816
0.00024164505208146942 9.290176016294532e-05
-0.0002231820112115537 6.8216548602810155e-06
-6.642254980074343e-05 0.0011624122800929896
0.0005242126594200147 0.0008398656048596222
0.0011972491632949833 0.0010667248705733326
-0.00013088878130164633 -0.0006393581385386369
0.000372102292786363 -0.00021297720120462156
-0.0002716814629233535 0.0006307050770193006
0.00012435516533737886 3.957733255025156e-06
-5.1811533205988574e-05 -4.813465937808608e-05
-0.00027736118545607747 0.0010807081269329926
-0.00019926806187098165 1.450656693018965e-05
-9.319855195913309e-05 -0.0005397175954313367
-3.856712747716431e-06 8.063873659310508e-05
-5.6612136332599316e-05 -0.0003251145548830326
-0.0006172994791615088 0.000969202890383776
-0.00035970949974566867 -0.0008434321834988252
-0.00016262550839622663 0.00033813697317384934
0.0001095650418485952 -0.0007193156868234824
-0.000405188837195876 0.00011461016325840268
-5.3081607049396565e-05 -0.00034569756891982966
0.00017952831562432443 -0.0007884122414785916
-0.0001503674104563412 -0.00022781157292619403
0.0003489435958162199 0.0013385481094837332
-0.000707931462339298 0.0001915442044112323
-1.7853989809221893e-05 -0.0008561348438808489
0.0005178634585581986 -4.173076170240298e-05
-0.0001361531922251905 0.00020228291932828667
1.3539457110666566e-05 0.0009769745483102473
4.89764771418149e-05 0.00026189709446125563
-3.111772340555811e-05 -0.00014454449417744186
3.070048101018389e-05 -0.0003521423042395706
-0.0007188599927827905 0.00023603026084155384
7.17776328006957e-05 -8.029179229561289e-05
-0.0005236156386747393 -4.0161678084120555e-05
-0.001121805463115672 0.0009315006128853882
-0.000386279811666429 0.001068296018418842
0.0007387870001310021 0.0007647435493603904
0.0006983677787432454 0.0007108051106207336
0.00021953928474320028 0.0003462569213908579
7.923990708992107e-05 0.00021195492921324024
-0.0010872920203534996 0.00034746647946911014
7.236794514658593e-05 -0.00011014461590521947
0.00044009206958947297 0.0009326416326336575
-0.0001998201825760806 -0.0006421070746919517
-0.0004406905569364639 0.00025365771989397805
0.00034994294264968797 -0.0003500959337306547
0.00023002978641477678 0.0003713924246191738
0.00044371465835067866 -0.0006168445405169837
0.00038652410886422727 -1.6982570331883637e-05
-0.0001247132918659961 0.0005546700879485469
-0.00011061951404828672 -0.00018485139395055762
0.0007973034168532805 0.0006420246049835685
-0.0001373277285564032 5.6008594458889404e-05
0.000889885951527092 -0.0006740467851932589
0.00021051743336658967 -4.613618990347411e-05
0.0003377943610235084 -6.289291847281962e-05
0.0010507973090529662 -3.6498068152683795e-05
-3.1823201177189345e-05 -0.00019890724373731309
0.0008938445849006855 -0.0011034608433952797
0.00041611139479648407 -0.0003343874861445731
6.443466827754776e-05 0.0003090747692488923
0.00047380100133268265 0.00047090586554982174
-0.0003774417423057922 0.0002524014388014157
0.0007928687366284443 -0.0002391075020934711
0.0003544556988517143 0.00017991447350819664
-0.0004698256840577194 -0.0003836705797184752
-0.0003885260743949671 2.685985528027902e-05
-0.001079427342570956 -0.0007792042065952425
0.00011399882854499746 -0.0001720794782845409
-0.0006552022436602102 0.0004634346396184334
0.0007628207220531677 -0.00012994164404775166
0.00034724294949481946 9.499673189512568e-05
-0.0002772584989762796 0.0007026057965321775
0.0002828653942191226 7.848531321778636e-05
0.000484568805625011 -0.00016382379728224118
-0.0005287708073699138 0.0002845140182091479
-0.00036068128912797396 -0.00029304267746168335
0.0007197243731070441 -0.0013412696453409905
-0.0002775822641643075 0.0002710932447735418
-0.001276418738064343 -0.00016772416347789524
-0.0008681050851099167 -0.0005314838723336908
0.0004032169556910567 -0.0011247930796838075
-0.0004456877715208957 0.00024931899794555616
0.0009195989306987278 0.00036628377726350173
-0.0008306796209754767 -0.0006572017291645777
0.00023182423327593738 0.0004612501901606735
-0.0002391853950062749 0.0002488721693060359
0.0005134124707197383 -0.0001780873475176283
0.000529270876249925 0.0013601124302231723
-0.00020935959498048477 0.0001790775257639148
0.00023572327254875298 0.00020291287341983429
-0.0007457900586239611 0.000564024290135644
-0.0002595290268000818 0.0002769102537561209
-4.767866041223761e-05 -4.1123399768382154e-05
0.0013835248422075204 0.00036672791678261013
0.0005915860796043152 0.0006168465491287225
-0.0001380514080438756 0.0005198423949459467
-0.0005865777781373942 -0.0009328872451972662
-0.0004214714302812343 -0.0010573261158402921
0.0008641838338789445 -0.00015137769537665243
-0.00015804616021326834 -0.0010096387546590462
0.0005873358617165328 -0.0007897530974459761
0.0002681530949873108 9.210678456537381e-05
0.0009837995173177354 0.0004186380178561354
0.0003383804026545176 -0.0002595168302071691
-0.00029325552478397037 0.0004068669545470376
-3.068538558985966e-05 0.00019679064777506267
-0.0006014133923337243 -0.000805898984154407
0.00040648552044148423 -0.0004143104144509896
0.0010361191093134804 -0.00019830537225146714
-0.000707991195105511 0.00020713287625824157
0.00027642194846862233 0.00031310774249067275
0.0002856848860890836 0.0004359898291586294
0.00019051204719586182 0.00017823263671306642
-0.0001804002684233696 5.391014165502407e-05
-0.0005046097289778089 8.981012642646684e-05
-0.0013778744777550905 0.0005862285880114796
-0.00021539456380683598 -0.0011131260054564611
0.0002601765317408148 0.0001661595234407725
-0.0005808504306829739 -2.6224159917070144e-05
-0.00014961275296046116 -0.000717809603070365
0.0015951385826454246 -0.0004076631583212404
-0.001161507278299054 -0.000953124629633034
-0.0006706147260997402 0.00037810274939382196
0.0006383327567326669 -0.0009124360488407506
-0.00022898342523004322 -0.00020755516337560084
-0.0002764748796890341 -0.0011335536847864012
0.0001323210978502492 0.0007250839675096286
0.0008660973505047543 0.0002802231653471011
0.0002302507776048028 -0.00018924104116727333
0.0004820686307289264 -0.00010185306417725254
-0.0002520098720346113 0.0001529579144614421
-0.0009688357506796113 -0.00015059424019599646
0.000670775775644307 -0.0011379672111983953
0.00023569306417452941 -0.00022733948725681239
-9.857348915835472e-05 -0.0004996186086389978
0.0003683858091997386 -0.00045594585768512434
-0.00021562820193930037 1.0495785711043404e-05
-0.000840463767678823 -0.000213568316625888
4.343924273455467e-05 -0.0006465322122587919
-0.0013453721451135597 -0.00025073980105451746
-0.0008977277642892636 0.0003886781751465058
-0.0007658867149631137 0.0002694365084838478
-0.0008250034402700848 0.00020013462750190098
0.0010988806561997159 0.0003539719200807631
0.00011074282422005788 -0.0008456661554001526
0.0006179186182922552 0.0007459272999575131
0.00022312074810448623 0.0006263997434863887
0.0001711445136744582 -0.0009051672631087902
-0.00035492807564978425 0.0007047872412780043
0.0004444483867378961 -0.0007383007894680904
-3.382433661465144e-05 -0.0001694754804339686
0.0006050572204775211 -0.00038456793462053336
0.0006513414950116902 -0.0018621564547281382
-4.2717274113317844e-05 0.0008420255133596447
-0.00044374540590067245 0.0005123064840554344
0.0013326685597224877 0.00022131894014383257
-5.088710226221836e-05 1.7992421239144098e-05
0.00012643646254100236 1.4133933856022387e-05
0.0005197605288755095 0.00011426214749601606
0.00046026057839147647 0.0001292467854964598
5.728137013995336e-05 0.0005891047735720521
0.0003142114216770791 7.2742894199551e-05
-0.0007633039472228375 0.0002458579370099393
