4.2787824158533176e-05 5.355788909606596e-05
6.445768052404972e-05 3.9157767282937684e-05
0.030869281068596963 0.028947800284336023
0.0006294269200418013 -0.000335040262634664
-8.347362647585523e-05 0.0007062482744151389
0.0013317238935320712 0.0005955827195983885
-3.936484045314577e-05 -0.0004953994357516003
0.00115863366717911 0.0001023558777453615
-0.001076652658340996 -0.00034052825619969806
0.0007304548175122352 -0.00015682740729414308
-0.0006185008088704681 -0.0007076203772332746
0.00029911033607076876 -0.0008962018580215922
-0.0008008283606018948 -0.0010060116389569592
0.0005752494061266036 0.00031166098097734
-0.0005723689184490013 -0.0004162138914141754
0.00012328286483873096 -8.933801547874253e-05
-0.0015474999928326903 0.0001855323256611859
-0.00021848892485081092 0.00010044722300230373
0.00018632042237924062 0.002011612981402528
-0.0005672974234800185 -0.000991046435096375
0.00040767716743857007 0.0010124993675276006
6.671156499325181e-05 0.00011867584544120883
0.0006954000613803731 -0.0006462521418978901
0.0013943066657428806 -0.0003097969746758792
-0.0005385999628826594 -0.00044222838930577996
-0.0012339340781913277 -8.760836334723887e-05
-0.00011685647734992534 0.0004159594570992848
0.00011852738673562968 -0.0006404250604648491
-0.00044145328229645527 -0.00024728081430088123
0.0004467862345572014 0.0003476942515797899
0.0007583913063228326 0.001010396530401974
-0.0005392137953451968 0.0007153105190069523
-7.779186550948206e-05 5.532102803784629e-05
-0.00020506326695395591 -0.00013372141644354922
-5.172860739075131e-05 0.0006848305947123551
6.529771762101664e-05 0.0004442720462991159
-0.0004095448930225086 0.0003651321390981623
0.0006035536975021473 -3.0192163620946427e-05
-0.0002713757762549876 -0.0017032793547419964
0.0005559167411156305 -0.0003208676318413661
-1.1809423362844817e-05 0.0007207175462600039
-0.0007395784821984613 0.0006193612784506522
-0.0012469072625498577 -0.0010823212365451212
0.0009418683165134309 -0.00016797388578194765
0.0008745295140945216 0.001143019310700521
0.0004860556097049269 0.00043163055791260784
0.0008083791701549709 6.249275170727849e-06
0.00043154075436500656 0.00047193614783269433
-0.0009975313799811252 0.0004981612993763492
-0.0005651456989064483 -0.00039205358100444487
-0.0011679283586349238 0.0008051799566176163
-0.000504585108443444 -0.0006325128946478354
-0.0007377972483201205 -4.382816359911047e-05
-0.0002537992179785478 0.00021902671731886838
-0.0002993371360773081 -0.0005073250169718077
0.00017811234626249501 -5.298630782176477e-05
-0.00017204274071408769 0.001547815776150559
0.00011827463309014034 0.0006335496745193065
-0.0007760397846888422 0.0009480996794875655
-0.0010132346515978057 0.0006943254379940148
-0.0011915882463340325 0.0006170221576444076
0.00020940907076539701 -4.875039780453091e-05
0.0005998265333711078 -3.623915962072688e-05
0.00042051525955278925 0.00015208814844474907
-0.00010236322229290867 0.00040233675885289056
-0.00012824356081377733 -0.00042952345992431273
-0.0003005266354342206 -0.0005293162115082364
-0.0011129906062453154 0.0008452794278953822
-0.0014419658351430722 0.00044452227631410694
0.00012624194579116958 0.001161606369695217
0.0014703518482415833 -0.00015487268285268872
-0.0010142849757394184 0.000811738807358244
-0.0008205828470321887 0.00027280529564436065
0.0001382521029792994 -0.00018688265228978615
-0.00064080650421968 -0.00018193562038830712
-0.00023458684415504866 -0.00020756683487507658
1.580034481566628e-06 -0.0007966093046113305
0.00029560593594329015 -4.784072201446185e-06
0.0010953912189047863 -0.0003102369655363485
0.00015574340447089776 0.00037321076955023177
-0.0016772178412515057 0.0006003664449462251
0.0007662367124668495 0.00032754597210760226
-0.0011726113819549796 -0.00041305731791376333
0.0004455960973645628 0.00016584184354008065
-0.00012157255546508119 -0.0007921978690588131
0.0003224576300578866 0.0016167303091374644
0.0008441429549700585 -0.0004713980350265898
-0.0014401359647917234 0.00025833187156586445
-0.0003160399939362534 -0.001103556894444742
0.0012165320347076226 -8.520400371516376e-05
-0.0007408576347532673 -0.0013132202531868395
0.00033677029394278744 0.0002307982222247081
0.0011753175536463416 -0.0010453748306329138
9.736463292150093e-05 7.083455658278932e-06
-0.00015704043660130765 0.00045994519062910903
-0.00040419303599942784 -0.00018265854257579577
-0.0011244459539097823 -0.0003096608602992087
-0.00030885180920356685 -0.00023442151335746297
3.6558594193161536e-05 -0.0011021363977529676
-0.0004566870396709923 8.44420445037282e-06
-0.00010121906332744423 0.00030524305779893726
0.0001989221865511441 0.001261717070818293
-0.0007999327788286662 0.00033121324795755625
0.0002979664801888708 -0.0006153776610909681
0.0007517547534448656 0.0003889271685355298
-0.0009456111224310555 0.0002780830997813625
2.186523389898774e-05 0.00010975533656740331
0.00030260154734464953 -0.00011503523491629109
-0.00035624183101437985 -0.0004280420015554916
7.699160234309442e-05 0.00042902075116723763
0.00019239991116218962 -0.0006243172803856387
-0.00039939171654650174 -0.0005227089659166214
0.00020359131749568673 -0.0007974439332025162
-0.0008901985981885289 0.0007831196816604836
-0.0001507390257796135 0.0005434447007755381
9.542843418948952e-05 -4.385113216654128e-05
0.0011041668532733187 -0.00025225001894111813
-0.0006048007511723688 -0.0003702744313333699
0.0004470105788910998 1.5910127806894657e-05
-9.409530200601656e-05 0.0005332131938979962
-2.3582460828473257e-05 4.3512939503061204e-05
0.0001177866567062792 2.8454820749448303e-05
0.0003191448672079138 0.00010807569123654543
-0.00017470661339284555 -0.0005075474163290426
0.0006263757393188792 0.0009025305206768646
0.00017678396531666706 0.0004468041656188086
-0.0003262194328598551 -0.0007675633969897527
-0.00020573756358963408 0.0007438426574907579
5.131913123182285e-05 0.0002036304293333984
7.153343279975438e-05 -0.00018836661099850464
-0.00011763909844028621 -0.0006560699053324526
1.4886859871048885e-05 -0.0003537187708724253
0.0010761863085373006 -0.0003199740615668249
0.00011519804091233747 0.0001616893702112039
-0.0006989697961502403 6.674602275151493e-05
-0.000724973002214148 -0.00022941143213476588
-0.00033869415882932795 -0.0008903993698122068
0.00019089417050305313 0.00026754351112312253
-0.00011893305847043458 -8.563556598863285e-05
-0.0006698241920331258 2.405931454846788e-05
-0.00040395536489270156 0.0005249590751521236
0.00031577462188800984 0.0007442292481298735
0.0008095879848835646 -0.0010288786784198186
-8.70163654883071e-05 0.00046593408239881405
-0.0006139708120779343 -0.0004070635658712809
-0.00021605031054785438 -0.00034520880147383246
0.000225112460261983 0.000804995356265246
0.0005419544473361811 0.0002901063898720331
-0.000494604110689467 -0.0005717643870466729
0.0005134039402470891 0.00032631998687827224
0.0007582853945786478 -0.0004195466923075316
2.34698771421901e-05 0.00033595766137393257
-0.00010023920015260526 0.001057105473751864
-0.0005139373269880141 -0.00040388252951301443
0.0008175340574269801 0.00020715933280906655
-0.0015072708758077757 0.0009534023776307334
0.0005862133480895687 0.0003146006602318164
0.00014136395426231853 -0.00034034724282922544
-0.00021652678549628938 -0.0001322741606485503
-0.00010528874442305078 0.0007492111034195513
0.00010449328698392895 -0.00021529004967681134
-0.00010438916113590122 0.001083559871216273
0.0005160299378708511 0.000585862648127516
0.00015901789419702655 -0.0002106386818352573
0.0003134277131244525 -0.00045153140772249907
0.0003870077577126182 -0.0006456571627913856
0.00021017592126804102 -0.0007837863837513087
-0.001275162493008562 0.0012906658753699177
0.00045026288107600647 -0.0007090341864728428
0.0002908584133654797 -0.0006947753119368492
-0.00043636774041366143 0.00015014613159095312
-0.0011110386248414019 -0.0005076541525339558
-3.609914451040871e-05 0.0006214178624346139
0.0004437232488203526 0.000766817873076267
1.579121780256154e-05 -0.0002795242678752169
8.011149411902787e-06 -0.0003602597361529768
0.0006261598614040266 -0.0001987886305886916
-3.308428405946629e-05 -0.00022142692336976175
-0.00021231495483100074 -0.0003296897411953497
0.0006872193194624744 0.001338701700305448
-0.0002878848097721243 0.0006641602989015011
0.0015636392623175016 0.00023939811405262549
-0.0003168125827622303 0.00038410059224979143
1.1764700031775419e-05 0.00044009848274250075
-0.0002890502300073483 0.00022631556914039336
9.372574081889153e-05 -0.00024385279791824617
-0.000428016708900619 0.0002860758367989459
4.856193867671701e-05 0.0005940482569553312
-0.0006815496233906584 -0.0001774780375420895
0.0004743534395964176 0.0004061724336715772
-0.0002307850254575607 0.0010435180653528791
0.0005762254200864479 0.0002716249216143385
-0.0001787355362052008 -0.0003479570622164524
-0.0009948083239795236 -0.00021728630383724998
-0.000795011589898525 3.0735332653247304e-05
-0.0002022679382026502 -0.0005074970015424754
-0.0010893173728946243 -0.0003962098272898714
-2.5010502970741167e-05 -0.001113407530352726
0.0004996950193433395 4.9765991007920645e-05
0.00042949341319309755 0.0003253307786313398
0.00020312569793289262 -0.0010526346513276535
0.0004422750780006642 0.00040794943245165983
-0.0008175741804682524 0.001121592539844412
0.00039677887927756805 0.0006213390276780097
0.00021640745993937495 0.0002566934492851906
-0.00043225732452517514 0.00044061678713754754
-0.0007607665043395473 -0.0004663758164929258
-2.987856819901066e-05 0.0009093538440411915
-4.809940341050415e-05 0.000247501032812266
7.379966156262155e-05 -0.0003160452549565062
8.892720195241708e-05 -6.792560261522444e-07
-0.0005086322267311823 0.000499309601389226
-0.0011114004057923529 -0.0007442394143639503
3.70952448206279e-05 0.00029525303093756895
0.000950175829654888 -0.000328427971271427
-0.00041876949312677806 -9.304057340985721e-05
-0.0013199494244341145 -0.00025789174616716696
-0.0002769420713549385 0.0014602613531154354
-0.0004451997840854196 0.0006128630919235909
-4.652048381548817e-05 -0.0002531825681542961
-0.0006799768018239886 0.00043022122419683075
-0.000579443750015929 0.0004560476739357724
0.0006022070554679355 -0.00014406876781797182
-4.22544821936034e-05 0.00022384019103651167
0.0002369603748230385 -0.0011198604532619396
0.0006783876971989134 -0.0009020202862996334
0.00019018366873008042 -0.00022993405807554199
0.0011579144561682409 -0.0006971166881458028
-0.00027642244640819103 0.0003419000144327615
-9.477546473362475e-05 0.0005688778219945974
-0.00028920796350604235 -0.00023927025280554492
0.0004207330907313116 0.00026514994597085705
0.0006037114113431681 -0.0018105486997708616
0.00010422961136572938 0.0002972880075011853
-0.0007785060696535618 -0.00044690118264684566
-0.00012468544861875947 -0.0009023981835381999
0.0004588681096411946 -0.0005762562213374785
-0.0003124220516579765 0.0006475339802220827
-7.529308429163427e-05 0.0007015697046949376
-0.0010902613263694286 -2.653717350955973e-05
0.0011373954838017242 -3.280624930713677e-05
-0.0004288797488777596 -0.0008273457844385133
-0.0006525739823812406 -0.001210033762537889
1.550755309246496e-05 7.194326609013411e-05
-0.0002721893905391664 0.0002834262615408976
0.0001615552518810082 -0.00015958094875766687
-0.0004121294653287215 -0.0003080622183442104
0.0016663391379619003 0.0004619708287412041
0.00038145051438526797 0.00016263088144972601
0.00034832424220833114 4.196631982376302e-05
0.00012725246044063593 0.0011048869379096456
0.0003124156115284504 0.00011356126966836276
0.00015628787448701434 -0.00011156823585572045
-0.000940492206597659 0.0008754217189387488
-0.00037679102685164175 0.00035083859462524777
0.0011609303619401494 -0.0006766682091112003
0.00036506498446771185 -0.0005927159637474136
0.00026521149632941854 -0.00048076951585122657
-1.7542400362034513e-05 -0.0002745283693343271
0.0006581428797536936 -0.00032424859462016226
0.000669422677443281 0.0001605190813239179
8.806534936480249e-05 -0.0010119478301733396
-0.000993065769130648 -0.0006322140366527662
-0.0007203761063197507 0.0005313345637017451
-0.001053808666763442 -0.00032654501204145206
0.0002963243228101307 -0.0005968730183328273
-0.0007117782355267457 -0.0008033560547019546
-0.00036504374600218777 0.0010887489198470497
0.00016124105353208584 0.0006950429906138249
-0.000163850655924336 0.0016258899958980612
-0.0005813454967588631 -0.00030737363272145254
0.0007221111397640021 -0.00011273586069134847
-9.362046394758323e-05 7.399159560575514e-05
-0.0005476010905032412 -0.0009012823464632482
-0.0011389857835882187 -0.00034208312089187564
0.0003973698452955181 0.00011837541901220715
-3.690909630805869e-05 0.00022503627144235133
0.0009472936494716676 0.00018530352167368648
-0.00010984081925951174 -5.550882472046499e-05
-0.00030278544355514934 0.00013827794014907344
0.00021181587063541607 -0.0004928873836174087
0.0007927966078498105 0.000218503087985048
0.0003289764708853784 0.0005291774038113781
0.0004946133310238321 -0.0006955418867709743
0.0005158662118506667 -0.00021754188635860622
-0.0006724727613938504 -0.00011431311101550025
0.0005597743012405184 0.0007696426846369787
-0.0005641889789806846 -0.00015109029745214754
0.00034176031561813247 0.0003895085779098288
-0.001233670366026521 -0.00043185792861797083
-0.0005120494262826894 0.00010809107438531078
-0.0003690939538839367 -0.00041176819178833165
-0.0005181773379543965 -0.0007342789050361772
-6.791480565943715e-05 0.0006584330940880541
0.00021298376043481416 -0.0007777196351895122
-0.0004614347757715911 -0.0005508369540895429
-0.0005873424587172817 0.0005472720578746222
0.000378834400794873 -0.0004790971706116912
0.0005689556840585824 -0.0006664202723536604
0.00028635483903482735 0.0010422378727425717
-3.6263874282523305e-05 1.4211160892723459e-05
0.00015456232057241834 -0.0003480365470941535
0.0005487267686953144 0.00034645130455421416
