5.553629131881242e-05 4.5372844850516395e-05
4.303240516319216e-05 3.7944918766674416e-05
0.01708208006136078 0.022443324986545148
0.000838026455549176 2.7538512484027034e-05
0.0002744314331117503 -0.00012821297572339943
-9.829113695180832e-05 0.0017009213023052394
-0.00015892177842280204 0.00018141095253178534
0.0006404638863842486 0.0007839651706710364
-0.000497350092608259 -0.0007264486090232267
-0.0010885573229587199 0.00042058517596131725
-5.573827737614536e-05 -0.0014523036906114056
0.0007514866393703013 0.000619232778956945
0.0009689106518989195 -0.0012277104248306504
0.0007531241151573157 0.0012616225536973317
-0.0006995111578951398 0.0007439055206550214
0.0002624849318781716 5.944489030930559e-05
-5.955773024974908e-05 -0.001002899782171605
-0.001523540975791251 -0.00040443531036416614
0.0009146405766579663 -0.0009369979509542588
-0.0010620402796088421 0.0009728826341402327
0.0003537558733737373 0.000731767307099351
-0.0004720521592318309 0.00017846599717562248
5.009581998419168e-05 -0.00011477362452495812
0.0010921328674346196 0.0010120582194912482
-0.0006418157208339259 -3.994129147823414e-05
0.000949602102398018 -0.00043131639351187516
-0.0014082904043391474 -0.00035203533262631516
0.0006813920974873814 0.0005081028589425861
0.000492332155019398 -0.00036552233257932927
0.00010294073324505003 -0.0007310538679098703
-0.00027437051653116774 -0.0002536234658431013
0.001126852491303293 0.00015631551283508123
0.0001648501841563783 0.0012861373272063333
-0.0005887190460520456 -0.0005817353727385179
0.00022006947145101685 0.0015275681665936445
-0.0005065311120524962 0.00044593901229799705
-0.00021340475763044026 -0.00028283862787377044
0.0013947346115753146 -0.0004499863064301967
0.0009832913209939505 0.001509830248109307
-0.000955123983968538 0.0005173258592011838
-7.058838069814537e-05 -2.6971911609685068e-05
0.00011190887224229984 0.0014388912581283543
-0.0006469251794597238 0.0005430939646361517
0.001161575197410474 -0.0005165736039753609
-0.00016394265113058718 0.001148424817838243
3.6130646856453724e-05 -0.0001237431974305838
-0.0008688199795527135 6.745382818329281e-05
-0.00019766352929119192 -0.0006518033960560975
-0.0006678250828626128 8.101218567559433e-05
0.00027784682536042567 0.001112289710253071
-0.00011101640768301489 0.0006337229615818413
-0.00016056157108209498 -0.0004251756571168813
-0.0003907415231806861 -0.0016131677760861827
-0.0004210506174014758 0.00021138764699030142
-0.0004077770715932833 -0.0007297999701483558
0.00024409375063569593 0.0011203307092111537
0.0006679987554877866 0.0005087390952966477
-0.0002895680229947071 0.00014657519753261066
-0.0009549967412995797 0.0011423020040039627
0.001045829672978841 0.00036302216783414996
0.00028418789692538995 0.0003221323343174413
-0.00022793798904690378 -0.00048760359298226493
-0.0006564965688923539 0.00045838643748546005
2.6343833331712146e-05 -0.00021944103697695897
-0.00047034760556773536 -6.184477522745975e-05
-4.118529489097554e-05 0.00047179882808545903
8.217490508769029e-05 0.0006734965104253095
0.0005988833264192772 0.0005520054978100491
5.270249475901134e-05 -0.0009664445459114349
0.0007587004688193736 0.0005305071301439264
-6.262148008868445e-05 -9.80895865433484e-05
-0.0014790062893983511 -0.0005473198264327307
-0.000470905798025451 -0.000706445281613892
0.00037231877694890724 -0.00044939899329083727
0.0010106822060412554 -0.0004023877085102647
0.00012424691926304446 -0.0003155195952822983
-4.469283505258122e-05 -0.0006328088618676743
-0.0003072763184861561 0.0004066765317167816
0.00038702858772199144 -0.00020545752644047797
0.0004452736162597143 -0.000794651395989015
-0.0005968157875398228 -0.0007382415217481969
-2.0996934832044745e-05 -0.00023550977796777607
0.0003527008874078691 -0.0015591452297267063
0.0006551578459713353 -0.0006411788549948755
0.0006999945647954658 0.0015584509890403076
0.0007261527435285888 0.00029209215676766356
6.821256909108611e-05 0.0004391536944953154
-0.00012002983855797166 0.0008106694071962599
0.00012636137325009621 0.00045352024080476226
-0.000500559804759739 -0.0005899270984830361
-0.00043571570426555417 -0.0004718925909566764
0.00010213797978952974 -0.0001762572912609761
-0.0007336549088263008 0.0015172439097777695
0.0008753322811906901 -0.00042971779737185965
-7.582421074619354e-05 -6.991947432368725e-05
0.00032457356825836797 0.0008109265478398371
-0.0005552457278766236 -0.0016690428202342281
-0.0019235811068395374 0.00035447920010264587
-0.0010748955009770701 0.00016724827310523284
-0.0002142732174358569 0.0005808471064441448
0.00019985648407999285 -0.0009448272686110278
-0.00016128255716374608 -0.0011622850874120527
-0.0010073821117705401 0.0012194808707600437
-0.000776281876903957 0.00019468680301281533
0.0007909139587569574 -0.00010407702413676477
-6.708007460618514e-05 0.00037800336349151534
0.0005035832902122428 0.00024004146787604889
-0.0003006231667139343 -0.0007952150823496331
-0.0001932353096130521 7.189880037950862e-05
-0.00047824507710945123 0.0005005030333643162
7.22006592942544e-05 0.00043611951483586475
-5.040253095563346e-06 0.0005308910453231098
-0.00046782750158407677 0.0005430547826771832
-0.0007182258409924011 -0.0010500769036534982
-0.00024569762571853034 0.0004076580885587489
-0.0006843406309104704 -6.434542218155187e-05
0.0003674446259613707 -7.591548992679078e-05
-0.00016974356354830197 0.0006206275663095784
0.0007903639116687593 -0.0005428833695501536
2.949532371084851e-05 -0.0011434684410908317
0.0006314351713469251 0.00018129663775079096
0.0002243038578552599 0.0002865207382744508
0.0016124991602150438 -0.0013877605681201263
-2.4130005657758097e-05 4.537174610854257e-05
8.994417997756599e-05 -0.000765614564232776
0.0001488039981461053 -0.0002860780169424829
-0.0002751069931759462 0.0006287756531540807
0.0010456798630933423 -0.0004174386577190499
0.00020492845176498772 1.5091281934802051e-05
-0.0007726088849712344 0.00045826002277455323
-0.00048706029637064503 -0.00019934584064476728
-0.000931653714877306 0.0010911648164577301
-0.00012078375833799384 -0.0003124919251026143
-0.00031475578689989486 0.0012103022669869487
0.0007706694576233602 0.00016036450245790097
-0.00030726181905978096 -0.00032523644360818633
7.290261161868068e-05 -0.00011687316577716026
2.2836070829637965e-05 0.0002806717243711326
-1.8974477824839383e-05 0.0010353420384644622
0.0004448308446326773 0.00021822692486007583
0.00023644448657363093 -0.0012051479805098822
0.0008037389736522328 -0.0007153320776505132
8.540019708486627e-05 1.054619387168992e-05
0.0002374398361980899 0.0006794174136425158
-0.0008924919252230521 -0.00036463037863364387
-0.0006864002146129805 0.0002851525713945342
-4.1939727407403096e-05 0.00018911950845476456
0.00017400940852339863 -0.0007562379824330625
0.0010956871993307942 -0.000489910756397608
0.00010372808335403478 3.79588063674857e-05
0.0005279073944746901 0.0004122581480339642
-3.585260281964485e-05 0.0001237600922416979
-0.000664878823308695 0.0005530975289463581
-3.1332177228987935e-06 -0.0006215311961201734
0.00020643922918163102 0.0006146339301655716
7.906165569166947e-05 7.873556804429617e-05
0.00021783023594594433 -0.0004546313495923525
-0.00031480850429560123 0.0007248769743927019
-0.001324943398470197 -0.00024471237765895084
-0.0004178929082200031 -6.305195481264128e-05
-0.000339743312495231 0.0005518934100421897
0.00023183527718382134 0.0002950263094472791
-0.0007469790332653124 -0.00018690281563809403
0.0006342457006948808 0.0005918877894317757
-0.0009248874969308597 0.00028224476737195403
-0.0005518644460504091 0.000784048268987013
-0.0008608357216967714 0.0005054090733930559
0.0007855410804567949 0.0005948883742584703
-0.0003730843214849998 0.00043357312327838655
0.0005539416915460841 -0.0006452615900510753
0.00010010313690957626 -0.0003968994034667563
0.0010661474317825504 -0.0011781325968407822
0.00021247331563613645 0.00025485575916094706
0.0010813830581569918 -0.0008498655288004467
9.485827673293262e-05 -0.00032445842252388005
-0.00017911728445369783 0.0007327816043033214
0.0010271057050278305 -0.0007785045097817868
0.00034996620322432843 -0.000247806876250062
0.00028584395665079524 0.00042312933925541397
-0.0006635192360090028 0.0008287073457417896
-0.0003174079448127612 -0.00035450477328535606
0.00043924705374230914 0.0003962217254692594
0.00030356001280567116 -0.0004916772126159554
-0.0002162004188207459 0.0011369469815128478
-6.802690409978968e-05 -0.0002965644280485644
-0.0002569102651464933 0.00032114570234885583
-0.0006188280738392496 0.00019672928621128433
0.0005039399398684097 0.0004291443090083895
-0.0010795428746061036 -0.00033690898540029984
-0.0001890422352933526 0.00036664138621871203
0.0004425697619281665 -0.0005519386753672282
0.00105257494962135 4.5745234641333595e-05
-0.0006016211741192919 0.0008554089996455797
-0.00018698123690852865 0.00014432386438686278
-0.0009555572922881098 0.0007750304800821227
0.00017205032014240055 -3.566607302698633e-05
-0.0001471395843849437 -0.00016750880853818172
0.0003557521589056183 0.0002812611171689276
-0.001088088203330374 0.00039462554997963373
-8.558110959980839e-05 0.0008797841825192864
0.0010705939320273545 0.0013138437756697284
-0.00020292612677704375 0.0010726814009914209
0.0013300827524474405 0.0004756880657630082
-5.149663272272612e-05 0.00019541829838393122
-0.00021547148854529998 0.0009512441463950082
-0.00036914042624165255 0.0001272158760909167
0.00030790281758981506 -0.00026397875052075714
7.357945265756797e-05 -0.0011229869617372919
9.72390746448109e-05 -0.0006653558684114574
0.0004205527485625552 -0.0003244983683253974
-7.310187933261043e-05 0.00040219118393164746
0.000322600692085009 0.0001075883745238199
0.0008082358469718647 -0.00038428016499328555
-0.0012198418122848717 7.018521171991438e-05
-1.5490519701208339e-06 1.98745741568996e-05
-0.0005571522197958939 0.000348913792904258
-0.00015675177913230544 4.7076222313363256e-05
-4.444206319694827e-06 -0.00040065485055129505
-0.0010746145086247762 -3.103323159610567e-05
0.00024569737950913073 0.0005688380287801679
-0.0006050218575639348 -0.00017379627709929873
0.0005706314643475206 -0.001560474481646378
0.0002756680063342925 -0.00020919651636497347
-0.00028236191957157987 -4.776185754203318e-05
-0.00036858999652694186 0.0011000171012149468
-0.0008869982678964928 0.00017979020371775391
-0.0003115313361087261 -0.0002844075155557993
-9.132006373318934e-06 -0.00010913740334649681
0.0007312629238300648 0.00035405715425147326
5.793928724644806e-05 0.0006508380053071111
-0.00010041124140370674 -0.0009274923635397917
0.0009347693402904029 -0.0005871043155217019
3.491828266139515e-05 -0.0010429830653732664
-0.0011625383419777034 7.563039988606509e-06
0.001103320388529952 0.0005408995515308423
0.00023651052967885362 0.0005840877181691642
-0.0007671796680547991 -0.00011429687810109687
0.0005945079302847319 8.632564460709308e-05
-0.001483940027822265 0.0002739906346644246
-0.0006865024178255486 -0.00021014535683406204
-0.00033632474393893366 0.0005122272188496386
0.0011703837754782564 -0.0005785479416700015
-0.00044682953636077636 -0.0002720789089486766
-0.00010568973279299685 -5.121178496980544e-05
0.001236156747601918 0.0010482610362290532
-0.0002674249815764397 0.0006704261716961311
-0.00012200531321724986 -0.00025747402915949946
0.0007181600381605745 -0.0003010967864538239
-2.0989087317412637e-05 0.0013303657332063722
0.0003653511372266687 0.0001253142974324139
-0.00019813063849446504 -7.279102568316537e-05
-0.0008218849914702683 -0.00017136443409634697
-0.00015983162612327945 0.0003387995982971118
0.00033505723016477985 -0.0007104863041653575
0.00023511620315825864 -0.00029028762718187547
-0.0001290175297219664 0.0010007442379759022
0.0004350737493481085 -0.0010761943883520672
-0.000381934081466999 -0.00030801665470785443
0.001371919450912811 0.0009638453400101558
-0.001121441160698131 -0.001476720938258892
0.0007424593657198174 -0.00044311763755360673
-0.0005622886088630904 0.0002946666446856815
-0.0010673925126708605 0.0003428879326645324
0.00039286960013934334 -0.0006287382719935353
-0.00012338328478670458 -0.0004392486239747993
-0.0003851005724716415 0.0004882686844742835
-5.18388344298229e-05 0.0004877143977436175
0.0005513571388525159 0.0013340015603145793
-0.00018806312290512402 -0.0009534710234693025
-3.360517625219434e-05 0.00034513701868963233
-0.00044302524222588637 -0.0004318411344701894
-0.00045635522578143953 -5.855639913848071e-05
0.0006711731880951135 -0.000986593446611128
0.000599222507051894 -0.0003742599168808813
9.271170178613378e-05 -0.00018063098099145046
-0.0005529935301530649 0.0004498585294438538
0.00022227853672184176 0.0006598659317357886
-1.924565539266624e-05 -0.0004503749477096318
-8.669687081500779e-05 -0.0012864132508705677
-0.00041463296054103827 0.00016336329770221355
-0.0001518777395928745 -0.001126013881871918
-0.0001856056240465958 0.0005564876093888757
5.180722134005473e-05 -0.0003565477452100764
-2.666182926802199e-05 -0.0009658660969212243
0.00010107164756098283 0.0003750986518963084
-0.00038080531255713014 0.0010162475652500309
0.00011021077485330644 -0.0005849569242466859
-0.00010541385681474838 0.0004896124299785911
0.0013453411578468832 -9.631323385380435e-05
-0.00037377859580340294 0.00047434574879296084
-0.0008106896281143743 -0.00010386943387738251
-0.0008810375245264552 -0.00010976632757498707
-0.0004447725465639331 0.0002873679218430531
0.00020763044514041857 -0.00014668801660318236
-0.00033323361172859605 0.0003326798871119474
-0.00018069432452870826 0.0001516787605074452
-3.793553843262359e-05 0.000569323281568127
-0.00037644752736327194 -0.0012282927486204208
0.0003070865293165987 0.0010200129101947954
0.0001954868950294717 -0.0008626103762815996
0.00039452686158845886 -0.0007991969123559868
-0.00044704449622847575 -0.0002631631145368059
-0.00017719125339081128 0.0010094731515356043
