2.9088939546134906e-05 2.4982081312223565e-05
3.6322791056662255e-05 3.2361273661885474e-05
0.020728222838077896 0.017559103454886236
0.0011044234779639798 -0.0006318698735540595
0.0007305780354886337 0.000354862128997639
0.0013345319624259197 0.00033640593345203714
3.336123041643507e-05 -0.00013458582987323851
0.00029505553554307545 0.0014740374919879908
-4.874231294366469e-05 -0.0008274068273557221
-0.0009531193092777453 -0.001079340214912846
-0.00099582759889505 0.0009156963349885582
-0.0004591150776355835 -0.0008542547201841353
-0.0017501982906532327 0.0004978574135376581
-0.00031538614829315094 0.000770055483042822
8.882545704566684e-06 0.0014718604960248394
-0.0006201058469077048 0.0011024597215776675
-9.170483818436481e-05 -4.4207486508293455e-05
-0.0018190487323457905 0.0003918425096722234
-0.0005844941555451502 -0.00019740321360277974
0.0012956395730248384 -0.0005740259213938864
0.0005127199789134105 0.00043018466711474687
-0.0013152900574326014 -0.0005389739723986551
-0.001239362691866995 -0.002192034939373963
7.653385561806107e-05 -0.00023533604445826858
-0.0005131837029881019 0.00078300168370301
0.0008948508786556832 0.0006375494058294457
0.0015332662809398872 -0.0004075172677158195
-1.136213151846401e-05 -0.0003833394280936165
0.0002741484364429402 0.0008105480957551874
0.00028062545271236375 0.0006004417120247556
-0.0004388345563626141 0.0004264346830914072
0.0001931049436427049 -0.00018417053419564716
-0.0005342344807434071 0.0007720410750864409
0.0006879507436236002 -0.0012225165142534685
0.000904951273886438 -0.00013303175623047956
-0.0013889260658175796 -0.0005290440025049664
-0.0002247064803238439 -1.4222173878939821e-05
-0.00027294450726262883 -0.0005421859096504264
-0.0002087990413647369 0.0007541780990232871
0.0006968925047291157 0.001313371409499563
-0.0017336048587640058 -0.0006176667435605329
0.0011527766265733033 6.702881784634495e-05
-0.0003512144286723497 0.00014590318479916782
0.00010024842009300745 -0.0002712642973668017
-6.410887004864408e-05 -5.552812121443104e-05
-0.000889695303695649 -0.0013005034846006267
-0.0007412367286257544 -0.0003729976812284225
0.0005974847301036788 0.0010004861663895953
0.000365002431847067 -0.0005787033211984829
0.0012092426356362684 0.0010268379009085392
-0.0008089092865802296 0.0006525776913633057
-0.0009699400629538724 4.519593245449001e-05
-0.0010603844936492347 0.00030200708548788513
0.0004519473690390815 0.0002798589277426657
0.0005040595763502406 -0.000830421174864689
-8.527576908117406e-05 -0.00015056812579405615
0.00036321587598861456 -0.0004971150775418111
-4.4433944296677744e-05 0.0004685172040815106
0.0005955431063830903 -0.0006808234833048896
-0.001976930391701344 0.00151376414441001
0.0004055366692064622 0.00036093409168086893
-0.00013804947781000552 0.00014711647261494016
0.00014288371324788795 -0.001608643829844442
-0.000842654127207979 -0.000664039887728548
0.0010850185217802352 0.0005531775428150337
0.0001709279998932289 0.0009936979883134868
0.0010067339741468852 -0.00033936928290638084
-0.000772505498664667 0.0003096851371980933
0.0003385934881448382 0.002355301069425491
0.001911141549434649 0.000188497461956233
-0.0011247863628332387 0.001721375445467032
0.0005482891699698863 0.0006433712718942155
-0.00019154007450714427 -0.001361021268883798
-0.0001999722713757556 0.0003559245349681259
0.00012267066059601904 -0.0009824908483801202
0.0006402619785663033 -0.0012367082655409833
3.240784572092569e-05 -6.237962468700866e-05
0.0004096114202275879 -9.219386899573021e-05
-1.9558662979943685e-05 0.0003994157370044178
-0.0013715214437522653 0.00011866024214703493
-0.000674872716016228 9.496082813028157e-05
-0.00017004236371172008 0.0013628706419345172
-0.00048736841004482764 -0.0006181711420334906
-0.000548616397453557 0.0010453170130646536
-0.0002445904897467585 0.0008188579293608733
-0.00036706421930010776 0.001190018427035856
-0.0009168820591223973 0.0001783737977032163
-0.0008037243353403777 -2.4282279603350617e-05
-0.0009826203543067324 -0.0007588956641795484
0.00010609350954410602 0.000461755198051406
-0.001127371474036195 0.00022185650416980818
0.0004501585431208979 0.0003900638365911979
0.0003897227206615515 0.0008541345464561998
-0.00034952633502291264 -0.0003215254850875942
-0.0009469711940821938 -0.0007453546145412918
0.0007759752015269332 -4.403654465636654e-05
-7.229147557200165e-05 -0.0011136295796579665
0.0007945208841070907 0.0005609094558142579
-0.00038841456415864803 0.00027959677064635
0.0006617026854973847 -0.00019440189767074847
0.0005594140120542728 0.0001576636129864366
0.000517128761631464 0.000488447358647041
0.0007643313296279549 -2.6897361116050254e-05
0.0006349545027911189 0.0008924940444646512
0.0003995068841737401 -3.1384791378119614e-05
-0.000824359106891498 -0.0015046558328079007
-0.0008010862139228552 -0.0003894171812057802
0.00033042870068484545 -0.00011433566494249693
0.0002715577349744588 -0.0006757691066490536
2.8686463736567135e-05 0.00032171876415033624
-0.00023586283001516376 -0.0006051026917662809
-0.0001483883913044029 0.0009583957941007137
0.0006761162201202696 -0.0011011236079337874
0.0003359872424937605 -0.0009612510518013885
0.000434209383761063 -0.00037278458616497347
0.00043992502077379477 -0.0005071062842572553
0.00030967191542724456 -0.00022480507257003604
0.0002959335178457143 -0.0006825248258416401
-0.0007638907151057951 4.948833845660791e-05
-0.0008210129939966543 4.109517537214095e-05
-0.0003463288539995759 -0.00012742732046006042
-3.789296321420118e-05 0.000284071010085463
-0.00010373057973517675 -0.000719428863328518
0.0007373540601304621 6.425538645135087e-05
0.0003704348157304772 -0.0010182630472547643
0.00041251836684272076 -0.0004471966377239925
0.0004877670607865582 -0.00029695239518728444
-0.0004274847620529725 -0.0004146204853870058
0.0003960028358903322 -0.0010497207350665188
-0.0004013945699361261 -0.00044773543335501864
-0.0002629194954973203 2.2107103501107817e-06
-0.00014087263863421626 0.0005802428802155732
0.0002346081470093976 -0.000605556574310897
-0.0015398983232008782 -0.0004204669985737119
0.0003336463165707531 2.1592496837752467e-05
-0.00027735048833251315 -0.00016090365927959094
0.00040922058720909587 9.229816103986332e-05
-0.00012365058919369925 -0.00013720858228564284
-0.00030472264422502034 0.0006379988462003859
-0.0004458997438921216 -0.00024230850416204688
-0.0006478114653027511 0.0005377283684086072
-0.00044111476727256053 -0.0002016921439310801
-0.00037223097559901556 -0.0006986751684558282
-0.0007587301734313279 -0.0002487250729974707
-0.0005239549803694245 -0.0003042050505292895
0.0002194582166337047 0.0004654376293731822
6.630236088256777e-05 -0.00117790637836294
4.975881256959684e-05 0.0003138202300835304
-0.00023058496903347836 -0.0005723754531444635
-0.0008258531717664306 0.0003526940043869808
-7.428696689297285e-05 -0.000316604832136483
4.2454377545199704e-05 7.57573585393831e-05
-0.000488790394121895 0.0012272888840084858
-0.000249828238959346 0.00021002511635251665
0.00015174145753661281 -0.0009892629172820414
0.0002646467420892558 -0.0002899430945329489
0.0009101713795221764 -0.0002090291755261917
0.0001591646497378015 0.0009773768557735946
-0.0002348537966336028 0.00010494915125182746
0.0005474520258346234 -0.0010274268294918872
-0.0005009309347894376 -2.1986122409717954e-05
0.0007160096656930692 -0.00014011486479753582
-0.0005248061232223646 0.0001342019312186705
-1.613197886929092e-05 0.0003294629362808208
0.0005159632013756791 2.9197901188336237e-05
-0.00015418493586765315 0.001137465955376002
-0.00011760646709148617 -6.549123580193729e-05
0.0009358817750291629 -0.0002788507268025059
-0.0005266278387937436 -0.00018067109189625683
-0.0002910999978287532 -0.0001482994923764513
0.0001109547697059076 0.0006345827159613683
4.046224297423728e-05 -0.001148734552429353
0.000145893013537753 0.0009101000318072967
-0.0007815895794329035 -0.00032603322539411026
-0.0001608657709839166 -0.00019142619286438846
0.00019731810694451727 -0.0006371058910168929
-0.0003951737398238352 0.00025615177246445116
0.00014275326060160303 -0.0007865914692278263
0.00010136422300024117 -0.0004968223871709234
-0.0003756850269431802 -0.0008293910986472157
-6.193764459469693e-05 -0.00023537407286901608
-0.00017968894910234202 -0.00033796203996914
0.0006096012788454637 0.0007090840138371259
0.00038655025108986867 -0.0006631817932741051
-0.0006445151339983684 0.00018986200985563498
-0.0008921554063327031 0.000662133441446799
0.0007951831985276872 -0.0008105113358290526
0.00017908196013449365 0.0006465404451851885
8.06180928072953e-05 0.0005249299951421627
-0.00038062445052333406 -0.0004096552631832697
0.0002602507538404342 0.00046705228919710927
0.0003141120187554752 -0.0007365003275188094
-1.3913095217645643e-05 6.028937119218758e-05
0.0008903537553198561 -0.0007739918655017393
0.00030425125634101743 -0.00022295283566797452
1.036428085661546e-05 -0.00036773177470108816
-0.00024167065216385583 0.00014380085928839394
-0.00010576948892353699 -1.375891910011781e-05
-0.001079841134204364 -1.5038701589674436e-06
0.0008700421118975209 0.0001054338722882796
-0.0006701974124461429 0.0008323476478691805
-0.0009082946325936939 -0.00023000218291812605
0.0007169230183237121 0.00023364048424746845
-0.00011913017616795462 0.0010964053771569254
5.854538178162797e-05 -0.0005083075662174999
-0.0003398391473578044 0.0005540882357883094
0.00040209195918662144 0.00022987829035863713
0.00029135357971712473 -0.0006452280015469649
0.0007630325799785922 8.621186148020624e-05
0.00044683607030992806 -0.00021721868215397697
-0.00010366137933019598 -0.000408237269558433
-0.0010268136783388704 -0.0005217523852873645
0.0002537425987770633 -0.0006266782234187201
-0.00014591673524570503 -0.0002052826226961149
-4.0312110786010506e-06 -0.00025878973123019493
-0.00038338967904315215 -0.000734071749146032
0.0001338622599028213 -0.00022091474064392616
-3.531750308010441e-05 0.0008733237917858391
-8.152479730998472e-05 0.00030476045908607195
-0.0001524905916763888 0.0003176655707056112
0.00043499074629531397 0.0006361807567064958
-0.0001228218925560852 8.423312295247657e-05
-0.0008680013802777614 2.8026172382641136e-05
0.00011841519163348227 0.0005795703270304043
-0.0009251257068219325 0.00015847001446395393
-0.0005637402527060046 -0.0007228701465012965
-0.00019086844736229753 -0.0013346209949092092
-0.00022203735049666328 -0.0005432921824638165
-0.000483710525250162 -0.0002613924232331844
0.000880878168933709 7.993769859939162e-05
0.0003209205656431166 -0.00026817193860199446
-0.0003481094517689979 -0.00021422884668055117
-0.00019054831562551365 -0.0010658711025960197
-0.00011718614194549064 -0.0005328452367916725
0.00012522238692495434 0.00010009956607241029
0.0008557356089395493 0.00029283752418346655
-0.0006393900659773924 -0.00041843015668777594
-0.00024176723011740911 0.001119735247121453
-0.000753685028173346 -0.00019485112500435274
0.0010222572567270196 8.092753060621572e-05
0.0002708260833062074 0.0006022924995257618
-0.0016405767262362024 -0.00047187151238591935
-0.00015214925189965714 -0.0008480667597002074
-0.00022566499653446716 0.00019597052572904014
0.0005229545877700628 -0.00010601912514400005
-0.0005373278522542486 -0.000970245748537759
-0.0005563482148194715 -0.0004143139077349187
-0.0005995257576026287 0.0007672781420592726
7.090414754602189e-05 -1.9351763046763607e-05
-0.0003944739050529491 -4.544401792546768e-05
0.0002523966303592222 -0.0006189128551846376
0.0005054542320954764 0.0005493540597478004
0.0002339016264571506 0.0003147554933183537
-0.000639948700155261 -1.1090741498527795e-05
-0.00012590499037549503 0.0002119000584187123
0.0007176607359176876 5.292419721716527e-05
-4.982386240472913e-05 -0.0003918299636661188
-0.0008045078329344701 0.00012228690526880243
0.000587380645255162 0.0007169927469623186
-0.00034651739298671626 -0.0003890823165002888
-9.019885344285783e-05 -0.0003544437595713679
0.0005211558157747324 0.0010351894694426414
-0.000512471652337944 0.0011063974370439814
-0.0003174206403456958 -0.00021665232312318458
0.00016564826570982842 0.0009307214011817722
-0.0009464869983870401 0.00022692033155110949
-0.0009647918300670872 -0.00037651818474376223
-0.0004644172051681516 6.58712630167025e-05
0.000533608459380811 -0.0004074811015656385
0.00012548873955738513 0.0003434386676696926
-0.00021491556339097755 -0.0002785223690942321
-0.001084301881485826 -7.399660240255307e-05
0.0005147945813823159 -0.00035940134292563176
-0.0007336839767942278 -0.000784705963788388
0.0002694163033577317 -0.0007797043367024719
0.000436081564206785 1.4503557597457924e-05
-0.00022812604297054045 6.389651080248744e-05
0.0004896321989296381 0.0003009626762278404
-0.0004616839960028067 -0.0004219884517531103
-6.0962588840617755e-05 0.0005953513604909824
0.00038427025576227044 0.0008098361567373908
-6.790236003548478e-05 5.1579482523622534e-05
0.00026148815285814095 -8.552901336857263e-05
-0.0010302039625677748 -0.0006225766701605062
2.1837264540702818e-05 4.350346193740912e-05
0.0005846286305706336 -0.00043151153565784873
-0.0005415959335277522 -0.0007179994660072717
0.0001419868867684831 0.00036355027493580744
-0.0001495290598494197 6.79433632650993e-05
0.0003271866188308255 0.0004339413674729209
-8.097073894746487e-05 -0.0003755529606132941
-0.00033278293579020536 0.0003040338696327282
0.000148060804747883 -0.0004211655571079596
0.0004011700858737727 -0.0009085116628775247
-0.00019813087227514418 0.0007482445798586833
0.0002972032094321898 -0.0009882542914642135
0.0005202291616957464 -0.00044929962766400135
0.0007230334695729174 0.00018000304117518553
-0.0010650542593389723 0.0007632826864331464
0.00014496193025556695 -0.0005491985609611705
-0.00034265143140943424 -0.0002324811060838691
0.00020212706634111495 -0.0006073737435134795
-0.0006429734251517413 0.00019907546598342288
