1.579660456549096e-05 5.354155085134428e-05
3.4709073165986686e-05 5.00785475102707e-05
0.023622082891153532 0.028829908569585637
-0.00042570254997875294 -0.0007916967533679046
0.002570625420401725 -0.0007886491795038152
-0.00041870581120782055 -9.098529460451727e-05
-0.0009566462592967544 -0.0005165700872217923
-1.4017398540217088e-06 -2.8492343616366602e-06
0.00042499585110347015 0.0010204480624892514
-0.0009643900082208989 0.00047115583167999274
-0.0012034331050238105 5.5819769255848096e-05
0.00015343599787625222 -0.0003433217104251311
0.0006558339231492635 -0.0016962126860159258
0.00031456300007786677 0.0005829642633912862
0.0007995276307077799 -0.0010282416658719733
0.00012476942645980443 0.0007325641734985794
0.00030027605031349055 -0.0008966185476329962
0.0005792362956877638 -0.00021556126631371505
-0.0002167590352906481 0.0005276368483521605
-0.0005302178829390458 0.0005837460469894511
0.0002849430845976213 -0.0010746544090566251
0.00012575098422898238 0.00032492232442024084
-0.00048540211159326085 0.0005447413369001977
-0.0011911213426502544 -0.0015495816474787444
-0.00037218708003312553 0.0007684175705526945
-0.000459030014797651 0.00077365409475292
0.0003871585156566901 -0.001052115362410977
-0.0009840719968313334 -0.0014711972706962138
0.0005545288602198858 -0.00022107920403954923
-0.0009990167824060015 0.00042078396626844323
0.0003072323917183725 -0.0002260819777262143
0.0007307457768065992 0.0005786727277199016
-0.00028883247776448513 0.0007322752362166623
0.0004544053047940174 0.0011680425985718128
-0.0001974640604091953 -0.0003982539021174401
-0.0007766844487091211 7.582647118751244e-05
-0.0012420852632375867 0.0006428690583336746
0.00014022218620002164 -0.00011650168699848325
-0.0005772686891371307 -0.0020004406066549134
-4.7473675272817826e-06 -0.0006424580273535964
-0.00013004011501172713 -0.00022326861996094298
0.00037436552938019505 -0.0003862501897898115
0.00048720198462667694 0.0005485557113554336
-0.0011302384536578563 0.0006805718409988111
0.00012896341724463886 -0.0004738199704931868
-0.0005911683924203591 0.0007096024775103885
-0.00015933999531550272 0.0009553378202184341
0.0011191190919965985 0.0008316347797392561
0.0022816917818456748 -0.0007091168398558019
0.0005916918375690021 -0.0005159913353382117
-0.0016848109479591794 -9.316814159831552e-05
-0.0008309342025839645 0.00042545724382218343
-0.0009223456854063568 -0.0010350057597458225
-0.001083205562405979 -0.0008735771566161907
-0.001851604891010818 0.0011760999750575801
-0.0010315095193938215 -0.001175867770157278
0.0008012766412983224 0.0009901821917774022
0.0005856561814889443 -0.00024454450360946465
0.0007054188426968934 3.1168200438263796e-05
0.0002591181009991118 -0.0002273942004633071
0.000152665176363056 -0.0005397761845432094
-0.0008970644349417297 -0.0005232608276403551
0.0003520457523976163 0.00038475272302722005
0.0004430824849922233 -0.00021860589639830793
-0.00043800322919074474 -0.0004894163651699318
-0.0001256294069432545 -7.780240552744972e-07
-0.001974891914751875 -0.0004617956944973691
-0.0004375620985065359 0.0004020846688110997
3.057386044437419e-05 -0.0013457047689476604
-0.0008212739156827416 -0.00030917830235517634
0.0005156821672600645 -0.000648757923166742
-0.001112535155609031 0.00048386951022123906
-5.484838383357994e-05 -0.000647954588312213
-0.0006801133701476803 0.0011403638903829485
-0.00029470457605964136 0.0001827826176368349
0.0003177815287298599 -0.0005678244872521364
-0.0001987739336861096 -0.0008898249670850908
0.00025451933778472644 -0.0012909527469377785
0.0009598667827743558 0.000792534492535839
-0.001076004871382944 -7.926586919344714e-05
-0.0005915354679600002 0.0008754967632322655
0.00011380220097298067 -0.0010332390585511692
-0.00010407458545857105 0.0011973892258189595
-0.00041686354038991886 0.0006319460254380349
-0.0006138777186549546 0.0017657176828304406
0.0008944593970268335 0.00012872275297897678
0.00026097109724147304 -9.077152995982378e-05
0.0006740655776112731 0.0008801189685147501
0.0009144985903537973 0.0005643742634389229
-0.00018041958041696885 -0.0004854909493994782
-0.0010739003654904084 0.00042334320155294563
6.940972275754794e-05 -0.00026590821702899165
-0.0005660119338460554 8.086370233704009e-05
-0.0010151698260425868 -0.0006154862162912558
-1.9304384385915228e-05 -0.0010766847918786833
0.0007457246715041458 -0.0012880251017526778
-0.000371165310837534 0.00033746236135962605
0.0006018273200348857 -3.9901246950449135e-06
8.804888622321635e-05 0.00024598830582177393
-0.0019488016704919207 0.0010707985545692774
-0.001693533846537339 0.0016129929536864373
-0.0008302550382494276 0.00036633982138523216
0.00048563879353275707 -0.00027518576585706445
0.00011568887469215055 -0.0006307552777957731
-0.00024258233105482708 0.00019207382171261816
0.0006471325989894689 -9.756942347827827e-06
0.0003536641776264075 -0.0008853212745471607
0.0006094432422515585 0.0001196706092345761
0.0007673379082882827 0.0002819631886782503
0.00018008735066425666 -0.00010843247339807287
-0.00040362983487255414 0.0003806877733134546
-0.00029929520713931675 0.00013747973675391707
-0.000431893283298011 -0.0004755920758261741
0.0006577437164165941 0.0005252964316380122
-0.0003270581943169616 0.0006552672489873507
0.0002285367245272849 -0.00043606067319671
0.00010277925564418488 -3.871843441227016e-06
-0.0001685551619806257 -0.0005365671044006695
0.0001648974156636987 0.0006806786113934742
0.0002605954949337608 -0.00033360377244830944
-0.00012633145978406166 0.0001676316191624858
0.0007725160303570702 -0.001208454489303596
-0.0008856894355740959 0.0007320574559599156
-0.0001955901469341053 0.0003050763853795178
0.0004566995518531305 0.0004366097623774908
-0.0004369272761969788 -0.00023144376053334253
0.0001970272980339402 0.001425703282974805
0.0002961449425989479 0.00029381029007483235
-0.00026261642953195327 0.0007374945976746853
-0.0008902029697696657 -0.0005218285869840821
-0.0011210517087933405 -0.0008038399276678535
0.0003828661007702026 -0.0006613954564963872
0.0006344338953834125 -0.0001737483803997103
0.0006979012043371271 0.00027163853955588276
0.00040194129003241844 0.0006050060213871182
0.0001007218859257843 0.0005204096157530136
-0.0003389170182678748 -0.0006205076443063177
-0.0005751849388821315 0.0007924915430102587
0.0002681665342860155 -0.0003329793757637476
-0.0005453031184926601 -0.000362801252557598
-0.000359285835533427 -0.00022310131707763503
0.0005233513552694651 0.0004247418595292946
1.0500103757242523e-05 -0.0008776710377300485
-0.0005909247151162876 0.0008164277040277047
0.0008394078442341814 0.00014098532872739979
0.0005449544501911629 -0.00017136698121008126
-0.0004158812070409703 0.00041071258358843765
0.0003980983578447412 0.0004722549296834623
0.0002358913380844994 -0.00035693007461452754
-0.0008242981364871174 0.000801052851827262
6.184200252820832e-05 -0.0004762860662525366
-0.0006396242564785402 0.00034720169613632854
0.00028324487501920904 -3.324891822737582e-05
-0.0001867311834588058 -0.00015252296376594738
-0.0008044774273303665 -0.00020407508350343102
0.0001844173719122369 -0.00012845538487329648
-0.0005222821159916604 -5.603428207443921e-05
-0.00043327186005455204 -0.0005545873175586673
-0.0002973926943938732 0.00031172766264157207
-0.0007845755824166605 -0.0006171460585894466
-0.0011295611595227486 0.0007224216633547619
-0.0005546284160722625 -0.0005102521644785125
0.00013441392414622412 -0.0010643979736937694
0.0006205216791564911 -0.0005268194203593646
0.000607046172610017 -0.0008995443625537387
-0.0001242552694660634 0.00031804679867988286
-0.0008287420872753187 0.0008032068775927192
0.0003955098761728503 -0.000548626450699864
0.0013894072021228688 0.00010112407593342832
-0.0007618923417376308 -0.0004569576351039114
-0.0003922764686852278 0.0006561928092164828
0.00041909666523854745 0.00025341962534727603
-0.0008056196756217828 0.00031256244225265323
-2.654338581471423e-05 -0.0006921495188549783
-0.00026313398156907827 -0.00011006192116580485
-4.4596227764327734e-05 0.000847948886057291
0.0005401016345359927 -0.0002356881858434944
0.0003402972879417208 0.0005780180450681092
-0.000449666448568542 -0.00039741308430053774
0.00022527954433120936 -5.709441035797715e-05
-0.0004658579058709647 0.0003999454363774076
-0.00035701910364500196 0.0004959717666117106
-0.00029948874352483896 -0.0005187177539527588
-0.0002196690977068287 -0.00025349839453019595
0.00019415156149975532 -0.0005745801010682648
-0.0004493690063447002 4.085567074545781e-05
0.00044410695753340797 -0.0001286067165510793
-0.00035610626604456086 2.402253389527554e-05
-4.615921201555396e-05 -0.0004428629985887249
-0.0009689541993523766 0.0005203004481552732
-0.0006657428659601748 0.0006415184789247018
0.0002938210308274409 0.00023468623686122335
1.3797793796240155e-05 -0.0007527321267573378
0.0005650029207386595 -0.0009508085296013915
0.00013342220992866187 -0.000905332324231284
-0.0005564887926540091 -0.0002622090863764545
-0.0003424940035692205 0.0003800141388130026
-0.0009604276850319345 0.0003072779579909023
0.0005379088463941094 -0.0008354644725205168
-0.0010876244704962905 1.544168584850442e-05
-0.0005254068467040084 0.0002684622353358439
0.0002907945891889315 0.0005010968903920259
-0.000565403014319579 0.00012857024929285204
-0.0011168854506884494 0.0007941987260818668
-0.00031173816700077957 0.0006716454844106855
0.00037317888713686576 0.00011624357425534001
0.000779923083093449 -0.0010075779767899319
0.0005369228576255892 0.00015723949135130184
-0.0004309376267751534 -0.00010896204515778919
0.0007432375874532845 -0.0003033819372980656
-0.0005978259769752148 -0.0006426977845060317
0.00020761599689430625 0.00024793133677591175
0.00010283185490044548 9.985942673424236e-05
-0.0002601067717172279 0.00023351899730589251
-0.00013769000848945945 0.0004298766486455686
-0.0005005537540001292 -0.0007611810060750251
-0.0009664414533902151 -0.0008354768698720104
0.0006023664201898222 0.00019321775664235872
-8.684110357161254e-06 0.00016905587703380174
-0.00029287514461029184 -0.0009022512500941988
-0.0005245352737520257 0.0007753052140499741
-4.9865285186720706e-05 0.0008528308734742694
0.00048199978226294105 0.00038732393498889996
0.0001174430144139699 0.00023791448894853816
-0.0007336344800149305 4.353870141003079e-05
-0.000472291221448177 -0.0004890522607608208
-6.344705158164883e-05 0.00022170238030388016
0.00098860013221692 0.0002450996707626412
-0.00015077650475319004 -0.00031852583293616715
-0.000662392868658531 0.0003156197216474147
0.0002508896140128541 0.00017367602177033333
-1.2544882024266945e-06 -0.00032436002605339137
0.0005562162901554884 -2.983417383657174e-05
-0.0011980549063479486 0.00029268030735395725
-0.001728930104637105 0.0002692168367193672
-0.00040114447550927186 -0.002003232297048663
-0.00032725522138493847 7.403245884744486e-05
0.00029451243307170125 0.0004325642382823044
-1.3765167045303259e-05 -0.0002562926218237716
-0.0007463204932138047 0.0007243237548159954
0.0002568467848467465 0.00019661435774645546
-0.0005019997346344094 0.0006708145650132454
-0.00021592255029222204 -0.00037760169505904334
-0.0004642682535561003 -5.670574333882617e-05
5.356269753718227e-05 -0.00014172286618776948
4.344249735944795e-05 -0.0006688211917255253
-0.00024753388000316336 -0.001248123018872046
0.00018203531445484434 0.0010587380729750549
-0.0002985414671179043 0.00011362697720275044
-0.000831763557289017 -0.0003258877463015282
0.0005158249184221897 0.0001961416836845257
-6.141321138167044e-06 -0.0003852712337149449
-0.0003992361899441486 -0.0004444973630121095
0.00023316297117775955 0.00029641188543726323
-0.00019499567010552543 4.615877974143202e-05
0.0001579173564807134 -0.0003815238062124479
-0.0005566071926426492 0.000224302044366628
-0.0006983926927015448 0.0011294878929660752
0.0005942417033604898 -6.050310965438493e-05
-0.00015799076685323255 -0.00047276126031821196
-0.0001744819319134762 -0.0006546336279804873
0.0003914228910411934 0.0006068565875055588
-0.00021997106985665828 0.0005500152860531821
-7.310237240357318e-05 0.0003010861082499641
1.5856536989353356e-05 -7.574618717670922e-05
-6.666982129814568e-05 -0.0005579630324788846
8.765425854185905e-05 0.00026589928982974267
0.0010964921770321228 0.0010302404798081773
4.922772874984565e-05 0.0004592054087965365
-0.0003437515435231567 -0.000585152763103805
0.00015982603364942877 0.0003343310086983351
-0.0006673118093456209 -0.0005131140218757413
-0.0005213228404382924 0.00039789168728072413
0.00016268784578161785 0.00047278837426458615
-0.0007429726132362788 0.00019648072583708124
0.00021308072716734054 0.0001746925881903102
-0.00037786430381819017 0.0010479889212476198
-0.0001812030620930685 0.0003721648649302644
-0.0002839239760522773 -0.0007946294068271422
-0.00025224800180248487 0.000673977601949675
-0.0002777743105061768 -3.591960073589348e-05
-0.0005867097338115192 0.00038793197910398956
0.0006595928373739459 0.00027632272084444925
0.00029318307081415296 -9.403107525504714e-05
0.00041798577355263086 -0.00041146136869036606
0.0011088460519586036 -0.00042183881345483155
-0.0008643471292161815 0.0007629115429633347
-3.271473549199262e-05 -0.0012178938644902282
0.0003346616666010737 -4.902657155422382e-05
-0.00034853024430187306 0.0010445108189550436
0.0004920177832231125 0.0004282047533734677
-9.78508333826662e-05 -0.0009012225288459783
-0.00034679933759748557 -8.525647679944025e-06
5.9481384812504576e-05 0.00010244367654514743
2.4509772979311918e-05 -0.00013650025394906594
0.00012831106815135943 0.00017864895312887007
0.00011062445585245675 -0.00037894450154774375
0.00019065311493557147 0.0005056688415230995
-1.935645863988646e-05 -0.0003939122446642876
0.0008012542930673578 -0.0004153462157894239
-0.0007542503048497512 0.000708772699104275
-0.00025801959630867975 -0.0011827693893538952
0.0011306699113942293 -0.0005531380047457251
