5.421261643676004e-05 2.2921757602342375e-05
1.742724908934852e-05 3.726224585064698e-05
0.021826491522207624 0.026799841073434815
0.00013506030662301013 -0.0012399697771136012
-0.0005191315001355948 -0.0006106027669386494
0.00034572286941842286 -0.0006351253989698522
-0.00041938055574302285 -0.00028259151976607925
0.0004914699698082866 0.0004985602050397474
0.0010129546149554006 0.0004422329196681224
-0.0015162585149668566 0.00012713273027794393
0.0009611315211357572 0.0007034173516360632
-0.0009123239916613775 0.0007537316788051899
-0.0009392577082736913 0.0003313514454562435
0.0005976134682875049 -0.0009265265583345527
-0.0008025114198051159 0.00023605302315879924
3.153084634277779e-05 -0.00043389742066606934
-0.0007244014498767315 0.0021759575998673304
0.00019690142935774047 0.00014064519612831504
0.00026123885538055736 -0.0005865133005763319
-5.526973742630739e-06 -0.0007029745651116483
-0.0008211076159911176 0.00015455013094023507
-0.0002674554762885423 0.00036373965088468813
-0.0011045764072267021 -0.00044571863344518303
-0.0009922500071582868 0.0008513903651705562
4.0999040821476806e-05 -0.0015927289595355338
-0.0001077860276576233 -9.639411006175666e-05
-0.00016285899872733685 -0.0005065133976902091
-0.0004578350098227533 -2.376031457912333e-05
-0.0006829044981012674 -0.0005193331414348449
0.0004092560283392179 -0.00046193792627065316
0.000253281679683113 -0.0009838434268602141
-0.0005354283590637645 -0.001155795899961905
0.0008470742641834904 -0.00022723979227612484
-0.00022914821383886237 0.0003352390581782446
-0.0003778728045001731 0.000729460795008929
0.0011329485897651754 0.00014833746163660604
-0.00028887342387048416 0.0004919130494032775
0.0005244071481939235 0.0010705624815075649
-0.0008797965262357974 -0.00028634050879794177
-0.0002965033460338463 -0.00025418658139332107
-0.00043460985964196387 -0.000769105587134623
8.494283691268812e-05 -0.00031327055693804753
0.0003384159767187731 -0.0012380422034369495
0.0005003465163618212 0.00019650497376787372
0.00013696990638002761 5.375585413002825e-06
0.0008263192546083196 0.00010030945986392537
0.001496115982684561 0.0007368108975709663
-0.0010891618514634134 -0.00013389277314908437
-0.0010627912615937696 0.0011221686259914152
-0.0001695110478167981 0.00029166915841699896
0.0005290778747822118 0.00018441659674249222
-0.00015713044127645188 -0.0005156234095554376
0.000502798219708898 -0.00021820323931099302
0.0006197281086671398 -0.0010165020669160884
0.0014237803787818756 5.450118263649976e-05
-5.0458857712868513e-05 0.000582158665407654
0.0008036450043796195 0.0005653541444156212
0.00046672963261603 -0.00030622111586887935
-0.0007747355990432391 -0.00035515335002879857
-0.00034398934232051195 0.001434421054355354
9.262442032327701e-05 2.2531548738252504e-05
0.0017712871224632154 0.0004403556291866952
6.194607891760937e-06 0.0007808036171115102
0.00010656408418885689 -0.00025482577788078575
0.0005122097790746584 0.00083263811933139
-0.0006259666276788716 -0.0009375024131204047
-0.00013772002131994356 0.0002775042564832799
-0.0007016999034348808 0.00021726847785808444
-0.0007893402069358594 0.0009843961959821897
0.00014022672965846795 -0.00022487828171312743
-8.875374854465711e-05 -0.0004261634154348396
0.0010777218632711165 -1.7513593497199557e-05
0.0008956539874208453 -0.0007569412442069085
-0.0003868304163435033 0.0002827871011683315
0.0002835855232678105 0.000852528156476083
-0.0001012660045909494 -0.0010945501224775105
0.00025988387219872506 0.00046322804756598906
0.000435783785311724 -0.00048549731321509664
0.00041597206513165573 -0.0005590079727399707
2.970960391983797e-06 -0.0013614834937802495
0.00035238518187336536 -0.0004758829662020417
-5.185082068017432e-05 -0.0009735264656771825
0.001142313946781417 0.0006126355393030281
2.4356632751508028e-05 -0.0008188534104130768
-0.0002842455279538132 -0.0007300511708038548
0.0006562490437795776 0.0005329252478863981
0.00017051026547808916 0.0010089831563162691
0.0006819666963742007 -0.00013019218341780127
-0.0005281318628437025 0.00046785460581870073
-0.000540603834833522 -0.00030253245011427766
-0.000641325298267748 -0.0002598800721477812
0.0007596468717540477 0.0012673696666342148
-0.00033757401827029423 -0.0001689864894961296
-0.0006492275207986453 -0.000496882538962663
0.00015093145227280152 4.783519625026161e-06
0.0003362912265878912 0.0006764281985345371
0.00046122644825549394 -0.0001950402441435733
-0.0010290491348914634 -0.00030612277349439026
-0.00037741903141514695 -0.0003464984393982395
0.0015161136363075582 -0.00011334595465292857
-0.00011262054304499493 0.0010808292294589988
0.00020877396545723723 -0.0011792422894266593
0.0011702939180067342 -0.0009554348508299952
-3.0193240561089803e-05 0.00031861124929549826
-0.0005382775524617647 0.0011674077564130336
0.001414255162670771 -0.0004062188938892354
-0.00014846964830558332 0.0003010518660851996
-0.00040677598539469906 6.80227505964366e-05
0.0014766021151763821 -0.00032052675998248283
3.463275124472666e-05 -0.0004829727723039206
0.0001575855183432898 0.000643899585512326
0.0007738548199048197 -0.0005124644009021159
-0.00036008068919794766 0.00024051846009188164
0.0001164534791653214 -0.0006593358084733131
-0.00036889794322272657 -0.000488789001695243
-0.0006646484991300143 0.0007056853330005145
0.0005992981449223942 -0.0007031259949477248
0.000589516408781485 -0.0010589046561224518
0.00010561500102826593 -0.00047512372957662355
2.88220864581615e-05 8.24511258622712e-05
-0.0004115434948257114 0.0002886859831882501
0.00012226220231068084 0.00036714198845232864
3.078543639536425e-05 0.00044312996560408135
0.00016095263301873502 -0.00027329852019026114
-0.00038589904798652576 4.376249922253785e-05
-2.7241386197307666e-05 0.00043200872739039103
0.00044174467544189647 0.001030691793097605
0.00012077283834281276 -0.0009128921950612257
3.985750006092977e-05 0.0007640558087086471
0.0006336909145070403 0.00023505929048511944
-0.0004626885864770309 -0.0006989587963875864
-0.000175002014060205 0.0013825095459156819
0.0007793995584597245 -0.0005380553871032767
0.0003086062452866102 -0.0008011184954277898
0.000446437306249882 -0.0006759921817578609
-0.00035830808166071687 0.0006440575497410107
-0.0003297609498967795 -0.00032783779426271505
-0.0001175539881767859 0.0002779534706430227
-0.0002137439357693397 0.0007398964777103623
-0.00025828353438965605 -3.8515025618687754e-05
-0.0003512703890518087 -0.001057906116532571
-0.0009704041183432011 0.000347904252762208
-0.0006896187098455413 -0.0003064365612501005
9.650211516036904e-05 0.0004465561846860684
0.0002594793608417937 -0.00034543655551047797
-7.81426839744101e-05 0.0004477179710614407
0.0008406724444941423 0.00042841051993472695
-4.30559670233216e-05 5.0720231771999795e-05
0.0003512714795659849 -0.0010421391043909816
-0.0005682638732645101 -0.00020947027046726893
0.00042892211418825026 0.0006082035086416207
-0.00022835719784843452 0.0009501875419252257
-0.000302158588488466 -0.00010878157212689754
-0.0001126545263324158 -0.0006395487452119215
-0.00035026572995368717 0.0001058675080316781
-0.0005096751702453746 -0.00015660898018483312
-0.001694132421167309 -0.0005518364374972633
0.0012858357882053531 -0.00050612640492765
-0.0003022343031444272 -0.0003360584008457379
-0.0005851804715512584 -0.0009387094220706598
-0.0003206034207001639 -0.00022004487395096327
0.0008099967138960264 0.00010699858612789669
0.00019604813746029327 -0.00017502677507351871
-7.596650110423235e-05 -1.8069854348625112e-05
-0.0001511668784984206 -0.00015535644661422143
-6.904617149429402e-05 -0.0001318053991758844
0.0004508420193356702 -0.000995266876499532
-0.00012855804201736005 0.00014824914906187987
0.00031332411721288607 -0.00016872219212799136
-0.00018130299515318533 -0.0003481875386255565
-0.00017788753806152776 0.0005339642939385284
-4.10146872793327e-05 -0.0008456724923594513
-0.0009716170541226057 8.690827199196175e-05
0.0002192338237914642 -0.0005513795989506322
-0.0005278221685794323 -0.0002454334688829095
-0.0004003156500628374 0.00026860330406740815
-0.0004290735637988768 -0.00023390866091563167
0.00018981524214097323 -0.000673140458027043
0.00015339799123552565 -0.0007345759247187161
-6.526107241111969e-05 -5.4714355379071465e-05
0.00017734837306296336 0.00010027591935166894
0.00044344258342433 -6.26629753849362e-05
0.0005149759421692717 7.316345584730363e-05
-0.0007383045257144405 0.0005565592895739041
-0.0003966297479139327 0.0005210196363393436
-0.0002871557864328575 0.0003183598378432148
-0.00039753745191118474 -0.00040507549094874137
0.00012962248012655456 -0.00073754195307105
-0.0012542857760012593 0.0005255737122819294
-0.0001482178551801657 4.983454734520728e-05
0.00027033895190129445 6.604834897015616e-05
7.913680387359688e-05 -0.0008900361608073994
0.00016415723793732165 0.0004297938933805121
-0.00013354569821626762 0.0008841523175423185
0.0010750707843357194 -0.00047818087830594976
2.7187232435062695e-05 0.00015207789484910443
0.00043649562441853 0.0005666250727464844
-0.00011055111252334967 0.0007755339703069228
-0.00029502598881295136 -0.000385559957279074
0.00011381012293118808 0.00015834802174430015
-0.0009653300732563173 -0.00014393509147223485
-0.0004741710307588422 0.00019883745126726666
5.7856202457199805e-05 -0.00012238040950610863
-0.0006044129362169986 0.0008411189254624792
-0.0001968345501203605 0.00012656657225370974
-2.4929382893462594e-05 -0.001197711153038813
-0.00044036627613269107 0.0005317187635654072
-0.0006194507078074727 0.0001285937757469469
0.00043176262927584766 -0.0004217645495275685
-0.0009838865044022422 -4.031110969942563e-05
0.0008497516615247167 -0.00010016713660970419
-9.906244187755836e-05 -0.0002977696929198266
-0.0007924638171964047 0.00016364583693634935
0.00021410233018736305 0.0013504300826447523
0.00016941726579581138 0.0012515344031019575
-0.0008586800183083379 0.00012033395140615927
0.00017682318435213243 -8.178052091775226e-05
-0.0010731680327920668 0.00041782695958698945
-0.00029042420917894956 -0.0006056484084346983
0.00035075305768180186 0.0001539646343374516
0.00038476714385944313 -7.468991392054176e-05
0.0010890902650114598 0.00028566674701075177
0.0001285934366986573 -0.0001355838524744645
0.000504114481769086 0.0005637499718278043
0.0005442378390590477 -0.000962693555378296
-0.0003478452025847602 0.00034476890335927764
0.0003462730037128007 -2.7467755534083264e-05
0.00023037791875797406 -0.001864995414832634
0.00029036439738041106 0.00011591220862603425
-0.0014439557386664744 0.0004635764490327213
-0.0007928415476630798 -0.00030302445411453313
0.00016168127444777237 -0.0005267677521125444
2.315445657693755e-05 -0.0010960007419072086
0.0005421390935297368 -0.00028349589630416184
0.0004874046324631335 0.00039817318144543104
-0.0005886560349020927 -0.00047100290071107234
-0.0004807759352809919 0.0006318032278510344
-9.634958659904432e-05 -0.0009106336107932568
0.0003475382961064551 -0.00042572484761357665
0.0005134482280159616 -0.00037459317495653043
-0.0005110978818212798 -0.00016014725756902454
0.00041349451381980965 0.00012723067781079763
-0.0003823053282178935 0.0001837710546942388
-0.001542237963994736 -0.0007227400417231369
-0.00043046996822436977 -0.00029604031163364
-8.271728903379259e-05 -0.0012263869299972809
-0.0009043700986786892 -0.0005029379364072286
0.00017136432413420957 0.00025028650033658603
0.0003624694074929962 0.0005837715627939174
-0.0001919354546353668 -3.251994129446693e-05
0.000493140661202897 -0.000573044428847394
-0.0002605382649456719 -0.0014372554013225608
-0.00019966603355625742 -0.0003620517298581984
0.00017341433303051174 0.0003398767890312417
-0.0006100525918153078 -0.0007649246095180557
3.5857485613146164e-05 0.0006129435368360236
-0.0004608932742303873 -0.000460542311597783
0.0005026492947933305 0.000851470597310293
3.5381733655978985e-05 7.315128333059503e-05
-0.00040036163590518784 0.00024279128900891368
0.0005031638883407746 -0.00036666423469703714
2.3958080336065613e-05 0.00015231464530997683
0.00014190720788684902 -0.0009620904806091738
-0.00039978410499147404 0.0008595082318975024
-0.001379720687805992 0.000539111708528436
0.001002728583812465 -0.0010421412863074074
0.00044934727890169943 -0.001067459346859169
-0.0006319697980291326 -0.00033738123470489684
0.0005613560438165407 0.00031396974783639935
-0.00040147681246601835 0.00027115168699934583
-0.0005710377024816146 0.0001532915608897983
0.0003498477269912186 -0.00013632134551011267
-1.0874024383913145e-05 -0.0007131937871957983
0.0008230690198587129 0.00015586352511670805
0.0007629983876131126 -0.0007922073223409911
-0.00032665147236919266 4.558103337126909e-06
0.000422228201206395 0.00047509149983455197
0.0007849901716174246 4.4138450285296086e-05
-0.0005918866959565374 -0.0008329133266095436
-0.00020073441347726514 0.0005699776423800558
0.00012111753807022393 0.0005937107008492138
-0.00022212492506617823 -0.0002348129594855963
0.00022014781011288467 -0.00041577118329020116
-0.0004944415480158082 0.001041947705432817
0.0012698115474645095 1.7609483244063143e-05
0.0006255230385462684 -0.00016834849584921222
0.00011058485318864882 -0.0004251920473399765
-0.0011280872836017207 0.0007711778899383289
0.0005586006394095313 -0.0002701613576695376
-0.00028272944064799174 -0.00020095358218757124
0.0002508318936535444 0.0004007048320777376
1.3515007025804736e-05 0.0008069921671597656
0.00021425979972429634 -9.000190015823262e-05
-0.0006037880298350911 0.0005430152183721019
-0.0008839990864809878 0.00010807735120663605
-0.0005587559562849864 0.00028254622699492763
-0.00013780385404786578 -0.0013227520617011244
0.0003946091767148992 -0.0013398547095180176
0.0007097575807898868 0.0005397906743220823
0.0006739780652643051 -0.00010575683167411638
-0.0005242561618589826 -0.000775253749885205
0.0008976632411168213 -6.915157446412708e-05
0.0003990523072535926 -0.00015692935509579298
