6.198480413731663e-05 3.071118317626465e-05
4.920672873700914e-05 5.1720780073927965e-05
0.02594013342727358 0.011453618944338391
0.000199199521312681 0.0008786103058608273
-0.0006365385858300391 -0.0007490134652093616
0.0011712492383114878 -0.0004759579936713411
-0.0010833536274610794 0.0004540323168383222
-0.0010684369944099646 -0.00032446702079093234
0.00016211505777215292 -0.00046774351642189885
0.0003006457558512658 0.0005284076580472373
-0.0010553225174086659 0.00021977609695505632
-0.00021806686387564262 0.00116660440065558
-0.000465289396251017 -0.00015061800179594147
-0.00011117505332781579 0.0019113347011989396
0.0005304198903198413 0.0003313161458508156
-1.8936136366670505e-05 0.000957492310791933
-0.0006498342273662677 0.00025820600065147136
0.0008396699712257601 -0.0003194162061860131
0.000455012286807741 0.00055661229775245
9.785971119308795e-05 0.0007070826826618752
-0.0012231824263866057 -0.000509622494264459
0.00105448775075817 0.0007214824134521427
-0.0006688567321726706 0.000706791463806555
2.439933207054034e-05 0.0006689852513744398
0.0002510222131925006 0.0008848800815634023
0.00044944815586897877 -0.0005296673812203961
0.00019730002201145358 -0.00011901470124116763
-0.0006880665295845324 -0.0002401255945510325
0.0005246255667268052 8.34416321027269e-05
0.001609851827989826 -9.060911460258098e-05
-0.0007711403380749171 -0.000350618539528628
-5.404101573814609e-05 0.0006293248878360359
-0.0005347215104838159 6.106701802030734e-05
0.0004887536707110713 0.0006156890745330431
0.0007269135080882663 0.0004244087690375913
-0.0006107185544003114 0.0001561184700237424
-0.0006949623789567356 0.0005057768067411806
0.00033454099054841606 0.0014348178940691175
-0.0004359609478499911 0.0008283678807650869
0.0005391157396646462 -0.000707530946087679
-0.0004173789056102778 -0.0001274343567985724
-0.000798155332704072 -0.0011940104063085891
0.0003440050687836246 0.0007867695632266809
0.0005379637390502649 0.0006866796594494849
-0.0005229877245305041 0.0009187734374233135
-0.0005421009942491767 0.00044739351679058486
0.0006538139615392796 0.0007761586762619429
-0.00034937708659329053 -0.0003100959629937273
-0.00022981175112497774 8.403396236583878e-05
-0.00012697527063778221 -0.0013208966269186312
-0.0009151985140366067 -0.0005774359760874224
0.00019122776191311748 -0.0004403516266802043
-0.0005851891339942972 -0.0005954924353357128
-0.0010058142826132402 0.0005508934507727952
-0.0002860454817008506 -0.000897931935326567
0.0003246505293206166 0.001352599053199342
0.0014523391454004052 0.00014443026067297612
-0.0007167825313196261 0.00025788608675015814
0.00020628909269572896 0.0005331385195000134
0.00103097945983569 0.0009807107318540304
0.0006535044649507495 0.00038415717706267874
-9.488883298411542e-05 0.00019277024883068787
0.0006943466526314699 0.0007384587642543033
8.552673277879188e-05 -0.0009588944345679414
0.00046109824179573503 -0.001049180906594133
0.0011268000536843097 -0.0008763021746413463
0.0007206673998898452 -0.0006408289840827343
-0.00016992623316730584 0.0002054193786248845
-0.0009422552199740934 0.00028533884528867884
-0.0008996751867371335 -0.0007938632576333912
-0.0001120576151859588 0.00025141970677948424
0.0004144225902257478 -0.00045269748172687465
3.3472705555328393e-06 -0.00046824582952454644
-0.0005350994814781136 9.346873323103548e-05
0.0004799480882458191 0.0002609591989766337
0.00041610981844828306 0.00044195306474208856
0.00033855454733799695 0.00038691515718619065
0.00034038619066109626 -0.0005595789123632053
-2.8705561716619403e-05 0.0003957117009420599
-0.0008614243919369138 0.00016765681263089088
-0.0007144743921049492 0.0008437643826067769
-0.00010877655316157491 0.0001942654869746722
0.00021578955847719787 0.0008303334419874957
-0.00014750094841949274 -3.5052173318840056e-05
-0.0014581894487887632 -0.0001550347722799955
0.0005326124623615618 0.0015401665465618515
0.0003884699229284409 2.3703479493268658e-05
-1.9155114269846012e-05 -0.0006434142724245992
6.365912029389925e-05 0.0008798573394237583
0.00036030231613372126 0.0020308451965655003
0.00022672584649121455 -0.0003964747311777266
-4.4132958437396875e-05 -0.00012314506030386746
0.0005342022951053302 0.00029170930055222457
0.0009979251808949297 8.012722716376596e-05
5.254306584028937e-05 0.0005124749422781581
0.0023861737787128964 0.0003850123242802335
0.0007986177373892444 0.0004779708538788545
6.78071996056696e-05 -0.0002575357299926502
-0.0010490442662739918 4.3830478909983495e-06
0.0013336934494001553 -0.00048002048380597266
-0.000580956041987057 0.00019130195918893976
-0.001520932789646212 0.0015337998489298305
0.001352850871474084 -8.94548699666007e-05
0.00041566805806033953 -0.0004286273837602367
7.755555926780858e-05 0.00024260172258454575
0.0005945530893288101 0.0005574572559053925
-0.00015023829008661808 0.0001513662553590594
-0.00036390397752268395 -0.00025304245226704926
-0.00024857390835061806 -0.0005401999253631956
0.0003828523852462212 0.0003162215185096441
0.00017942661171238845 0.00023219733365567754
0.00037784699863380427 0.0009187762773862137
-0.00044132859982093814 -0.000588318870424383
-0.0001540155986165665 -0.0006385366267373082
-0.00031779483861887767 -0.00013265650372617496
-6.92986872879748e-05 0.0005146996652998858
-0.0002159953235458035 -0.0007368413194005363
-0.0007514847294036011 -0.0009328498563504828
0.0005630948239221787 -9.688399675197985e-05
0.0006510899481120933 -0.000826887446670085
6.652800693906457e-05 -0.0006795168012638335
7.963792347723446e-05 -7.103591636703272e-05
0.00020337285363898497 0.0003540822213128411
0.0003247307365423385 5.951353760120154e-05
-0.0009231198048680832 -0.0004887637484466224
-0.0005728299897246174 0.0005244608299829393
4.5124669610186645e-05 0.0006694315223153828
-0.0007423391383490564 -0.0004492597975932627
-0.0001001132158964763 -0.0004579880776908877
0.00016038544953781114 0.00033739094311693483
0.0002287756719134729 -6.564865265705719e-05
-0.0007668319448812096 -0.0004326880515820147
-0.0006212482131633403 3.195709217593768e-05
0.0008672232341127352 -0.00024310850818540865
0.00042874798999738387 -3.165811891608106e-05
-0.0003773675458996546 -0.0008026811113375863
3.1668534532048475e-05 -0.0003012203652111182
0.0007153816455987623 6.457401449090572e-06
-0.0006722018033230188 -0.0005396480128926305
-0.0003168948810623892 0.00019677802382402966
-0.0008664729281014261 -0.0006814455104566545
0.0013797285235696295 0.0002464620960855833
0.00044750095531457726 -0.0003490236076472607
-0.00030242107562608947 -0.0009978022365907664
-0.000498390770566627 1.0102673764003742e-05
5.370709693700906e-05 0.00013471584089483606
-0.000838845961186717 0.0006170013500772356
-0.0006206338893658661 0.00020825556263025124
0.00025833914873629494 -0.0004597743063943295
-7.646676841260065e-05 0.00032510470463799384
-5.7415485689947704e-05 3.256947597029876e-05
-0.0001904529650942221 0.0005164872191409669
0.001521836701565289 -0.0012899748852388535
-0.0005460120482283421 1.5600555189449718e-05
-0.00026591398204850523 1.1546813313572774e-05
-0.0005093633538887774 -0.0001929058801989439
0.00011683579837404166 0.0007145534526045424
-0.0003713376170357007 -0.00043849926696680073
0.0004793172541927645 -0.0003850256986855018
-4.5352660239560786e-05 -6.706620846880373e-05
-0.0002379385977812218 -0.00017018796280163448
0.0007290087427516048 0.00017166572965481106
-0.00036218668985491285 0.0005521964613165552
0.0002886462402871774 -6.16862712201026e-05
-0.0008696049399252449 0.000749570721094614
0.0002999536704949981 -1.4927694149950549e-05
0.0006576708663796607 0.0006072724648546765
0.0008388875794552507 0.00017240048170003413
-0.00014313319433013246 -0.0002002845994483473
-0.00015505538080211388 0.00021542892767330223
-0.0003783251325337144 0.00028066928555348097
0.000570948772466138 -3.821034852509058e-06
-0.00034839391940489814 0.00040827055394586587
-0.00024486206098594594 2.3247262420827665e-05
0.00017856805347325053 0.0003366261536533256
0.0007672147073423919 0.0007881452029461204
0.00045720145396632706 -0.0008504316643562562
-0.0007901813028344506 -0.0008252603572389418
-0.001368940118569357 6.293969214345778e-05
-2.4575696008490294e-05 -0.0004224319527656683
0.0002051678674335317 -0.00014749827925879583
-0.0013653140269433719 -0.0005382565098662942
-0.0006272459650690653 -0.00016822790216948545
-0.0011326099194644051 -0.00032651582799275713
0.00040932837899011846 0.0010183653751611099
-0.00021287422337188666 0.0004851081331952333
-0.0008802478951863917 -4.4927447196153316e-05
0.0006457501693054662 0.0019889544964261517
-0.0003180699337625359 -0.0005460136747691864
0.0008111628057824447 0.0002758833778558983
-5.8285755796269904e-05 -0.00010596567760953854
-0.001014170758723014 -0.00025881529610052135
0.0005716635084651711 -0.0006232721675556281
0.001324373781381524 0.0002820218310784126
0.0001937417987683521 -0.00018632471475346548
-0.00015995374257796315 0.00011121660918287544
0.0004452048137521178 0.0002995826265062706
0.0003932976613853191 0.000269678785064325
-8.311011805285839e-05 -0.0005863774322727765
-0.00019326833555819066 0.0009597868434255692
-0.00011710900300510969 0.0006479546468094292
-0.0008091401249352259 -0.0006756682517811196
-0.0002393367657872272 -0.00031035408722926514
0.00025457330119245874 -0.000529722386049247
0.0006446951291589084 2.486406257575195e-05
0.0010265280057901764 -0.00159675549581988
0.0011900542582510413 -0.00015721631483834225
-0.00019503442607843538 5.380555794328823e-05
0.001088156886269362 0.000512042573908341
0.0001369893567965857 -0.0008644550054367145
0.0006638793807082431 -0.0005917384828107835
0.00013512454779458942 0.0005439176194558837
-0.000704457343296779 0.0003668801888849617
0.000770330281025325 -0.0001787408655935618
-0.0005850436058439484 -0.00030901851971487594
0.0004501183185482786 0.00033392801307778787
0.000578011318849163 0.000853222087624383
0.0011059894472601997 -0.00019388393482273994
-0.0005363961986004454 -0.0007007261508077076
-0.0006544461147147649 -0.0006606138940054563
-0.0002650267372405655 8.525493527707846e-05
0.0008265164118703075 0.0007384715961096675
0.000865948245050789 -0.00015958024409552647
0.0010322550226990466 0.0004444194508126826
-0.0005798005288668225 -0.0006560431539533999
-0.0013599155946018543 -7.679291948056915e-05
-0.0006315203673868794 0.0006840202633943803
0.0001342380634808903 0.00022181056805346084
-8.309917556931208e-05 -0.0004105808756251042
0.0009726533385248232 -0.0005011403271023096
0.0004682496521365261 -0.0005505768124277994
-0.00025897539375628847 -0.0003161173490649794
-0.0003441174230035728 -0.0007570579879609981
2.4806020858710273e-05 -0.0010601839037948796
0.00038969776796210086 -8.15108882395353e-05
-9.634289993183484e-05 0.0010207022101575308
0.0006733102546879057 -0.0001535750423982239
-0.0005638429377458937 -1.199654088728119e-05
0.00034541473501547903 -0.00015308975294149737
-0.000554044091902292 -0.0009315626546999966
-0.0005079871206187475 -0.0004809881110643643
5.469255155065176e-06 -0.0001887168252324789
0.000342928920105288 0.0003357322207142316
0.000833268426582509 4.755585726882891e-05
-0.0004291606121131449 -0.00040204554820939196
0.0003681768348292757 -0.0007612927729154339
-0.0012026317720105152 -0.0003539373875316934
-0.00023370353383706224 -0.000673995008165347
0.00046603418412995926 7.386424814493094e-05
0.0006655996948399863 -0.0012807144614170377
-1.4538401802533815e-05 -0.0012677496905417133
-0.00013915555391099725 -0.0006386243374447
-0.0002768128606274122 -0.0002805971942595615
1.044353033075745e-05 0.00021206641597715058
0.0003199293706322015 0.00031636551485408833
0.0007912844460846319 -0.0003622610840822577
0.0007583887916950967 -2.6786074505832053e-05
0.00027166682711570947 0.00010817745885583829
-0.0001265472715490117 0.00041033533684945524
0.0006034458757708544 0.00048208043219235956
8.761789478380996e-05 0.00046445284366115403
-0.0011549179235361392 -0.00021337646173929828
-0.0002150754259686973 0.0004163880569229557
-0.000332925277423906 0.0006596373865393582
-0.0006623980793749733 0.00027768108433214256
-1.5769275959285304e-05 0.00025243170182841457
-8.270697980873598e-05 -0.00019813617687120913
-0.0003448567089213203 -0.0009242344077840487
-5.461508465705323e-05 0.0014305641864439907
-0.0002780280378773321 6.702870033132965e-05
-0.0008077237070223491 0.000987448601041065
-0.00022242778233750218 0.0005483586710715712
-0.0006751478919540001 3.728961697332779e-05
-0.00053203111909908 -0.0006389931828077928
-0.00011939708875163794 0.00033505969004592835
-0.0010636447816748963 0.0009323590923875439
-0.0006276600749187192 0.0011323554996738908
-0.0005241015694893326 0.00033407516497919115
-0.0004755545292736094 -0.0002395628049195237
-0.00043865405205341227 -0.0001943992459570883
0.0006999571492175609 0.00040266426707791984
-0.0001882961007693432 -0.0007046302509381938
-0.00041097003105224284 8.673443128253041e-05
-0.00032000312396628165 0.00040005761475527066
0.0005173145344955718 3.3522592666289135e-05
-0.0005054559714322619 9.307463661849933e-05
0.0004752119603565339 0.0004469830476528422
-5.4543230048558134e-05 -0.0006646690743042138
0.0004982442809699708 -3.56906719531369e-05
-0.000513011563122487 0.00024459632579839
0.00013794461754857104 -3.6203243406913486e-05
-1.9172267942022386e-05 -0.00024249479310381916
0.0004362858924052275 -0.0009071560880112399
-9.465092916703639e-05 -0.000183989824456798
-0.00027500921233692717 0.00023356968418705167
0.00021284575115042455 0.0005583062840185008
0.00013944886976469722 -0.0007519995700473932
4.3790010077844896e-05 0.00041234339281687817
-0.00011570967263342683 -2.0128782497482078e-05
-0.0006605197409936081 -0.001089922566789258
-0.00022673074942994057 -2.6714432670394313e-05
-0.00010695720399140168 0.00039540885228717083
-0.00018106347179752696 -0.00036742527184460753
