4.873982648702017e-05 2.2304125172781915e-05
3.720043557613329e-05 3.218674031908434e-05
0.005668298660998533 0.022852489903278952
-5.3568293225372246e-05 -0.0006150049554158203
-0.0015722139543222647 0.0002981796383540254
-0.0014158316655756187 0.000613044288215014
0.00010268510450724294 -0.0005291238229199913
0.00012628272106433543 0.0006132604371780892
0.00224663059321148 -0.0011173370993626684
0.00018015409818634534 0.0008951701576445027
-0.0005527522478010829 -0.0006801181756645531
-3.1348095938282565e-05 -0.00023793217792592768
-6.552780086035664e-05 -0.0006643762227312405
-0.0006307359722160383 -0.0005388162324130494
9.025422702065158e-05 -0.0005262658407107977
-6.079805993098865e-05 0.00034750921169807543
-0.0002084888449077776 0.00013617798068791105
-0.0007310882508244318 0.00036785985897783266
0.0008145129523526887 -0.0006441432981346784
0.0002674787220063662 -0.0010164119456953207
-3.935876258650581e-05 0.0008074820887834785
0.0002750325058642447 0.0005131893995093636
-0.000535176165028868 -0.0003850686317682399
-0.001580169986227148 0.0006318202619766276
0.0008608233168580175 0.0020502503115568797
-0.0008782708810936205 0.001041306388907828
-0.00010454311530995365 0.0009284272062631869
-5.120247047824366e-05 -0.0011360458805434867
-4.268607281696133e-05 -4.716594420110064e-05
-0.0007690821161532047 -0.0007208011951675932
-0.0002147057268359249 -0.000214369114874548
-0.0004822458081662765 0.0002807816155359811
0.0009656479465149961 -0.0004086358048526401
0.0007752290484206737 0.00040149729825905315
-0.0012576201407128607 -0.0002814342034145588
-0.0010547914521231723 0.00022773010637067487
0.0005228491238494409 0.0014089404652878972
-0.0005126392790228956 0.0005502703528973488
-0.0009005955612731563 -0.0002974299868552317
-0.0009050807259918324 0.0006781695208392392
0.0004997872924213549 0.0003142100272555153
0.0008624068967899368 -0.0017906723413069995
-0.0006352845987363841 -0.0005050304408618923
7.17353329188648e-05 -3.079172727275918e-05
0.00039076048477475536 0.00042978972224383725
3.379925123808377e-05 0.00014603434824827046
2.7992691625651894e-05 -6.694406147777863e-05
-0.0001749230416740925 0.00016163054223299799
0.0001691631659344161 0.00041682843177681623
0.0024544522864523867 -0.00032681945514122294
-0.0003254923920264798 -0.00044336551602066737
0.0010779910729795201 -0.00026207248335416395
6.92524161004249e-05 0.00037600842224954083
0.001416664933787407 0.0006671520306780664
-0.0006675107710969602 -0.0004229741464144037
-0.0002827040471885313 -0.0003242769867274958
-0.0011061375813831288 0.0007694264481211744
0.0005661495264474681 -0.0006067088581501191
-0.0008062705853630757 -0.001241413466978139
-0.00018318776179909233 -0.00026797283754599534
0.00044992596097284774 -0.000971277506379981
-0.0020714604055687164 4.568612350235384e-06
0.0015362708460174115 -0.000324376573655582
8.949957089383244e-05 -0.0003685452708525503
-0.0007085242506196379 -0.00032964340029384523
-0.0016272220377582644 -0.0009354039090443876
0.00030314838528074496 -0.0002226587942617908
0.0011615930257163425 0.0002126889791933869
-0.000474067005720424 -0.00044452832323776405
0.0002635230296741693 0.00010747602137447798
0.0017940406647379958 0.0009620974294035211
-0.0004151206869148431 0.0012232683450251218
-0.00018370599014223818 0.00022458004245278407
0.000495823255707582 -7.894672666052654e-05
0.00010775795469882326 0.0009167440980711586
0.0004847616095570649 -0.001608343515951629
0.0005172554234170772 -0.0009214496317918286
-4.1934877925165585e-05 -0.0002627023615231486
0.0003764251623888938 -0.00011977081216862521
0.0002816493479643883 0.0003691834390555491
-0.000752924428551486 0.0004836150122023641
0.000288162268788713 -0.001041621211098719
0.00038996594395989846 -0.0018945340125995206
-0.0014367555029110022 0.0010991508694158383
-0.0002856254836063611 0.0014586369088609868
-0.0007021413356745015 -0.00019513614325280783
-3.4931571070459626e-05 -0.0006374194556527693
0.001004486848247687 0.0003021515518090704
0.0009396228448255006 -0.00031589509070604436
-0.0007900449026073684 -0.0002883746992519223
-8.063979145754775e-05 0.0006700885607489746
0.00037569662233283036 0.0009236211066973438
0.0002414217889463461 0.00038581601159566034
0.0009260536884262713 0.0016081742284052701
0.00023540095058379557 8.0812763320933e-05
9.801224767283512e-05 -0.0003352357404733543
0.0005716320201105285 0.001265022488452427
0.0005763151388677146 -0.000893509365355159
-0.0009691956129959647 -0.00032636922176639834
-0.00039215933031183653 0.000764410618561897
-0.0009966854672479606 -0.0004820180433104637
0.00046834871005666884 0.0003813078323675468
-0.00019084562811839015 0.000240588680313006
-0.00024054631243737156 -0.00032081072236130666
-0.0010000130650602936 0.00012098910323797243
0.0009743298524608282 -0.00016230112993150818
0.0006007891295091936 -6.779391584583467e-05
0.0001786040176021581 0.00013487415366472878
0.00022523234698943758 0.000587610018474479
-0.00023249929152983694 -0.0008389079179063336
0.000999120715420199 -0.00010126399524220807
0.00016562968972697764 0.00023591632050844926
-5.7717189349853556e-05 -0.00014395150797695888
0.00028493449247255886 0.0009867107066271802
0.0005198670042306654 -0.0002672897679290005
-0.0002548763568261935 -5.507789549820614e-05
-0.00018621728601861452 -0.0004859618744642399
-0.0009155627566926721 -0.0002030739119935561
-0.0003724487604483443 -0.00029168636884803077
-0.00020529775493444377 -0.0013376479550674181
-3.485663595002574e-05 -0.00025414665315436356
0.001006253574043033 0.001117262663198322
0.0001798485408548536 0.0006694101682074825
-0.00012484279994644034 -0.0010102576743339577
-0.0005531134646964146 0.0007503448276270914
-0.0004179963671303136 9.793232513759764e-05
1.3675184836207153e-06 -0.0003271338286548993
0.00015163212541336666 0.00019556993039694938
6.809818506822458e-05 0.0009911879925609374
1.3113639198028073e-05 4.723902101409306e-05
-4.778561271639225e-05 0.0006206750136366926
0.00027017699678025996 0.0004770655787210696
0.00019977793224680872 -0.0002909932784868255
-0.0002802788652589704 -0.0007360979814230406
-9.085679204544156e-05 -0.0006593874617985536
-0.0003285433056049721 -0.000512467758464408
0.0006242884427491803 -0.0007722109063137917
0.0003054918539758812 -0.00029136912147332183
0.0005356289361492013 0.0005118289515135273
0.00016749949312117873 7.277769328595172e-05
-0.0008063055741840638 0.00113288796008055
-0.0009679254013812248 -0.0009581258351023395
-0.0006336353348331569 0.0002116475115805348
0.0006445550678814216 0.0004944646396002329
0.00012264686132444402 -0.0002811877282460098
0.0005537122047944664 0.0014100522910019968
-0.00046317957172619913 -0.0008125819632527095
0.0007367525441359106 -9.498466031023521e-05
-0.0007232724024861018 -7.742071955792092e-06
0.0009307504151932931 -0.0001920461038880204
2.0616948845788303e-06 0.0008641482609240741
-0.00024917242053013505 0.00031313731414945293
0.0008305344741017199 -8.368749075654152e-05
-0.0011138177710994146 0.000870337686844683
-0.001142062520169523 -0.001132290492277468
0.0006629152809130867 -0.00032078012382324213
0.0007244535957247534 0.000557351119473298
0.00016342766245252906 0.0002728721383846631
-1.6968325364846096e-05 -0.00021136031912932278
6.465236576696335e-05 0.00046342787003930875
0.0006001755513139259 -0.000736247755705728
0.0001089363999147329 0.00020491813247322806
0.00043961282020985195 -0.0002891583798026271
-0.0004346459267177581 -6.770480051704695e-05
-0.000369859689591222 0.0005064563668738753
0.00021182900668004076 -0.0009831070601268167
0.00048379249992931684 -0.00045307084536131754
-0.0003143021075328979 -0.000286066318811471
0.0002307269115386799 0.00048080158429372375
0.0005290749744019713 -2.8054610847186997e-05
0.000522633562252575 0.00030423271169901654
-0.0005090967331343884 0.0003802445827573548
-0.0004650571014704914 -7.738259400401501e-06
0.0002851003607020078 -2.7212673611134902e-05
-0.00018456977929651617 4.549195231046005e-05
0.0010991075034357577 0.0009970738685076619
-0.00042075202125065037 0.000861372364884428
-0.0008102408575145678 0.000261515110451955
0.00046644762829405924 0.001043946530045777
-0.0002717989526879225 -0.0004298784166693419
-0.0010323861479280049 -0.00012288316751564085
-0.00011081359005347368 3.2294628537249184e-05
0.00030114226636407485 -0.00021209505740925507
0.0007028444749072278 -0.00031121583094532697
-0.00016974868371826525 -0.00012038410487932338
0.0009774378392365202 0.00047164347277496165
-0.0003451622109254772 -0.0003401730489258352
5.9009418041420874e-05 3.5900463439330896e-05
-0.0003966689834386422 0.0003200295672770469
-0.00043623809263789516 0.0006395210589499048
-0.0005815423162706925 -0.00032765954821401975
-0.00038255489011416587 0.00033547067291251346
0.00022102575849762448 -0.0003136795162750196
0.00026292398017714857 0.0010443452419140358
0.0001840345688618952 0.0001754191553319021
0.0007499822889412097 0.0005464065999399483
-0.00026293560252896656 -0.00015610679177855116
0.0002730720045757364 0.00015147231945425714
0.0015173246110615326 -0.00016019389738030184
0.0005002215991253194 0.000730400413263015
0.00034106841798463804 -1.731951326479093e-05
-0.00016545506977111646 0.0007795680317852462
0.0004030796017355292 0.000282374303716318
-0.00036284477250050727 -0.0011877557548695629
-0.0014082622004213262 -7.453200265205065e-05
-0.00019325945470653245 0.0008994718954339541
0.0002511817493142394 0.00017915792135534593
0.00023451409379502701 -0.0014721433266877324
-0.0003718841532950166 -0.0004067196494494061
0.0003603483294151186 6.365987969033842e-05
8.370206312403803e-05 7.047460221470008e-06
-0.0003098954072732712 0.0004131957231250086
0.00017592833463261917 0.0005706585132375507
0.0007028810807025352 -0.00031537953624225944
-0.0007113606379216019 0.00014310194097098678
-0.00013973575570116258 0.0005503035411164943
0.00023375858648846018 -8.816636006427214e-05
0.0003614560588790494 -0.0003835175315140079
-0.00011778861943533909 0.00040036464276925276
0.00017889756158264943 -0.00042615671362796257
-0.00011251080701147795 0.0008967049424060435
-0.000581868164186111 -1.7759007569863e-05
0.0006877060123795017 7.085890110482386e-05
0.0008270827035254053 0.0006589265012418876
-0.0001574103533773412 0.0001674960960280297
-0.0008438073308290358 9.231646385521427e-06
-0.00011523888449028125 -7.32620008488751e-05
-0.00027705598204964485 0.0007726817556073383
-3.9087976069089445e-05 -0.0007088765213780553
0.00045649140844404313 -7.289496854436167e-06
-0.00033049015397967684 0.00025158571110965713
-0.0005989928286064025 0.00010460943247378225
0.0003470036732997133 0.0004992178437393931
0.000593799336091358 -0.00020507268210379596
-2.6315961655659812e-05 0.000380591099332582
-0.0001034855778672912 -1.9235308377294144e-05
0.0008000822747331624 -0.0004768369371350699
-0.00015124182858192503 -5.316297037199759e-05
-0.00010648653666871753 -0.0009090299457705602
0.0010567919491181854 -0.0004319807293418619
-0.00025931660675437943 -9.92467494954165e-05
0.00046878171220986263 -0.0003618720201941412
0.00024815123859364685 -4.110630324310601e-05
-0.00031332180450555324 -0.00014785847355898278
-0.0005523330040890529 -0.0002657100414027216
-0.0003183481211869063 0.0002554079527937041
-0.0002581732571779728 0.0005560748613205836
0.00055408131228123 0.00016433756266697507
-0.00013695600873538173 -0.00048367307004694405
-0.000827366306305394 -0.0003828197072331929
-0.0002593243826225112 0.00028412759983856577
-0.0001804142727624446 0.0003984332419955122
0.0006735153983548483 -0.0005129539011231949
-0.00023464347250605735 0.00040260268334324154
0.0007895329007829334 4.896658256824381e-06
0.0004999876966398966 -0.00028218939972833476
-0.000581409333879423 -5.678144128355653e-05
0.00027909568316369465 0.0006218221487954698
-0.0011747989436208168 0.0007192902494629216
-0.0002093173495126479 0.00019484727395639365
-0.00015977064894348784 0.0003782553674690063
0.0001757888875906592 -0.0024072280804582438
-0.0002596557773061648 -0.00048744984557995874
8.36557752381519e-05 -0.0003101018151241753
-0.000726592772216042 -0.0006548044806812497
0.0005136173454512171 0.00039395942409606766
-0.00059041897142567 -0.0004881491294902333
-0.0003367696889451804 0.0003147378641096061
-0.00013809985590036754 0.0005687830249220083
0.0007827466113977493 -0.0003333485676946679
-0.00031087412618368264 -6.388108888232841e-05
0.0002683682438721035 -0.0003162574394438152
-0.00013368648009051736 -0.0006887236122107378
-0.0003955602879648595 0.0009634219629606947
-0.0002639792479701974 0.0003029508656461427
8.566922940818822e-05 0.0008981619547072535
0.0006735643197548098 -0.0004504753573596426
-0.00033135044098242154 0.0001732830483649381
0.0007167358065040895 0.0015220331557181633
0.0006049469653995177 3.3904130541333154e-05
9.171740651020355e-05 -0.000556472243765179
-0.000464424234514693 0.0005404049481225852
-0.00031532247297660513 0.0009939374008120865
0.0007036640908387808 0.0007995620021044666
-0.00010397528706730646 1.7201453959968215e-05
9.611128978460007e-05 -0.0001382664383369833
-2.698873530031897e-05 0.00026143806431667006
0.0004726761280242313 0.00010959225292176275
0.00025449476250291234 -3.43578300834366e-05
0.00025025850052673036 0.00047597265057429974
0.0011760065276715237 -0.0008913180840981824
-0.0004486126623205892 -0.00028054208142662445
-0.0007794294444772273 -0.00017904034264844883
-0.0002008953471174903 3.3131914681625524e-05
0.00044412387565862524 -0.00017416561572258741
-0.0005733707313592566 0.0004473176081205295
-0.0004919475070141308 -0.0001530565581885372
0.0007542172155133622 4.774717755543126e-05
0.0008404184192078963 0.0007639712268169838
0.00027753915746094347 -2.775633273679261e-05
-0.00046845962013655865 -3.1804204456653345e-05
-0.0003251057961442746 -0.0007186618942812325
-0.0002671090621039171 0.0003714277468217062
