6.03429232750375e-05 2.5127222862322616e-05
6.16202027880899e-05 2.491666460773112e-05
0.015368156255475478 0.019412320380332436
-3.320176448731104e-05 0.00041376564175289504
-3.21141466793535e-05 -0.001211346070461504
-0.0005684525003365094 0.0008873197374394398
0.0002858996917103085 -0.00039141196993529374
-0.0008555932803627721 9.116517464226887e-05
-0.0007418690434808445 0.0005498550000405903
0.0016939565137409128 -0.0005343111783681247
-0.0009974821403267234 0.00040540397461288376
-0.000495065731667102 -0.0009343803940182559
0.00025024540619146134 -0.0004880316570483711
7.716704980699677e-05 0.0013352319636268939
-0.0007429552060297884 0.00010742791746204706
-0.00017227858545877715 -6.901676123928906e-05
0.0006239414758552005 -0.0014098966031319445
-0.00020338072952298718 -0.0009962999070857936
-5.715531026139023e-05 5.486923282893134e-05
0.001136207135075164 -0.00029624270913107173
0.0006046494778256231 0.001164792374473876
-0.0013976527961908174 0.0010492502511115667
0.00011694409589851787 0.0003728592601024602
0.0001576022755207996 -0.0001849091573080167
0.000855565240708409 -0.00015600533194623048
-0.0001880202717525726 -0.00025784932885070913
-0.0007279074889593538 -0.0011317583501931879
0.0007109155688754867 -0.00017856418496386734
3.0226992152737745e-05 -0.0004900254841478829
-0.0014635859562345038 0.0002633157234303174
-0.0007832742335061444 0.00032401873675405726
-0.0010731137000716592 0.0006068426448187823
-0.0008806838284495096 1.3330532291117197e-06
0.0001105253678113608 -0.0013037310702495347
-0.0010359887981660372 0.0011883564490657115
0.0008115039064856256 -9.203209882784871e-05
-0.0005567156142762572 -0.00037046076272917244
0.0004659185850573121 0.00023679607545179745
8.073581060739667e-05 -0.0010933852765021906
-0.000428900808629873 0.0015237915451461735
0.00012248019066738973 -0.0004179309629636432
1.8427847927989905e-05 -0.000554352482658239
-0.0005852852707295585 0.00038949083088645197
0.0001921196464045807 0.0002626163000926203
0.0005536809760922607 -0.00038455729731306484
-0.00023272228458936475 0.0010508751035231165
0.0001301557776350782 0.00046781767010031636
0.001008791346701876 0.0003482231967652694
0.0006237483446222198 -3.65318196576699e-05
8.579357674131218e-05 0.0007028286544119975
0.0020326027313585728 -0.000416963200952224
0.000797823809022593 -0.0003453724523560996
-0.0016667241757702552 0.00033491461240765645
0.00020821441326360823 5.287102176083785e-05
-0.00017923984327712975 -0.0006041484414407147
0.0012861190540824268 0.0008715329931279726
-0.0005403660640400446 -0.0012208490331189242
-8.636613927705959e-05 -0.00036993889329389637
0.0001926077498636022 -0.0003353475084800583
0.0005169425643174519 0.0003799390831477564
0.0003758441972565875 0.0002645410108883074
0.0003391570750674147 -0.0003162623744036495
-0.0011394561273954122 0.0007699995725084112
9.264737516159784e-05 -0.00041392472901065005
-0.0001849484635929617 0.0012600642866208
0.0002807622617178098 -0.0008960274606106346
0.000697591858900439 -0.0020694639440505466
0.000454988740152063 0.0006390809509612473
-0.0005157480414960602 0.0013464714151079345
0.0005145851378881407 -1.2184740731723611e-05
-8.353390213571761e-05 -0.0009801300677285151
0.00036855088119063157 -0.00019993837954017108
-8.025549408060871e-05 0.000999252111787561
0.0011419597025608735 0.0003346100825018563
-0.0006410390196798152 0.0011178220469471598
-0.0007850228416971946 -0.0007859897983474775
-0.00016890220264389493 -0.0014627088572522493
-0.0004585457247948951 -0.0006189492553207395
-0.0002015301609928937 -0.0002679749179383905
0.0013120863034318208 -0.0010701173187963832
-0.0013613009211538676 -0.0009632057971421498
0.0006928826402987548 -0.0003491446642186825
0.0005659961408812709 0.0002025516918658511
-0.0019114830988605834 0.0004040886599496574
0.00019183580956905612 -0.0006407538952570319
0.001226117649358589 0.0006940430017941052
0.0007346757386165305 0.00032845984938730894
-0.0010193737522554336 -2.061035729283532e-05
0.0006087849795706311 0.0004572399676966447
-0.0007232875360413374 -0.0006694613290764812
0.00016468756469135553 0.000997463887612941
-9.552652192777607e-05 0.00018457084005813005
0.0003133751933232501 0.00015378644340953963
3.578287103408719e-05 0.00046723537017552135
0.0009098686392898891 -0.00017586881230372776
9.636910771183253e-05 -0.0005609161282555124
0.0007885258144690815 0.0004476433780984853
0.0004053132726026148 0.0011216698583082364
-0.0003293611377500875 -0.0005734572813206649
-0.0008259645860510133 0.0009715840081738649
-0.0001321670872839746 0.0003150408665476168
-0.0004169143437852425 -0.0001530629241213859
-0.0012573091729773196 0.0001672675404626402
0.00013362243737347553 -0.0005811405812389255
0.00044001198586690826 3.722372233813169e-05
-6.668189769087889e-05 0.00043160416495870456
0.0005105672460989453 -6.536416084798133e-05
-0.000399589562082598 0.0009068075691892713
0.0007149689000880649 -0.0005914361009929915
0.00015274739902037821 0.0003596851218566342
0.0007234014194744523 0.00013408441180745318
-0.0005389815248323499 -0.0002562414911144694
-0.00019468292733902851 0.0005019517065580964
0.00020968695346354523 -0.0002008671523240111
0.000708247759371267 3.935880988110829e-06
-0.00029083765700008715 7.098543344154963e-05
0.0001879614068185607 0.0008855246400715985
-0.00017112943751541963 0.0004059337275331594
0.0005337228498933374 -0.0005726648423174173
0.00032585935618905434 0.0002309274160227809
4.6800712124432305e-05 -0.0011500361005688288
-0.00032058976220649944 4.224238022849776e-05
-0.00015626586458911343 0.00041031343233871223
0.0005276453058448923 0.00038799398240824053
-0.0011041037766766327 -0.00012956448350088314
-0.0004004656770336948 -1.3055069676635507e-05
0.0002835143089978662 0.00014151343957587368
8.414906190049236e-05 0.0006103998315260983
-0.00043914209996858875 -0.00012691291147327407
0.0013806862298339337 0.0005049585555296926
-0.0007346916451912942 -3.3465456959902825e-05
-0.00022078854255242348 0.0005414360592080227
-1.085020166234353e-05 0.0001989311240267717
-4.013997861017549e-05 -0.00040432785898737467
-0.00045947732403666547 -0.0008126539973949076
-0.00026682161606267623 0.00016681542155415658
0.0006688635965843431 0.0006777184840111943
-0.0002470920717457942 0.000626546370569601
0.00030872169440053043 -0.00010012110602610127
-3.544060941022235e-05 0.0007979352510542572
-7.524958103893383e-05 -0.0006053092950541491
0.0006754780549356571 0.0006911349628037587
-0.00014937515729627788 0.00011669019061170491
-0.000582248327555944 0.00014546282932894459
-0.0006682426705928022 0.0002392795769357522
-4.2908832803317955e-05 0.0006555845721272583
-0.0004666929171219623 5.784041919706459e-07
0.0009366108409674293 -0.0005400806874225133
0.0007619447794529302 0.0010874718238326904
-5.5900391859277865e-05 0.000509803262767831
-0.0008997673364371313 0.0005982611942863405
0.0004065301667617826 -0.00030180994077488735
-0.000627468364104141 0.0005085932484797764
0.0004620066576500421 0.00010371173273630877
0.00020246125767178647 0.0004897564750377633
0.0012374152093555305 -0.0008034926702787829
-2.4977195750573125e-05 6.209154949894075e-05
-0.00029133582517061477 0.00015096493063076712
-7.886003261812111e-06 5.4414565510069414e-05
0.0004674597676655825 -0.0004533231326973845
-0.0007271013451841862 -0.00011350085176421474
-0.001010238485710009 -0.0003911935554480251
0.0009120827765161573 -0.00031540420810115987
-0.0006778224098701047 -0.00036280736324917904
0.00017381659738861942 0.000964798741968438
-9.309677346939455e-05 0.0006031103910048323
-0.0002109834165530653 -0.00031914926065053584
0.0005648197367143019 -0.0006354804293355504
6.5061107822177245e-06 0.0005340234596967752
-4.7619456658474394e-05 -0.0008936961036354882
0.0003405108985483373 0.0005444736690992822
0.0015656778319626476 0.00029700694238544555
0.000186107150205074 0.0001349801641041968
0.0011812192823651682 0.00015544136336755033
-0.0008007325779894814 -1.7901954318488437e-05
0.00021554553578862065 1.4745386293480346e-05
-0.0005772237786997645 0.0005896358539331114
0.00030611061077360005 0.00046969101274977145
-0.0005296683805085306 0.0005833082741287699
-0.000123263827310703 -0.00025366883101041746
-0.00016971682592831818 -0.0003163990425633371
-0.0008224333267680805 0.00031720780789062854
-0.00030199475622277535 -0.0014823894602458277
-0.0006637428149487753 -6.284928799230322e-05
0.0005430357137047786 -0.00013290027964418756
-0.00023299468371382643 0.0007560727388994313
0.0007407480144103768 -0.0008226503879127932
0.0003218152637131578 -0.000510722430274465
-0.00012413377388777584 -0.0007116378318490244
-0.00034409274827975424 0.00047985612837576317
-0.0010342285131931606 -0.0010966128548546567
-0.00011863998262870703 0.0007321163768926336
0.00035583949054997536 6.312715971316134e-05
-0.00010420280796663846 -9.78575708057029e-05
0.0008999743034268935 -0.0007818572654299454
0.000135797280487341 0.000840765580354486
-0.00047119547176083097 -0.000488243194827707
-0.0007502796950349113 -0.001164735716715752
0.0004744921833126936 0.0008697995494983683
0.0009738873209956089 -0.0003334479731558615
0.00026994787890030587 8.145670629922424e-05
-0.00011975246419756437 0.0007765995361715917
0.0005785646881650514 -0.00031683672376498954
-0.0002927389379720665 -2.0785686847766032e-05
-0.0005564630145953768 -0.0009469805486695592
-0.0007834534310042099 0.0010114784246267351
0.00015156182034610285 -0.0008530902993618348
0.0003752140899451884 -0.0012966737237181123
-0.0007422513683977885 -0.0004824991366213928
0.0003898429235969064 -0.00022276851112097465
0.000547226138146345 0.000757563621019791
0.0007278345333506075 0.00042106497146366604
0.0002824741222141317 4.263116346828161e-05
-0.00013058163793004432 -0.001064241293260537
0.00046423268162129686 0.0011598451084315318
0.00010834716368206834 -0.00031476542347483544
0.0002121257583707062 0.0001794265310080451
-0.0005214242738110813 -0.0002156935177201389
-0.0006257390193170032 -0.0006338015228926551
-0.0011426615468014322 -0.000642902283426829
-7.452673581001967e-05 -0.0006062284766483605
0.0004483247816437007 -0.00011278622695322133
0.0001432920963089144 0.0011531300664672413
0.00031130490172499967 0.00020368773785536335
0.0005672782584459406 0.0006388687622622509
-4.523563641648495e-05 0.00020429132382350238
-0.00014675234630678898 -0.00019014915708916348
0.00035595130388939723 0.00013569876066159503
-0.0003367446863062329 -0.00017534454031903845
-0.00013713801530458502 0.00031475859426101724
-0.0004214819193256478 0.0006024693143089813
0.000241854873052824 0.0003264789703139549
0.0015218160686868544 -0.00048592121813715493
5.6761857346154005e-05 0.00026991960570555524
-0.00043890803309744764 -0.00021109681193904174
-0.0002511896084225475 0.00042016564407345566
0.0003106354533994232 9.831238060361299e-05
-0.00012504348055259032 0.00013795638181494062
0.0005591174692100573 -0.00014688321257071637
-0.00016222008415577664 2.480108388301904e-05
0.000495312430094153 0.0008167441467883174
-7.663115482949951e-05 0.0008184427000330226
-0.0007182054353709182 6.016939322171236e-05
0.00040264640618716907 -0.00034946816474454
-0.0007337728916980314 3.3358261933488586e-05
0.000543649840888887 -9.071036705341718e-05
1.4162419622490837e-05 0.00033561463383489974
0.00023948431814107982 0.00010727261123148299
-0.0007452311237538231 -7.324280706167586e-05
0.0003406247798944179 0.0001333095827530763
0.00040927831585897505 -0.0010928226578277795
-0.0004259259759356911 -0.00030213610315823905
0.0013550550195377499 0.00117088754866745
-0.0006938694922137866 -6.170841187564305e-05
-0.0006645642129076262 0.00028554356208729796
0.0010297524028932685 -0.000397653294175576
-0.001013474534967695 0.00028003125100054086
-0.00026273571705231986 -0.0002779825854542218
-9.126666317636178e-05 -0.00026567652743228075
-0.0006926347361408576 4.5616691934897323e-05
-0.0007377974386303337 -0.0009207398394519371
0.0002986645252910943 -0.00045520987931489714
-0.00020229191712975433 0.0009092670914431518
0.0011031949302309145 -5.693212216994944e-05
4.456621417022381e-05 -6.915436921132531e-05
0.0005135113882054497 -6.890884418912607e-05
-0.00030882537022104413 0.0006446887123786906
0.00017861202270960086 0.0010379946688644837
5.453184983581681e-06 -0.0003668164404160938
2.083567115249763e-05 -0.0006770533111457612
0.0002790855646462294 0.00012261151663512014
-0.0001937921465498165 -0.0002502252233051422
-0.0001466910065063292 -0.0006846758895246687
-0.0005170603005659013 0.00038331346424317356
-0.0002059550062482201 -0.0001688075026571692
0.0001016519587611461 -0.0006746029661044791
0.00013594419701519627 0.0008586065053393478
0.0003059347448478651 -0.0008938835358292535
0.00013196787465407882 0.000245429326316101
-7.885563732390958e-06 -0.00042870677829291216
-2.583350274612404e-05 -0.0006366434452113543
0.0004624613672269673 -0.0005216927986252753
0.00023543211475294718 0.0005735163137503637
0.00031972299351094494 -0.000335443443588784
-0.0002935757574727483 0.0001601161964430972
0.0008561978579477076 -0.0009786144002829034
0.0001463406632960542 0.000603185095508231
1.10461016167429e-05 0.0004970052789506015
0.0004161592296634115 -0.0007857118546981317
-0.00018107820943526323 -0.00029285337028684875
-5.704491162628849e-05 0.0008584076277533955
0.0006830943075865794 -0.00074630444305822
0.0005506683975052924 5.189793794769202e-05
0.0012752873852119203 0.0005417081123156883
1.8536222879883464e-05 -0.0008848655891554787
0.0001155903759168215 3.866076040514856e-05
-5.1847139896744925e-05 -0.0007051862246886668
0.000719063873478341 -0.0008909177728289217
0.0005666395033776157 0.00016935590921425192
-0.0001313981232615091 0.00020612883361336798
-0.0002614006436174352 -0.00028402743363422495
-0.0008161157368298471 0.00042588947809196775
-0.0016767950869256692 0.0004930360792400045
