4.8856367953627e-06 2.8416660257463666e-05
4.3240103752528744e-05 2.0103549180853263e-05
0.025862784236893456 0.027205374624652327
0.0012165924087648731 -0.0004965295395427746
0.0008999518454856025 0.0013131264852938628
-0.0007238791243820474 0.0015543647525450841
0.0010370212208365478 0.00019422340443031976
0.0011714584426785397 -0.0007427687454723871
-0.0016285092497542544 -0.0003191851238532781
-0.0003311878730590372 0.0017858740002230499
0.002151487457888629 -0.0004774403410926059
0.0002874233433375519 0.000252102400585061
0.0003013279816695459 -0.001036605926314796
4.3183847499932764e-05 0.0006581852643480192
-0.00011930723227413247 -0.00014032011145459294
-0.000725798994173073 0.0003856295903980631
-0.00029771652156553935 -0.0013874477479790886
0.00023982848588461307 0.0003712588018289118
-0.00022006363738139153 0.0006668635888413171
0.00034420910520861753 -0.0003206010446402134
-0.00044076616789134914 0.00053584783314653
-0.0002486395936897253 0.0013933998466010762
0.0004747235050973072 0.0002716952719239047
-0.0021242260098578783 8.464072531073547e-05
-0.0004361216603506143 -0.0011031512831170065
-0.0008276398481013496 -0.0002985949907504364
0.0006863463965883096 0.0006323184515550308
0.00036877975308995836 -0.0006038266486766078
-5.589781945031916e-05 3.3486510871584576e-05
-0.0009356311081366981 0.00011114613862798509
0.0002446005630066635 -0.00048808071309217526
-0.0012103686376591257 2.346080194503884e-06
0.0006496681904813714 0.0008035497546668907
0.0005038189441596742 0.0007036600254872962
-0.001127048736391711 -0.00039689920454041177
0.0004709632748651317 0.0009913155217363893
7.756624139792782e-05 -0.00016150287957514552
0.00040843005935623856 -0.00017408926776906516
0.000777803388765984 0.00010357331849438273
0.0009746589027639802 -2.874683236216452e-05
-0.00044410176895343816 0.0003852325391249684
-0.0003961395385066482 -0.0002672870867601434
0.00017445378438438793 -0.00022282187598188027
0.00048594074542409016 0.0007519956505495961
0.0008590135912279312 0.0005915959262576432
-6.066599261778986e-05 0.0008253600385008476
0.001706455849790242 -0.0012883651038606083
-0.00026511810169630996 -0.0002601798750126729
0.00011636958645783676 -0.00023765619968658074
-0.0009248925840948518 -0.0009488235115385433
-3.25499403212933e-05 0.0007285217281403075
0.00026693715037423495 0.0016056304579906392
0.0024656683746787193 0.0005272383635095883
0.0017246636395182925 0.00027549930868960763
-0.0006641701986543343 -0.0009361562965894007
-0.0009727044037901871 6.561329385504084e-05
-0.001066569467452522 0.00016401843584765721
-0.0006598958237293834 -0.00014874539744228605
-0.0006731441437283713 -0.0008028965027592731
-0.0007001958625785684 -0.0006440092642793098
0.0008865800283847699 -0.001955170850163089
-0.00025633722748472256 0.000286153975162263
2.0167183117520023e-05 -0.0012475762281226052
0.0009858710691576069 -0.00034543711176766086
-0.0004929186509572057 0.0003617979085357988
0.0006928829313915364 0.0006291681895164281
0.0008246639043519154 0.0008415036664281095
-0.0011611251021346259 1.8100391276446972e-05
-0.0010112292868679452 -0.0015635290986877337
6.0025979546919396e-05 0.00013323944004674883
-0.0014081797229905824 -0.00026213122021648077
0.000714302985295464 -0.0008404609961710218
0.0002752873202684699 0.001058004216260584
-0.0001707438021496301 0.001182982116176854
-0.0002232058639303963 -0.0009330539301299928
0.0016293973207176728 -0.000784687051526674
-0.0002976031700523701 -0.00010068191569858325
-9.675630587550414e-05 -0.0004225655172256616
0.00017132753111827854 0.0007119807992462022
-0.0005472485176666646 0.0006213313123283823
2.6983593468718283e-05 0.0002758094151760907
0.0015460728532595417 0.0004640660098534794
-0.0010170362206547202 -0.00044917459779447293
0.0014082821240947831 0.0007290633762527366
-0.0007548399891741112 0.0007803278892318148
0.0008030331947792507 -0.0005170365529393539
-0.00018986555653026472 0.00021951456447167182
-0.0006651038524148775 -0.0004397535985206934
-0.00015662557053202383 0.001879932993513172
-6.125654989234009e-05 0.0009757537173730835
0.0002507585033220468 -0.0003160407207952056
-0.00034084274499239975 0.0009365487853600134
-0.0012711414778280661 -0.000692466686362998
-3.4943407855392637e-06 8.523425743395717e-05
-0.0001678481276625279 0.000176800266986203
-0.00017262956493235528 -0.00040560983861306774
0.0004660089278333756 -0.0015337173111404812
-0.00023852115941284244 0.00020728767790617638
0.00011957935433092592 0.00011792288670306826
-0.0019723636078600496 -0.0002971112465593473
3.711231555160213e-05 -0.00030857491363265417
-0.00014807576862710015 0.0008585978585404469
0.0006037211687697944 0.000987011784043201
-7.833022378668678e-05 0.0003734399949183207
-0.0004502973858055722 -0.0005206792536463745
0.0001260195577484181 -0.0009534645630013737
-0.0005155639748053349 0.0006910064798874065
0.0005015701624474095 -0.00040637190882921104
-0.0004742032795872793 -0.0008938967255812612
0.0007666601302299403 -0.0012063769851493257
-0.00017683525431582713 -6.219948959659084e-05
0.000719588212613912 0.0004594846286370571
-0.001142402756404889 -8.470767016532842e-05
7.105521682312361e-05 0.00022164613477735124
-0.0004035250137278372 -0.0007564830874228361
0.00090142413618598 -0.0012493322781651018
0.00032432429269970217 0.0007501826549011477
0.0003070123738206726 0.00017252646765312884
-0.00029576389843651295 -0.00023533888007443678
0.0002951806890539957 -0.0008763381118029712
-0.0005924751887981962 4.644362255592083e-05
0.000578470459534667 -0.0002794686327276409
0.0006701949395221188 0.0006811559396819291
4.787032342031019e-05 0.00018059061538877567
-0.00046234065629008846 -0.0003183233725939928
-0.00018327754463376642 0.0002546295808325593
-0.00020512145650068456 0.0004316287417169794
-0.0002511873944782816 4.173554311988929e-05
-0.0004504680796987555 0.0005752728055067719
0.0003740815664961465 0.00022713242560639936
-0.0003842610808014055 0.000730415063182258
0.0005422696161613685 -9.038289437709813e-06
-0.00022304723865108938 0.00039909232425370226
-0.0006958228986556236 -3.6894705153759477e-05
-0.0003384967639279527 -0.000343058038173958
0.0006999456697059384 3.617093288390656e-05
-0.0006164500115038218 0.0006535089158500963
0.0002390132353698631 -7.142548570383356e-05
0.00040741610497324783 0.0002015559834085751
1.5200814112530121e-05 0.00018146751142302916
-0.0004676029056243619 8.502895666473303e-05
0.0002911781749668434 8.804133737254322e-05
-0.00018953466798460805 0.0007483547248463516
-5.3727411935116385e-05 0.0002367648189426101
-9.981960846157195e-05 0.0009006577129069391
-0.00019604983668678456 -0.0003251154507501146
-0.00014664362511601251 -0.0005205842290448902
0.0003670870150277031 -0.00011441690439039428
-0.00017745122185245407 -0.00041772721136579244
0.0001177739730691528 -0.0006143106411867086
-0.00045408939007399814 0.0005243987183910112
0.00035787154151232554 -0.0006906432091602991
0.0009205630348184035 -0.0008843514057283307
0.00037153553826886794 0.0006371581128165642
-0.00020168704502444127 -0.00036137949162222323
-0.0009898297596520125 -0.0005686854143280523
0.0005858163108611993 0.0004776820552870142
0.0008877547512899137 -0.00033665976033422457
0.00012768047828616924 -7.591173687568387e-05
0.00045019712497175717 -0.000509643446875387
0.00014334988849322084 0.0009354097792921611
0.00012147064840350918 -0.0004788002315436099
0.0003656912236465157 -0.0008683183139378646
0.00024624544125854844 -0.0005561647967936571
-0.0009825434958200343 -0.0006834013559814157
-0.00021007065348068086 -0.00010768046046611311
-0.0006659577210354965 6.680871574978129e-05
0.000493522566117057 0.0007251569485697678
0.00034552045667079296 5.2367015201701546e-05
-0.0004835213723964754 0.0010281532803599414
-0.0005883365375148094 -0.0003589252200689538
2.4084530774657236e-05 -0.0006628823935789468
-0.0006436220524767685 -0.0007444816087950841
-0.00013267026292292886 0.000426993815186023
-0.0006820963795689287 0.0009036086277797767
-0.0011169375011781738 0.0008717360712147724
-0.0003246944582234552 -0.0006292914713135212
0.00029170853019594987 0.0011320895596965076
9.198143735058028e-05 0.0003135953171519006
0.0002625960088076046 -7.354825904161626e-05
-0.000680419475924079 0.0002761320287735151
-0.0001425602476810205 0.0002854253291083679
-0.0008072495877889138 0.0001182236078103136
-0.00017723498247239846 -0.00147377070862849
-0.000207947242476543 -0.00011232766747729727
0.001116135946865226 -0.00022159611642132143
-6.919554184916251e-05 -0.000355957897645898
-0.00019791624140042465 -0.00024464665033265936
-0.0005444165150841028 -1.594299737986348e-05
0.00034278953041132985 -0.00045906152342931636
0.0004400476257029033 0.0008221922777843687
0.0002962125937628817 0.0006080267485218701
0.00014235964472089494 -0.00015584207932785367
0.00048192674375410765 -0.0004223771039872161
0.00047723714733570243 -0.0001904968138277128
-0.000783218145902533 0.00031720234289737097
0.00010345950234638819 5.672577619790067e-05
-0.0008838133889485124 -0.0007350277476989767
0.0006261638787899461 2.8394167733800095e-05
0.0006798949389132011 0.00011099807846557828
0.0005921656533111044 -0.00014429695528950072
-0.0003549047239817767 -0.00032469873467612343
0.0001451138293677968 0.0009596437119477225
-0.0006458009009569068 0.0007111280640021639
0.00017748576157968838 0.00035523006675485755
-0.0003141122553980151 0.00027050150892519813
-9.099355461825842e-05 -0.0006389786661289777
-0.0005545407100323284 0.0012089127291181002
0.00041505775840886157 -0.0003762542781565504
-5.0665792739614286e-05 -0.0004726889857099761
0.00010099757231056359 0.0002193925797895573
0.00019108651730069903 -0.0002103089504170803
0.0004073968112841738 -0.00046264884606057345
-1.3329722295444923e-05 -0.00021449005584465652
-0.0003366814183680266 0.0007827375831049719
-0.0006541196025106918 -0.00031929123749023156
9.03407316176673e-05 0.0009786846733107004
9.522384059011789e-05 1.915626353974853e-05
-0.00068556458068336 -0.0004258158841948123
-0.0005854519756191502 -0.0001419634868065706
-0.00018184653115880102 -0.0009905559964010794
-0.0004792835967233973 -0.00025908118949756617
0.0009380272961899025 -0.00045233786501198823
0.00043313688024621997 0.00012908413115918514
0.0004014522443133406 -0.0003757468053643591
-0.0005274339084045033 -0.0006766167181978278
0.00022143913542181133 0.0005566381663461854
-0.00023501280048279912 0.0004840555405556553
0.0004653609444821733 -0.0005459416794252176
-0.0008511454873350468 0.000875042124004151
0.0010146176774708646 -0.0004268201295871046
-0.00022308912357257954 0.00027707606180478483
-0.0004962349346797747 0.0013512137922859313
0.001057175053497811 0.00029461410577013176
4.591063748143857e-06 -0.00018374891583211725
0.00015389946825372248 -1.7722419163489993e-05
0.0010281852354126354 -8.109353759887238e-05
0.0007114477073584506 -0.0002800745317820378
0.0009083467643490782 -0.0007215277730552687
0.0004565150474702044 0.0003700780321218614
0.0004406920965602279 0.00019171430601710546
0.0015484045882980526 0.0008073896067454291
1.4208295102609372e-05 8.895190944914727e-05
-0.0008991240662531844 -0.0008850563384059884
-0.0007752450644840491 -0.00024947489426404873
-0.0009932028574125037 0.0005801876300012392
-0.0002870437678776713 -0.0009212206360748446
-4.7137993730280334e-05 -0.0014645332123087104
-0.0004682698664668907 0.0005136331743593675
-0.0003036402796304998 0.0007475014790256738
0.0005446139141473338 -0.0005375569722439499
-0.00026078690887950887 -6.811118533686502e-05
-0.0008572896971777597 -0.0002824958286503862
-0.00034943076245391296 0.00026950904132713477
-0.00010125971202550984 -0.0008073819908522411
0.00037807738561844944 0.000623518886921472
-0.0005944173727704565 -0.0005641768311470909
-4.700709119654791e-05 0.0009820703190673357
7.556601606573135e-05 -0.0016837666118180417
-0.00037147127642203187 0.0003268284177650075
0.0008480729993384659 0.00041072499586743616
-8.531929425608857e-05 0.0007868117126132731
-0.00012906523628110632 -0.0006301259185179499
0.00014620812222861272 0.0014306893708085843
-0.0001389224512083732 -0.00010798212867353936
-0.0015887853834879683 0.0007033395411158897
0.0005157484352699292 -5.0590736555495e-05
0.0001734774472286226 -0.00029070965991142514
-0.00014032274722131536 0.00034569032365955365
0.0007878575628279131 -0.00042594144549773136
0.00013336374936833727 -0.000222410594764231
-0.0008660041005948151 -0.00034312039546495563
0.00030990880669799894 0.00021621580130052888
2.024654891438289e-05 -0.0001486237101981666
0.0009697374092849602 0.000337185632971178
-0.00024458029895753846 -9.79029835067597e-05
0.00045023141688053513 0.00034455650744332985
-0.00017776712264704154 0.00028436417001073656
0.00031593520560800387 -0.00011873335039472657
0.0010733592349920773 0.00014139127712478746
-0.0010007430809815619 -0.00018682262574732026
-0.0004996575353217343 -0.00024284932295077244
-0.0003048007657670096 -0.0007480501963031817
-0.0004827312501553273 -0.0001470488438783651
-0.0007107696106373907 0.0003478928419315623
0.0010649857198940878 -0.0007952117219268982
-0.00022180515799416137 -0.00047571298820186554
0.0003710238794751733 0.0006913564314318295
-0.0003183826122311863 0.00037323509383006956
-0.0002765762596911877 0.0010479384525346098
0.0002385569251513629 -0.00014534732668047162
-0.0005047883726527776 0.000274109051943365
0.00025538443642943506 0.00015756827853799835
0.00046843766655240777 0.0001707199311819705
3.3243675252182505e-05 7.203525591247003e-05
-0.0003344736517989032 -0.00015021036325411335
-0.0006901747781847217 0.0005134354203094953
0.0003341326815054837 0.0012228562135966647
-0.00023667718126312677 0.0003237164335758629
-0.0002483001512674898 -0.0005090155861708746
-0.00017804324563355466 -0.00014903834461053812
-0.000961011596803891 0.0015744936684821136
0.00015872177689327566 0.00021395562099882985
