5.0541904211501e-05 3.741308376961321e-05
4.702778774730412e-05 4.327374659733327e-05
0.009179902354622056 0.03419643357973203
0.0003983495585683037 0.0005592646916627542
1.5928012583233504e-05 -0.0002706260085653534
0.0009006952733216472 -0.000741040008915866
0.0011425153039067667 0.0005316956576898239
-0.0004943410751071444 -0.0010481556756184866
-0.0007662214814098559 0.0005037439405131412
0.0004998341041413198 6.505081057122106e-05
0.00042807308241460173 -0.000710476481742127
-0.000417082417849822 8.135236957644629e-05
0.0003018734561338307 -0.00023088035007074844
0.0005161042288458119 -0.000970209691816354
0.000176090875750508 0.00043092808590606727
-0.001078162837442059 -0.00016810044566469367
8.188196285086316e-05 -0.000567397370182359
0.00016569266517839072 -0.0009496091463603837
0.0013123769025828735 6.258531007039874e-05
-0.0007705509548854228 -0.0011610899253445524
0.0011716264503614656 0.0004223692243687608
0.0005297642885472613 -0.001333101125048385
0.0007439776073283896 0.0007440349934628995
-0.000612817823524501 -0.0007274673133717106
-0.00041284085412341694 0.0003094690046731137
6.27192707223469e-05 -0.00011875025127728874
-6.656868264729044e-05 0.0005161383849801759
-0.0026591382755872936 0.0011956669670249154
4.762543369053114e-05 0.00037105432934279956
-0.001722345039292217 0.00043947804289673427
-0.00022471449827504873 0.00046958601501448296
-0.0018759849247030238 0.00060210500871
-0.0008496240793067221 0.0012611387934798172
-6.286340625339533e-05 0.00027670640536149675
-0.00015654345402230145 -0.001061992596301911
0.00015261810291031675 0.0011192487951561772
-0.00011490895621987493 0.0007891042308080238
-0.00014278359608479183 -0.00018089896713210585
0.0006966827294490141 -9.519581754201735e-05
-0.00026716455724220476 0.0006109802789414714
0.00019704173142231452 -0.000446291888310308
-0.0009052624794538483 0.00038610655305725754
3.220202872541796e-05 0.00023463214997177282
-0.0003153435573214954 -0.0022930253432870175
0.0007541222937800751 6.971824061109158e-05
-0.0006671067698319912 0.0005357706884922368
-0.00020877504947362045 -5.661099835646363e-05
-0.0005610108864139852 0.0005322763902740284
0.0004516982234244201 0.0005430602483086044
-0.0010343508022631967 0.0002586393183672848
-0.00048353054620577714 0.0006192279548702324
0.0005982778142539219 -0.0003037377158885353
-0.00115461530899541 0.0001812265498758278
-0.00014840299628664412 -0.00034165698470521843
0.0005929377385049406 -0.00012981286321203482
0.0014006830190477486 -0.0005898867231755296
0.0005117970764336385 1.350872051204829e-05
0.0002850082188402869 -0.0005013313873690258
-0.0012310242022767306 0.00035835458600065953
-0.0012470452650125716 0.00024302845134834358
0.00024526735041978663 -0.0011699311964572532
-0.0018812688948207895 7.382964932484952e-05
-0.00031084349387216196 0.0010374511513260721
-0.00036516889036889685 -0.00042655680281927604
-0.0002496488526148705 -0.0010991488872653312
0.0007879498701243367 -0.0004917661431578804
-0.001199352391660227 -0.0015533089757716818
0.0002873842150887223 0.0004967106032351983
0.0008724090627394572 0.00011136848859975299
-0.00016652953202071487 0.0003501329511514664
-0.0006547317621075705 -0.00010815783860498553
-0.0005642672942229897 -0.0020777444860532422
0.00022502233947264361 -5.669327764751389e-05
-8.43769273071166e-05 -0.00015801565715172237
-0.0006615412187853492 0.000641450869052984
0.0004040067980748842 0.0001079767276497988
-0.0004913527898479822 -3.070463531357758e-05
0.0010876926702086049 -0.00024731297165602546
0.00020941762475070887 -0.0006400638514278675
0.0012361112220281223 0.000236323778745626
-0.0005328048209404879 0.0007609786749545353
0.0002944036569761716 0.0002328214198827416
0.0008369769711091709 -0.0007237036410753196
0.0003065104893924396 0.00010890683824040847
0.00026495687723245226 0.0003089081311712157
-0.00019341221555019438 -0.001237472123439046
0.00032076807697070745 0.00036711610406460455
-0.0012066435894659627 -2.536520291480424e-05
-0.0006452073022356189 -0.0013493244806190574
-0.0012726998013755906 0.0001662179470362999
1.3919179760411775e-05 0.00019241078846503296
-0.00045552084404494613 -0.00047017424589497936
0.00012749556101825758 -0.0010142617999027049
0.0002641071504496453 0.0001625538703491969
-0.001056255500754732 -0.0003828188631920291
2.0262233874476094e-05 0.00032412926449882035
0.001747039898334147 6.101019605461863e-06
0.00023876616150480347 0.0001791023538118157
-0.0007000596391539606 -0.0006512156686699151
-0.0005193771125606002 -0.00021774956242635998
0.00011359774710295604 0.00015950781646825846
0.0006336321508317393 -0.0002138497211165481
0.00046049126042289803 0.0001630047513800863
-8.9456018668036e-05 0.0010553782420553227
-0.0013201296235071588 0.00018805608683508703
-0.0003098722186213584 -0.00125034209314666
-0.0005244996485306271 -0.0004901780256181207
-0.0005615651419423744 0.0009332252024359344
-0.0012660812137481401 5.918017884535574e-05
-0.0006093796103808011 2.9288996074817193e-05
0.0006832799336589247 -0.0008478622822718322
-0.00021779688523160772 -0.0005248342472089988
-0.0007430000545399416 0.0001952629023899666
0.0006605163098535458 -0.0009443439523215319
-9.838575496753992e-06 -0.0005047662245397142
0.0005886894995556492 -5.682396546017658e-05
-0.0008996400685408862 0.0005019012292594386
0.00029958049524457823 0.0003687638582141046
-0.0002041447577080173 0.00074608421482962
-0.00018269999614497245 -0.00038877005238406896
0.0001436445927395604 0.00020900216883630915
0.0009631582294618035 -6.898518145401713e-05
0.00035945973489739745 0.0013753746388242836
9.155781898609872e-05 0.0001545104190512489
0.0003373748662650857 5.988012225373936e-05
0.0005813880378622104 0.0008732677868750622
-0.0005494586197937569 -0.000442777725561709
0.0004940974542951075 0.0006573018721068865
0.0006181670316477096 -0.00012574909077601006
0.0008515123465562504 -0.0006436677889861448
-0.0006816658737933657 0.0005269492958320935
0.00016227668914364264 -0.0001436175652899584
0.0003692870956088341 -0.0005113204858793679
0.0003629074807832676 -0.0003368009560983589
-5.752986731532809e-05 0.00039660276292536874
-0.0007746148028528735 -3.8872848184117955e-05
-6.097253248113902e-05 0.0009579016853763204
-0.0001140017557617338 -0.0008710680168849195
-0.00040127774879259717 -0.00024300522220256458
-0.0007736333292563005 0.000265628778196183
0.0002156922770823229 0.0005016431923186027
0.00044416827348612615 -0.0010578930392633125
0.0002997631445382315 -0.0007704345895426553
-0.00021447967798401943 -0.0003337246273861202
-5.4396669142604924e-05 3.6878840212501335e-05
0.0006402508376696056 0.0004532365507330502
0.0007857175076148539 -0.0008286151052534674
4.6306801964358115e-05 -0.00034177301391483805
0.0008465545641210674 0.0006803909242290224
0.00048730219400883407 0.0003669739211801869
0.00012383510823652078 0.0006057697301769967
0.00035346765249949014 7.079908033119821e-05
-1.945950273395613e-05 9.183807651520719e-05
-4.044048932578203e-05 0.0006653065375728214
0.0001455272709348407 0.0004537295853136354
-0.0005398255064274932 0.0002731957068135499
0.0005824540982844328 -0.0006104790701089389
0.00017868045069356132 0.0003115730898883011
0.0011521626356808105 0.00036520603749391745
-0.0004382229649249999 -7.339823099297867e-05
-0.0002580167282646504 -0.0007232529511419351
0.000979245402727328 0.0004234573190011343
-0.00020917373401890322 -2.3703396955789958e-05
-0.00041842109652202327 -1.6281179595358684e-05
-2.6591584959304624e-05 0.0004528460392233976
0.0006042285296625509 0.00011175922663089508
4.836151715528769e-05 0.00026376756336330244
0.0005045689690969303 -6.364182694805834e-05
0.00020710185367039572 0.0008095933032389875
-0.00013590855198717725 4.973056801732407e-06
-8.149477563018894e-05 0.0006579330122088253
0.0005309822162349351 0.00018589664519462942
0.0009999020099435796 0.0012387189859261012
0.0003344923802867832 -0.0003112921289108049
0.00026068249019266286 -0.0007713988651250363
0.0003817604107412932 -0.0005354371933048679
-0.0007078466486344245 -0.0002680601285862086
-0.0011470994531825845 -0.00044215559673886574
-0.00038171898282436456 0.00068209593164176
0.00011976226964513764 0.0003213005333912748
0.0004683698727146251 -9.259342439049306e-05
-9.131019317411691e-05 -0.0002552719045547468
0.0003432171378222702 -0.0005129251871354461
0.0008172055682961085 -0.0006365068742906803
-0.00021882347981388287 0.0003664002952584929
-7.250950446677643e-06 -0.0010111458752195004
0.0002810304357087935 0.00019290647581680936
-0.0002331582754480721 0.00024664545577259705
5.684243723962143e-05 0.00023440312312809696
-0.001100374723734699 -0.00035715552775897005
0.00034370603951770583 -0.000192550804326671
-0.00011274444332676511 0.00041699357452446245
0.00041889657796974144 0.00012080379493745121
0.00011732639421483273 -0.00017802088942266386
0.00048249015690979714 0.0002126440602447548
0.0002713391101781217 3.3416492828310035e-05
-0.00028353279375845905 -5.707036871373206e-05
-0.0006448584415654106 -0.0003043099757079153
-0.0002512111610074008 -0.0006133114375050759
-0.0011887465008874522 6.136877116121647e-05
1.9650455802721504e-05 -0.0003531027851074372
0.00031599159781476184 0.00010955450146952273
0.00010729839286669344 -0.00038820082836788503
0.0003982175545890371 -0.0009978583189485112
-0.00047038809380047696 -0.00020082897907388277
-8.132747592419754e-05 -4.825447640340131e-05
0.00022236181214774643 0.0002826467838393661
-0.00075807080297457 0.0008530130346900677
-0.00010871571660938227 -0.0009434757734686046
-0.0003048360935108242 0.00016362677667200353
0.00010515697891727777 0.0005999882914352562
0.00021510226789664289 0.000396959243899567
0.000695112629599177 2.8634320063695135e-05
-0.00014901211827042214 -0.0006264565592381492
-9.252666353539068e-05 2.7027821070199604e-05
-0.00021197616327301848 -8.056999964423572e-05
0.00023304277419812895 -0.0008698255525401227
0.0010979116325380304 0.0013962350753351689
4.5843950568927975e-05 -0.00018074862263185243
-0.00011927359561259976 0.0008196850918504973
0.0010372612617176526 -0.0016342525784947349
0.00027627010758522085 0.0006016044729390214
0.00034800583918687464 -0.00039550594550880253
0.0010541241607136115 0.000283427083164279
0.0007613489545068081 -4.408888933870145e-05
0.0007321111606713622 -0.0004386702018813457
0.00015591267232713623 -0.000403964819162791
-0.0010376240104231558 0.0003051081224224766
-0.00011611792546367897 -0.0003464320557626232
0.0005806380087843737 0.00029218466148002437
0.0004364719913233276 4.4113487069563877e-05
3.282678844839314e-05 0.00019699626574705905
9.247055903097046e-05 -0.0010501406216261587
0.0006940897065634366 1.3347877741384197e-05
3.707118188290141e-05 -0.0011381600964357362
0.00048734193516558974 0.00023891425048624355
-0.0006965931391041925 0.00016168755657372926
-0.0002128050333347358 -0.0007775525035055859
0.00014033452319457777 -0.00023914174487564592
-0.000636573234956957 -0.00043521868133151076
0.0004640022426018457 0.00033786451588628167
0.0005772704419857068 -0.00043867983421286614
-0.0005970174229628924 0.00010727031920314224
0.0009551418718384587 -0.0010552740131233777
0.0010103584880485023 0.000199120635620018
-0.0003153488514397275 -3.7851632360532837e-06
-0.0005330218649890053 7.921649058481441e-05
-0.0004998277283675444 -0.00017431869598661734
0.000790586013056766 -0.000369150133111575
-0.0005576854450818532 0.0002772764744595048
3.253886159092227e-05 0.00037033762693648763
0.0007191746085023411 1.0486619561926601e-05
-0.0001384703947796207 1.2767673141357215e-05
-0.0008156739929380785 0.00029327799907613014
4.5788838509984824e-05 0.00038570512995085885
-1.312937146505047e-06 -0.0006710052766020026
0.0001575923045529744 -3.711459369561497e-05
0.0002706039522228117 -0.0004877229737321274
0.0005748641127510924 -0.0005534360126823512
-3.936785113195671e-05 -4.900423845495975e-05
3.3868155205097765e-05 -0.0010674342531021537
0.0003570333604990013 -0.0004622705784274089
-0.00019888627941474265 0.0010937331540550675
0.00022813392247063993 -0.000371239193055664
0.0002678557053060173 -6.980726782643325e-05
0.0004779291959671643 -0.0003890484366505751
-3.4984964160742485e-05 0.00039035093936618215
-0.000954819311110268 4.392942590842811e-05
-0.00013529938173245938 -0.00048528840359381755
0.0012196891961746266 0.00014532870188323221
0.00021731988331344514 -0.0004780819196903648
-0.00041687333366121536 7.647179882818937e-05
-0.00036229385677157976 -1.7893459911064798e-05
-0.000517192661994215 -0.000293197025080477
0.0002150207504021604 0.00041615755959341816
0.0005819340782669447 -0.00041322185970520445
-3.7922090501553965e-05 0.0004295053104537603
-0.00015700232172961224 -0.0009469798045510219
-0.0006514276734436773 0.00019690454469304948
-0.0006679324867985421 -0.0004690099168687549
-0.00014775487415079002 -0.000526581589927207
1.0767595412858183e-05 5.881564791661259e-05
0.0002737079348241391 0.00014863735631093114
-0.0009483675047716373 -0.0005084501412151806
0.0006590000015475886 -0.00032261315636735355
-0.0007641830971643593 -3.114499437729566e-05
-0.0001840504335962376 -3.5457146902318085e-05
0.0008075664945488881 0.0004252024962132911
-0.000533683358577984 0.0005192632067023195
0.0006286773285864871 -0.00011446670683214927
-0.0008532241025106494 0.0007949859741684692
-0.0010306906064841482 0.0003808739856919283
-0.0016219890767790624 0.0004621671076543133
0.0008038434107700314 0.0004705339079917396
0.0006888211338856095 0.0005229313156270851
0.0007934860767134739 -0.00031119957342356857
1.3660432456020546e-05 -0.000222067372085486
-0.00021541104397666645 0.0002294148592298908
-0.0004628096427498643 -8.490350034799372e-05
0.0006895372765714424 0.00015671145163603526
0.00014994034429807753 0.0004606743190438015
-0.00043585448366006654 0.0008559229266415138
-0.00017112372887299968 0.0003152606315512958
