3.969004965644958e-05 3.347209275078612e-05
1.137250702032658e-05 4.6121767292260234e-05
0.0014857842427355608 0.028111527465415634
-0.0013726678735187126 0.0004947747960494133
0.0009052218926262149 -0.00016497358929042438
0.0006520583351030416 0.0005988020213835181
0.0005101447797579086 0.0013839802378502392
-0.0004587031866024179 -0.0009351089464053581
0.0004469951143057471 -6.849259781899909e-05
6.067287676485639e-05 -0.0006197523359298159
-0.0004959659537571685 -0.0010848264791217686
-0.00038491847250548416 -0.0008621358666339578
0.0011042870468684985 -0.0007080744693379294
-0.0005072516626448771 0.0005668416212980456
0.0008566223972077612 0.0006408560453404859
7.178836230467293e-05 -0.0006639422171190946
-0.0004172970873817365 0.0005278106872039706
0.0003342929689108367 -0.0004081650770104062
-0.00043835684030081736 -0.0005599196134691381
0.0003231449130711667 0.0006902172357648966
0.0003526676128026971 -0.0021640418740774842
-0.0003839796155768208 0.0004919459450801088
-1.1065544348555525e-05 -0.0005043470209964191
0.00021062935634468503 -0.0006910076022023928
-0.00015383688428589033 -0.0005958997956531313
0.0006421352148031887 0.0011363442173077383
-0.00028345480062421595 0.0004404131738656494
0.0012978022734951374 -0.0009174557154881524
-0.0006480180923131878 -0.0014335373994481392
0.0006385166418643297 -0.0008200416190663301
0.0009142460339671855 -0.000879539397061741
0.0005686318942191983 -0.0003049785884387174
0.000528980809264057 -0.0006221728400386027
1.2015039438715156e-05 0.0006345016621031567
-5.1506771264684e-05 -3.2774520358393874e-05
-0.0013223992253921168 0.00011019182573979226
-0.00017634711052180296 0.000906090545229796
0.00038861766782242996 0.0003325698448506813
8.413943031960578e-05 0.0005700828446773144
-0.0003555881961174679 -3.432383211589897e-05
3.3951736641676376e-05 0.0014346945608072169
0.0007657311524142418 -0.0003003865974851018
-0.0013499178870885493 -0.00016151970956980525
-0.0013348088626180816 0.0002764974160221874
0.0009854687230508676 0.0006890083540525975
-0.0005036086969887253 -0.0011088408508260802
-0.0001698523508515626 -0.0004738491433564611
6.408573673300499e-05 0.00028132133671014654
-0.0009860185323472914 -0.00021592802151310689
0.0007543087579665837 -0.0005097464437082016
-0.0013987995421934141 0.000287725014434246
1.684159338950969e-05 0.0007606201919929491
0.00016100729908913292 0.0018516844259462645
0.0005505937398389524 -0.001035783165883556
0.0001358899867256477 0.0009554884155842165
-0.00020011292587724785 0.0011088147668389863
0.0009240719519602212 0.000638942154498212
0.0005451113888527507 0.000909683711121841
-0.0009367895732797239 -0.0010488417121430782
0.0004925622672070939 -0.0008129409900658469
0.000364750913393711 4.704408194837892e-05
0.0004172854309834674 -0.0006387779327026164
-0.0005414628143952618 -0.000518635703828903
0.001161135251871848 0.0016562647756095655
0.00013407248806300402 -0.0001979034053316479
-0.00020392291815821863 -2.884908562177855e-05
0.0016589377315150405 -0.0004931834823300127
-0.00026938051023496837 8.506205458501047e-05
-0.0011908265641294212 -4.248448854406165e-05
-0.0008915610169701145 -0.0014201435346515563
-0.00031880684415366975 0.0007424304418837782
0.0007383156532097039 -0.0014726501538785324
8.314847477050101e-05 -0.0006398381261281138
0.001895032386897503 0.0004540155766171768
0.0006825458426693092 -0.0003691888967496195
0.00016438916326591877 -0.00027914899894098294
-0.00024169792997738587 0.0004129679415665152
-0.0004411064159711741 0.0007180123351651672
0.0004201480545409359 -0.0003466795600508919
-0.00038355819651636784 0.000126283168775364
-3.056138748543374e-05 -0.0003656391335932476
-0.00029338531089373134 0.00022768967034441504
-0.002018116026018246 0.0002736924679800399
0.00017624535718679902 -0.00043255661788484416
0.0012567454971200123 0.0007439679671291271
0.0005532797859409045 0.0004169411530889313
0.000290301267948714 0.0011146137159146676
-0.0001878338966488113 -0.0006994997034119284
1.594777892656517e-05 0.00044405639517246286
-0.0006632851851593358 0.00039324257723450854
0.0005074978855850817 3.480619460346555e-05
0.00032988607301972535 0.0003127380637945066
-0.0003712099015516674 0.00094583005605699
0.00022879690347489746 0.0008752734055751006
-0.0010683964427342675 0.0006250327224811643
-0.001219554461358432 -2.4990673480688986e-05
-0.00045147071535568955 -0.0006927031761541661
-0.0010500618989910148 -0.000115762571684386
0.0003191725396377207 6.98857100424658e-05
0.0006440070030669356 -0.0006740450673897216
0.0002876838391266126 1.6492704889982664e-05
-0.0004003759153882641 0.00043576408874412354
-0.0003190727069408084 -0.0006842605824218867
-0.00012938064907895677 0.0003144989823960455
0.00031553746340016005 0.00023301158809166256
-0.0006812935033771396 5.532134485197745e-05
-0.000767347880618246 -0.00027172428364471003
-0.0006576367221781355 -0.00014293935455528812
-0.00026700795488397505 0.0006362399953735053
-0.001152275321912568 6.79304930048889e-05
0.00016254120592861201 0.00037034643458815097
0.0002975318735270825 0.0008320610221766106
-0.00012931371498210465 -0.0006666662523248282
0.0003349604848847347 0.0008215435701994893
0.001415631939981045 -0.0003623042783745953
-0.0015021302481034535 0.00010201317812900158
5.570081515426578e-05 0.0007595282525271856
0.0006272551671682001 -0.001515652717980971
-0.0007082423143096588 0.0002515716733105356
0.00015644257054274054 -0.0002946837622730521
-0.0001281202439345121 0.00031312624938327954
0.0004266839055946468 0.0001791217293371278
-0.00015774560938909327 -0.0006478778694741505
-0.0006629735856918832 0.0004246093021198404
-7.252971382917818e-05 4.3153642331762105e-05
0.0005080822831897437 8.12764161485634e-05
0.000111122294942461 -0.00024142283617614895
0.00014425979093403725 0.00020193833203387376
-0.0003088545206205949 0.0005515410695556004
0.0004146849671960345 -0.0005325273780116682
-0.00028066849839256645 -0.0008667417008247954
0.00021505837693210387 -0.0005366086884971834
0.0005443852029977127 0.00045115676779257456
0.0003066966025912645 0.00015006524797889125
-0.00046016808687821995 -0.00018294181750018636
-0.000182218451597417 -0.0012162479333499543
-2.2396169597341793e-05 0.0006993780279808684
0.0005326028170303852 0.0009178364166864867
0.00033363167790447467 5.213078032305563e-05
0.0006653090884552995 0.000181442060815594
0.000288626381982194 0.00016076178820941973
-0.00020666690616453495 0.0007284407144035788
0.00047474762216538093 -7.387413888860383e-05
-0.00032804000289214994 0.00017360502883318819
-5.178975052953305e-05 0.000621601889310222
0.00015415998665421616 0.00014390031105520313
0.00043454285895278114 -0.0002383295986947501
-0.00011067275478886318 -0.00014272406906863574
-0.0002588249527057757 -0.000647826510057094
0.0004075894569285405 -3.943150684630529e-05
-0.0003064414973630469 -0.0004650994289746385
-0.0002520734630433322 -0.0008193227709787422
0.0006767976604982833 -0.0008407556090863367
0.0006249937232352565 -0.00020618408635401453
-5.344787744117117e-05 0.00036282357665871456
-0.00042575888678976167 0.0001742098478539138
-0.00017700104845034406 -0.00021749993708438794
-0.0009008405286497946 0.00018737420007038146
0.00028960560664430984 -0.0003018953434816112
0.0005406341883239764 0.0006536171519530037
-0.00042692106667795474 0.0001088907113077009
-0.001282887395711142 0.00017082776729370806
0.00013880342224409172 -7.533576946518049e-05
0.00039634390609639026 8.129807889371183e-05
-0.00047520532301347044 0.00041966037659928136
-0.00040406077384660976 0.0004415287082665241
-0.00029815435052390663 -0.0006336052706079913
-0.0008474413390440362 0.00018780426259605687
-0.0004700898567955133 0.00041665556054234067
-0.0005045306510096343 0.00045806616160289933
0.0002700494448102653 0.0005877649537948081
-0.0010109972259639147 0.0005029114815037953
-0.00020961295513566983 0.0002081218488240361
0.0001650297700874388 -4.0355910458872176e-05
-3.989196391066769e-05 0.0005264179853792385
0.0006847154551537794 0.0012759778933992372
0.00040042307885705626 -0.0008811606599273453
0.00022446943768623148 -7.357126064414156e-05
-0.0003668540758684784 -8.2704622189067e-05
0.00013589195108350868 -0.0008121800463333594
0.0003961793295579657 -0.0006504294593768221
-0.0002658917229171829 -0.0005092444141845178
0.0005563141838622115 0.0008207908063357888
-0.00041072519765518884 0.0005595713340696382
0.0002546001798530179 -0.0003835861006282625
0.0006817743269610001 0.0011979527096473023
0.00021319266880580066 0.00012442728366019373
0.0003717540635915323 0.00040352140629318627
-7.443829858741047e-05 -0.0005009745597303925
-0.0012746867816023414 0.0005371033687881458
0.0007431704243784575 -0.0003626700257545494
-0.0003242496981427414 -0.0007910145267337228
0.0009255208723262945 -0.00020904589696592982
0.0005904414662197542 0.0002572891250827968
0.0005482635771093277 -0.0002630852426635731
-0.00042881611106717547 -0.00038627185747194354
0.0010099291800385417 0.0005849665375972635
-0.0005279384680924924 0.0007529765428990711
-0.0007897200269510922 -0.0001981994513022377
0.0012019987032408379 2.1048511437300678e-05
-0.00014439664499357773 0.0003693940136838043
-0.0004498986131777013 0.0001646270035908079
0.0008577638733155 0.0003530430638500029
-1.0583824355895747e-05 -5.775315915961329e-06
0.0004868201144662708 0.0006915919619995716
0.000736329847830503 0.0007615937895676635
-3.0301875306584355e-05 -0.0001239431295515114
0.0008828200917177837 0.0002048293075696325
0.00021454791728674045 -0.00025315340949654523
-4.432174361734742e-05 0.0007707372821753502
-0.0008344948951783298 -0.00010555105280965267
0.00012297484297821006 -0.00013648757241525714
-0.0005892549504581627 -3.2362318903225434e-05
-0.00028347877539045734 0.00029459629120961274
-0.0002971999898240045 0.00015972367234560317
0.0002693654444769297 0.00018279793740076297
0.0003550968619447338 0.0008949787746730742
-5.558595004595554e-05 -0.0002893635397215068
0.0002611719439660013 0.0003145032784396401
0.00013287682111803973 -0.0006443558727254985
0.00021985227371493994 -0.0006347057738345035
-0.0006523443113241948 -0.0005950070258639161
-0.0003085750021942572 -0.0009333977739124265
-0.00012029668755246428 -0.0003993689584277986
-0.0010811887078868998 1.6816470671650868e-05
0.0008552767337074416 1.4792388751009543e-05
0.0005227265783219365 -9.170485995345483e-05
-0.00037690915111168277 -0.0004170870229486843
1.552349163568705e-05 0.0002600396864938106
-5.081426758356591e-05 0.00024276423785231052
0.0006602451570111966 -0.0002876591188788392
-0.0007121500066618402 -0.0004524914115724442
0.0012503144980089398 0.00046475374995132336
-0.0010531169209435707 0.0007845827802531056
-0.0005810600963208344 -5.490663136701147e-05
-5.210688608834217e-06 -0.0004180868221693975
-0.000738737214676582 -0.0005756372550472762
-0.00015786825429958662 -0.0005508462450644476
0.0006814170830833035 -0.0006093070747401534
-6.94973618514706e-05 0.0008226867959619415
-9.467144363392342e-05 0.00041117168586596856
0.0007718345447169306 -0.001012749705962213
0.0010719337843295 -0.0004418185773251821
1.419479838210395e-05 -0.00032902593280542366
-0.0009566005429336318 -0.0009048895837355541
0.0002483410930995693 -0.00099862227119998
-0.0007400407146558883 -0.00010017396089121713
0.0008925072052623479 -0.00041859888696306257
-0.0006307402262713238 0.0009185691224219691
-3.3998883642504934e-05 0.0005084210279074381
0.0004327602237033066 -0.0010375448026654047
-9.703979812805047e-05 0.00117550955652565
-0.0007437393089394373 -0.000507203469959674
-0.0004842664719997179 -0.0005193312430235186
0.0005080303811650675 0.00039321294960166514
-8.837030947376668e-05 -0.00016510739393752873
-0.00026539543400846526 2.1063333344734006e-05
-0.00022237359008860368 0.00026741827595492054
0.0014219955043013972 -0.0006710733231365527
0.0011568159183311427 -0.00032100446210219603
0.0008648428156239213 -0.0003262391067508055
-0.000208131286326161 0.000320811801897084
-0.00012072575575157827 -0.00022795647052471448
0.00044242249795152456 0.0002531377343296617
-0.00011999920538269502 -0.0005703370114760516
0.0006991169478654883 0.0002774041093631426
0.0006993321932583195 -0.00042253826640616354
-0.000259577916511974 0.0009001943441905024
0.00017211574116701015 0.0005058366605704779
0.0003995650546659331 -0.00010443440439543624
0.001255127893002064 0.001041568073366349
2.2843050346494153e-05 0.0003793097706561611
-1.3689138641338206e-05 0.00039423300667866496
0.0001970925487484353 -0.00028541805301095165
0.0008902030528466885 5.670473313719293e-05
-0.000255348586479462 -6.0825413800796344e-05
-0.00014133937315984093 -0.0004693169065077527
-0.00023695317954483102 -6.353261822013482e-05
0.0004784040813621568 -0.00042630840315988023
0.00036526780011383723 0.0003396901274549316
-0.00010480961560617054 -0.0005217813817664811
0.00031860397930937387 -0.0002877189337448095
-0.0005478995270239953 6.561025611286941e-05
-0.0002282163491109361 0.0012538443466562942
0.0008976696584616365 0.00020903749455912772
0.0006064710034811849 -0.00025104804545500903
0.0005675056162295418 0.00021085510456813277
-8.141527318244557e-05 -0.0005777495805687204
0.0007262800539616594 -0.00034698133612796943
-0.0002725763042373921 -9.482499699327945e-05
0.00039705655899297817 0.0003326846261702227
-0.00027349549683728205 0.0004251567660700029
0.0010441351076975183 -0.00039626984806979395
-0.0004236719906663725 0.0003775037188176852
-0.00071066525332973 -0.0004760955006259535
-0.00011289147703248083 0.0005705294904836255
0.00018596588176170503 -0.0006776766743941535
-0.000213278364155323 -0.0006042437898484732
0.0005504783415674876 -0.0004141097143997761
0.0004295632243444853 -0.0006559800221818535
-0.0006908534578971956 0.00012593574550681037
-0.0009477558094431499 0.0002654947553967237
-0.00037809608501704974 0.00031259546462801535
