2.638015823805996e-05 6.480637964533141e-05
5.2105087608397774e-05 4.361955587605091e-05
0.021969968791620463 0.030899925607492877
0.00023990362198468562 0.00090317355888647
0.000782331385524018 -6.837916638917734e-05
7.62696278342613e-05 -0.00013243936060349537
-0.000861879395304982 0.00011787587303279118
0.00040345392481432155 -0.0005499999655728923
-0.0006239530603095267 6.834790051107614e-05
0.0002000387121915982 -0.00012543081482403314
0.0010679704590280728 0.0004963384389685848
-0.0005436383934804992 -0.00037997325112003517
-0.0013321373964854796 0.0012654557436838794
0.0008009482964990534 0.0007570001313150048
-0.0010108231707220386 0.0004508532402348987
-0.0006443700698553819 -0.0007045508049876648
-0.00012771830872127234 -0.0005579465036764818
-0.0003897839374359418 -0.0006544128721201403
-0.00024445926297833376 8.690920080426371e-05
0.00021793124826125217 -0.0003336752200155517
0.0006365097021341896 0.0001870602013803307
-0.0009241369895885524 -5.706508555407819e-05
5.153145490046401e-05 -0.0017570508245412944
-0.001131736623798606 -0.0005908460203121182
-0.000156044621340924 -2.5545764187687925e-05
-0.0003516880479250578 0.0003819263537963303
-0.0003954235532651702 -6.947950398712348e-05
0.00037819035963357865 -0.000914775883980389
0.0008406963755235818 0.0006506232745020258
0.0013752291795121822 0.00023877815278863313
-0.0002460240042069543 0.00033818916857462596
-0.0006484321600393636 0.0005567878675097527
0.00030995824684244285 0.0005520343425433776
-0.000636890628727534 -0.0014106458671868062
-0.0005611051079005795 -0.00044555989545964106
-0.00013094075947694744 -0.0012154890180504716
0.0001953891835735289 -0.0012441769469195931
1.2628926165296973e-05 -0.00022376736154108997
5.625282421252236e-05 -0.0005184308560660292
-0.0001228321984572625 -0.0003742475219590766
-0.0017757527437640304 -0.000469386715185484
0.00045964177404221146 0.0016160676661789591
0.0005757412958106457 0.001800284258613895
-0.00039057572689686317 0.00021143284004802938
0.0011494198445026402 -0.0006842038770281265
-0.0002571261647915203 -6.13779107450014e-05
0.0010299967089934946 -0.0007911408231318519
-0.00033538322448762675 -0.0004340667299822764
-0.0006412848962185333 -7.653561573267395e-05
-0.0004328897896059314 -0.0010714269496302155
-0.0008964717698341758 -0.00036042378111221133
-0.0006483415889298428 0.0014409365733742984
0.0005548377898398377 1.4646689920139185e-05
0.00126063519404277 -0.0004911607675648488
5.8809010613731145e-05 -0.0009450634014549152
0.0010153318073790759 -0.0003008414888630643
3.608441698260522e-05 -0.0007606035147835319
-0.0006921228959555249 0.0003339968369812022
0.00026818486888133226 0.00027380976789556687
-0.0003234423065502791 0.00044737517222106355
-0.0005327283261307399 0.000503048360025186
0.0008364599343927157 -0.0007033884343200113
-0.0006155819967934307 -0.0013121762784785301
0.0008125822255228423 -0.001218844950375263
-0.0006378020684709887 0.0007378217858700648
-0.0003087194993771154 0.0005726298320109198
-0.0006865872337901422 -0.00026573158340464275
0.000297266498596548 0.0003128714255294956
-0.0007010610422009386 -0.001157662722996774
0.0005431329648508601 -0.0003620772691395247
-0.0007114704579553569 -0.00040917310600922487
0.0002444707319056076 1.6144441995795233e-06
0.0004975341566809174 -0.0005500258444045502
0.000812930064780376 0.0005999193348130081
-0.0016194897238424283 -1.1530326533517878e-05
-0.00026309463506122595 -3.556512682943988e-05
-0.0002499818720341234 0.00044093613607040793
-6.392716458452965e-05 -0.000921538230293227
-0.0002423037375364527 0.0006796215051831858
-0.000714167577281973 8.975638452183335e-05
0.00011680789360908246 -0.00012646819287246872
-0.0004114634117905857 -0.0006979537077568965
0.0002929057747177778 -0.00031644258221501497
-0.00019003250931902188 -0.0008290818204343369
-0.0014536312435928114 0.0012954062060406455
-0.0016511911456516895 -0.00037306771639902835
-9.138242395704783e-05 0.0007158281753688273
0.0002481874432457134 -0.0007134082900886033
-0.0007080658037821774 0.0008891271005368288
-0.0007449717632562101 0.0005821898761401179
-0.00027207531350088664 0.0005237325164513441
-0.0006235653781500628 -9.684316551078259e-05
0.0007749346278374447 0.0014122722308490179
-0.001144270456852164 -0.0002949527223694183
0.001127077082152089 -0.0006037300750144936
0.0005439045450003001 0.00011095500780484119
-0.0005626365795505926 0.0008099288740382967
-0.0004747882782484121 0.00020505483954513204
0.0005667680677728491 0.00024113593026421447
0.0006817761129494929 9.88153974212372e-05
-0.0001292874254903289 -0.0002919894551576851
-0.00013897095272623453 0.00010279470324054119
-0.0011617683986091074 0.00026233628052285565
0.00028871135493774503 0.00040744169220213635
-0.0009171017364901548 -0.0006178546185975707
0.00033626783881342173 0.00039192252433183745
-0.0006181614105838925 -0.00038946810401897005
0.00010659951650177307 -0.00031126679373333805
-0.0003299363223100957 0.000330145470545554
0.00039042141468359395 0.0004421995806126853
0.0003788205997798099 -0.0005144322045509567
-8.589670893676914e-05 -8.148105084966472e-05
4.227458194782985e-06 -0.0003612364718590194
-3.2011891338613633e-06 -0.0003798431687364983
0.0009009305056636884 -0.0016526260782225993
-0.00015476790701046854 1.819472291871896e-05
-0.00032886568336781835 0.0008322601738090936
0.000187470145583291 -7.67139837530678e-05
1.3027272966217903e-05 -0.000741358501617691
-0.0007437909689110962 -0.0006867047116511446
0.00021896475776047659 0.0009635294052943084
-9.367304446898127e-05 0.00019396063828564764
-0.0009421497390531544 -0.000269856140711401
0.0004520390004146317 0.001267831492450861
-0.00018597957372954056 -0.000741489385432523
2.3922393409644396e-05 5.3210754482202456e-05
3.754562206937623e-05 -0.00022297024068241818
-0.000643697097489907 3.2436732156614625e-05
-0.00021584456939009676 -0.0011579734966739813
-0.00032101263178152116 0.0004639918456151862
-4.288711452592308e-05 -0.0007472510588851527
0.00012320383806211377 -0.00018538357726497078
0.001007427656184768 0.0006447156215493206
-6.941335393539725e-05 0.00017863601791244128
0.0001793056110494657 8.166667489161665e-05
-0.00013104845200933224 0.0007674602571408661
-0.0006200694240580419 -6.210113490957034e-05
0.0006596918797185087 0.001043134206007731
-0.0001369065653404287 0.0001635154121146286
-0.001096810638461313 -0.00045595817015475965
0.00039749629554498795 -0.00010196168832812376
0.00012604435541837213 1.7724505494903668e-05
-0.00032533458738679885 -0.0005800307304731256
-0.0006609233066740603 0.0011947783653715577
9.603406084898244e-05 0.0001755525200680285
-7.822522863800067e-05 6.336429333355249e-05
0.0003636923742469368 0.0001395110343099651
0.00031018285275464814 -0.00011044177553227346
0.0008192878686306128 -0.0006874754816051539
-0.00042583085296217537 0.00026829300508801656
0.00045318066812431886 -1.1632883587030557e-05
-0.0004662657624525051 0.0002793583231847455
-0.0005964254466024426 5.761813503091708e-05
-0.001058639498906322 0.00016223383712007453
0.00011357770895248507 -0.0009411591917574898
-0.00023978614653378838 -0.001312998364617688
-0.0004933555991466142 0.0009332509738017803
-0.00015532361367148032 -0.00015510504996715094
-0.0005061444487649268 0.0007007777660476054
0.00012853664557977828 0.00020080443630577461
0.0004628635021285392 -0.000501347096286152
0.0005085539371842915 0.00032016151944503377
-0.0001923889247935861 0.0004622384325756576
7.018572171734381e-05 -0.0001923335592471296
0.0011406624632176968 0.0007741929943787688
0.0003646906090688392 0.0003922835431153416
-0.0005689035415201212 -0.0003135196482530888
0.0004022717656668301 -0.0001707295494392263
0.00035701387772568504 0.0007497290381044644
-0.0007032183931199795 0.00046270764017490324
-0.0005673336404491787 0.0004894046983783917
0.00011290149232637453 -0.0005215869326797329
6.42412875870722e-05 0.00016369307744182988
0.0003955779671150181 0.00045314117830254737
-0.0002986751993347428 -0.00016986324973814593
0.00022986320862117344 -0.00017544588345503215
-0.0004199828697022525 0.0007780183643063102
-0.0010630374449714928 -0.0007634568002220676
-0.0005082975302271903 8.643809349460567e-05
-0.0001827473827273363 -0.0003497655027409992
0.00011909943449413682 -0.0007481311023521495
-0.0004836963560620566 0.0009909415260152866
0.00041410275715121094 9.0743381924084e-05
0.000464750474976813 -0.0005411603728228048
-0.0001689335727698542 0.00014350177444470187
-0.0005279012609261589 -0.0005204003685351513
-0.00011436455421510273 4.8956927937235755e-05
-1.7729805005466288e-05 0.00015389321100869958
0.0005399484481111335 0.0002694590175842854
-0.00028988581652647163 8.105454057443205e-05
1.9701137181925463e-05 0.0008193188759884696
-9.57300391087412e-05 6.89388718993227e-05
0.000996680210164685 -0.0005694379713692116
3.527542023977197e-06 -0.0007918393242236566
0.00011230334869759685 0.00016423011878441776
-0.0005183352144262032 0.00043728231718780054
0.0010535458057044044 -0.0003222243694032565
4.0031597822811854e-05 5.101464362076966e-05
-0.0004648120803072741 -0.0006548703017009946
0.0011955701083844192 -0.0007708113491458
0.00027460624717159053 0.00011337157195910688
7.591568057568895e-05 0.00021819299874722156
0.0010848041922809032 -0.0003164542591596436
8.812364781007182e-05 0.0003021178934983884
0.0005302277733553971 -0.000270366735538191
-0.0014258387385381731 0.00016307778979104875
0.0009066132849308883 3.9379001447883355e-05
-0.0001355014817333904 -0.00010464521229089948
-0.0015065461533901965 0.00027887053221444994
-0.0001990401067518856 0.0005727717212665804
0.0004807870839785521 0.00013071210830927236
-0.000191625767232947 -6.979348679509199e-05
-3.067206980846995e-05 4.351745237308845e-05
0.00024313017239470063 7.094355693663743e-05
-0.0010895514305591316 0.0003477527765810556
-4.749478474939896e-05 0.0001726105028076627
0.00010047993062757243 0.00011793320421958312
0.001000594035381898 -0.0003109253172549068
-7.124161672032859e-05 0.001227617968764372
4.5006325794810125e-05 0.00041761033670616453
0.00017317196739791637 0.00018833463890012027
-0.00036134362933288477 0.00036939785637791963
0.0005198037534481188 -0.0006375434527716848
-0.0005118076871733623 -0.0001373508939110603
0.0003910268246052923 -0.0004991743346411357
-0.0005113712502804284 -0.0002983898103052425
-0.000121777812549121 5.730077499882272e-06
0.0005557316516540975 -0.00027002378308714524
6.471162065830073e-05 0.0006474000124273033
0.00026708100578305417 -0.0006152442799463137
-0.0001459671010798705 0.0011874978376337376
0.0003733593702227694 0.0009788630684487473
0.00046864441222372336 -0.0006474362086544365
-0.00013162624742157282 -0.00043402113071214823
8.234692984283697e-06 3.698374960370288e-05
0.0006003870314956443 -0.0005037894838231849
-0.0004069693678944046 -0.00046901774449492053
0.0005068154476306827 0.0005067766040496186
-0.00032781074983705995 -0.00022573527904141527
0.0003694577025485788 0.00026860501063107284
0.00020089416369733603 -0.00020400566157186518
-0.0003281440218120748 0.00027153294233736656
-0.00041873247740362244 0.001223458100362039
-0.0010471647175113727 -0.0007215083347988086
0.0010430997908516613 -0.0005885485416352143
-0.0012949270980902698 0.0002471706559370086
-0.0007880809416259183 0.00011036577772468595
0.0007060285228821688 -0.0002642224112957073
-0.0002896701121115372 0.0004410720235818559
0.0009153587053886712 -0.0005664328223470543
0.00017761771548310118 -0.0007223682690513828
-0.0003750214134866027 -0.00021985408277799877
0.00015933398508540192 0.0004989640715557276
0.000831032305027566 0.0005258282149878156
0.0005798736460392386 -0.00028876818198940386
-0.0005535628759597331 -0.0001050333187689182
0.00014606858414494299 -0.00036183925416525083
1.0729391147693498e-05 0.0008631760340707499
0.000864754576860498 -0.00023954822516754606
-0.00015845847575221333 -6.160954758198498e-05
-0.0005880156002698783 0.0012526420876835935
0.0009448379543606172 -0.0006046151337717595
-0.0006928491329711373 0.0006987833890744366
-4.122391774657521e-05 2.734328110087604e-05
0.0005849763356674015 0.000838845417016175
0.0002245975178190563 4.7073931900839816e-05
4.1540321405838036e-06 0.0007482850724955094
0.0005337254811147721 0.0010705765374112819
0.00031264949475935265 2.83370625655139e-05
0.00045960451435433263 -0.00024146253035547263
0.001101914649370367 -0.0007005746604884382
-0.00086686659382344 0.00019171849805966205
1.145288081039613e-05 -0.0009114478426458079
0.00020597437908254621 0.0006050978194706318
0.0002136973575572695 0.00041168030865365037
0.0003759216515447846 0.0005228502394245203
0.00010963263088449865 0.0011586646962280494
0.0006924686024603667 0.0008139511918167068
0.00019536667095818754 -0.0006748821473862194
-0.00015245089339971097 0.00011262289661986584
-0.00028104105659429554 0.00043519467465442105
-0.0010867509089706622 7.589721570379378e-05
0.0003361214000444094 -0.0006585614260203428
0.0002206244922195199 0.0003320857651327206
-0.00012150371138812387 -0.00024561719229897205
0.0008159891407458935 0.00018568856015503796
0.0006860563807297317 -0.000804379024270186
-0.0003950884417691536 0.0008662800389173612
0.00048591329982203735 -6.0043863012416874e-05
-0.0004708896693987271 0.0005144814973502084
8.053897860431075e-05 0.0005087842289480052
-0.00021139914212689326 -0.0006482787322085409
-0.0006294264287261303 0.00012755081369827053
0.0011541109232154625 0.00011881734513817512
0.0003416162048326998 -6.739703579750211e-05
-0.0005790683724143293 -0.00020747100202836617
2.4177889351022618e-05 0.00018863411217229578
-0.0004753972754967047 0.00033442180488411867
5.1590773989797254e-05 0.0002597294104408742
-0.00012632438584681913 -0.00041270953050245683
-2.0817476721577972e-05 -0.0013584399135012474
-0.0007995311447107655 0.0005241822258768669
-0.0005179141948053814 -0.0004642562810429753
