3.079147112842517e-05 1.4636050504682081e-05
3.783375400926874e-05 5.5846589570836365e-05
0.023440294342560723 0.02984192249860679
0.00022600550318759355 -0.00010383271348481133
0.00026829949359449086 -0.00023909243410466188
0.0006781122132900642 -0.0004153232942908698
0.0002708424996045473 -0.0004442685849094899
0.0016387490861255012 -0.0004373474137021985
0.0013492253073126848 -0.0010687174249127082
0.0016125081743048105 0.0005886903031413906
0.0003430647233705983 0.0004509563124835691
0.00017812987968245453 0.0012006618751636323
0.0016094262733381036 0.0006057357342986447
-0.0013124040169469012 -0.0004074019596231937
-0.0006467069195844143 -0.0002864239311994599
-0.0008425741457682944 0.0018992378427473168
-0.0007824296581606754 0.00021254069094488613
0.0008983691981921481 0.00039656368819209777
-0.00016138803094079771 0.00018272949004651285
0.0005494763195097225 0.0007357402348135224
-0.0005372009908306398 0.0006733959221198873
0.0004282719578210922 0.0005700062959789525
2.8276394163556915e-05 -0.00015764688963381453
0.00013510570213179487 -0.00016559032327708315
0.0009656491129418942 -0.0008713471745790738
0.0008121253749782348 0.0003043450963944689
-1.4328128753031624e-05 -0.00031371795175620285
0.00014999292484340222 -0.0007542891607836683
-0.0002301969900587005 -0.0005686257726369118
-0.0003434998827472991 0.0006045756678601055
-0.000550049545497266 -0.0001748013177132658
0.00094675212506098 0.00012575986396473957
-0.0009211388678767784 0.0007004136048291122
-0.001099725703694979 0.0002736732304184115
0.0014267065915689883 0.00047753184674449126
-0.0010144195092980513 0.00018714803806337644
0.00015279290885686415 0.0011644394736655768
-5.346205640261657e-05 0.0004368970297697199
-0.0005724620196539858 0.0001117100507921504
0.00018824715711951022 -8.516307792336262e-05
-0.00025071418266111846 -0.0009756579382808825
-0.0005233243478394246 0.0009787758338822732
0.00020168503665639852 0.0006075793366930768
-0.00046330411109681214 0.0001039791326137617
0.00022695833244751662 -0.0003339861984969467
0.0005563769543382645 0.0008941252816784348
5.1376389032887906e-05 -0.0005974380686171487
0.0006979918790594722 -0.0008756786278319416
0.0009954989399386443 0.0004621554457599862
0.0007907467747420629 -0.00032768509836240956
0.0007812024340869574 0.0001691797180400576
-0.0013961234820840857 0.0003113349027574434
0.0009997013063735636 0.0016184878355058766
0.0009019450004751104 0.00012438163747868853
0.0007533142234195651 0.00039646967111721306
-0.00033557035795290965 -1.1689157910523417e-05
-0.0007477479317892944 0.0008987408081573122
-0.00018956383456878727 0.00040106884199748885
0.0009088037179404672 -0.001149949947072829
-0.0005115277512388763 -9.039646966921931e-05
0.001615934031683915 0.0004829557892361842
0.0001670985989344075 -0.0006877450306548558
0.0005329213300483725 -0.00013168063765776374
0.0007165238243654076 -0.0005947986993325377
-7.163146959084771e-05 -0.0008679798922775526
0.0004768231449110696 0.0001383905055436801
-1.8821929066447274e-05 0.00026933413067264234
4.395078467732665e-05 -8.743174655481644e-06
-0.0009171052606191561 -0.0010585488384665883
9.16684577494681e-05 -0.0007357904319027943
0.0006127772255088453 -0.0006957449189333235
0.0002131697082827887 -0.0004660895944438567
-0.00019881599968282152 -0.0003959488972997155
0.0006639114597082648 0.00023085633143710905
-0.0008221916116299396 -0.0009485439068424965
-4.32814693663923e-05 7.736036926370481e-05
-0.001519842867387599 -0.00023602651003538564
0.0011816975276446315 0.00041379129736588587
-8.538639821522017e-05 0.001570008343816115
-0.001102572515207891 0.001786263960286984
-0.0003033943466428113 0.0005157607231417672
-0.0014248891857220507 0.00047991249517005273
0.0010815068766012238 0.00022568759841051113
-0.0010335253562990638 0.00034712168597225766
-0.0008209056313668521 -0.001045578231950029
-0.00016917018046679413 -0.0004386330148457938
-0.0006634047896991834 -0.000677637613210632
-0.00035184639135905167 -0.0005441612607030009
-0.00037435131239023963 -8.058862821550298e-05
0.00047004597447694905 0.0014956940473090762
0.0013964727306379871 9.141381416777068e-05
-0.0013634218504020388 -0.0013023852755796397
0.0003702877083460534 0.0010057969455833774
-0.0012829189844926257 0.00019761937863357247
-0.00026032048984143177 9.425773466678988e-05
0.001760271615449811 -6.078805002667963e-05
0.000277342356549791 0.0008083860921076021
0.0004876852652345252 0.0004339557206200353
-0.00049685197765009 -0.0005244685073635493
-0.0007720446206929504 0.0010938240868032386
-0.0009568666621315787 0.0010800802596684174
0.0007474911391603024 -2.494492877608316e-05
-0.0013995433863541083 0.000860032850785571
-0.0003787688830816001 0.000717884589125919
0.00013541393699804404 9.722964415797967e-06
-0.00013342268322182705 -5.708345226038613e-05
0.00010573791305724648 0.0010526208530486775
-0.00025611082197164134 -0.0005628462270029298
-0.0009051899109790274 -0.0008581399218208737
-0.00035096705745336486 0.0003803077944845823
-0.00011398963350105413 -2.170754312137926e-05
0.00047039503463721435 0.000642927518245914
8.01451786017e-05 -0.0001647608380629298
0.0009409937233314348 0.0003781782373341616
0.00011550301834990774 -0.0007975212927215803
-0.0003050066282916985 -0.0020543540409679786
0.0010416678216944655 -0.0011275519474445552
-0.0009613762194518648 6.40375208609127e-06
-0.00044095641402956925 0.0001717488335829297
2.9908373828529495e-05 7.775664649417454e-05
-0.0002024367883353111 -0.0008353781272968046
0.00024277219506685586 -0.0005169825506310226
0.0003884183986597011 -0.0001616108044837812
-0.0006991057787393062 -0.0001042697719715257
0.0009819578936467858 2.475471033695644e-06
0.0002926629978343577 0.00015027255606137404
0.00020110708038412257 -0.0009686164676023164
-5.315344051546125e-05 0.00028776755475654243
-0.00017530274214008732 -9.560253310537305e-05
0.0006622422146525983 6.250256471345775e-05
-0.0005476571901255944 0.00045272114945789794
-0.00020887674991539455 4.6597515569143016e-05
-0.00018089609140489643 -0.0003811054316935881
0.00010566703905541713 -0.00017448587744904348
-0.0002011249901696771 -0.0002501639295100455
0.00026944347785024116 -0.0002953103870707522
-0.000315847521190893 0.00030375553528245384
0.0005939186764467983 0.00029658107242071637
-0.00031204555687984996 5.920239622526458e-05
-0.000519235308061364 0.00019400380449164436
-2.6612093339042447e-05 -0.00023058453304281593
0.00017929687700418646 0.0003544335644569183
0.0008278312709122078 0.00021097252871743696
-0.0003099520426914996 0.0009985767815355357
-0.0003736465415116324 -0.0003632009465547936
0.0007704688275285756 0.00044431284734655754
-0.00030868668583434864 -0.0001483712335994637
0.00018493243585684645 0.0002036337959529948
0.0014189396198955517 -0.00011323334209220559
7.761278910860383e-05 -0.00016788429121111643
0.0005880487585721964 0.00014027485545123195
0.00021210533649194976 7.513364579289953e-05
-0.00023757910485280214 7.366961502782273e-05
-0.0003276261139956984 0.0004282374487809994
0.00046322449921163913 -0.00033946744165782374
-8.24141141173513e-05 -0.00022419035422669093
0.00020509397447500204 0.00018278924578539365
-6.746766848107305e-05 0.0003370839366286461
0.0007778565221305685 -0.0006521755688355699
0.00029427346881105324 -0.0012130735280335503
-0.00052470194767201 -0.00034529730331368043
-2.1252959146692492e-05 0.00010790555980562267
-0.00045995964169341587 -0.0011344738543029224
-0.0008508107058147254 0.00014317135876316863
0.00024000306160498855 7.903167366861594e-05
3.4006061092414553e-05 -9.574221374796213e-05
0.000546433504928799 -0.0002452076271697059
0.0003538079774465308 0.0005667552078221045
0.0008974266701992371 0.00020805455509675307
-0.0006902539924388027 0.0006820703731076287
-0.000565748968117957 -0.00012593120969348246
0.0010210131448085784 -0.00031021821011101953
-0.00027105408417177275 0.0002913300577206544
0.00012899094150984938 -7.7651319832101e-05
-3.547358531707154e-05 -0.0007361501581445377
-0.0005990440232417307 0.0012511534666247298
-0.0009470235406352613 0.0007264712874002014
-0.0001994675970054731 0.0002763758516854776
0.0008944398023848977 -0.0009985708520658745
0.0007073019685647479 1.4014323927162933e-05
0.0007439310311225381 0.00024921730221589633
-0.00023152908900883948 -0.0003931222506114984
0.0005572601799160348 0.000735442633688988
0.00036430627379612467 -0.0004501002024513507
6.931271309608156e-05 -0.00034672303900907343
7.853960122491847e-05 5.744448566145463e-05
-5.567201627901577e-05 -8.095917248388344e-05
8.658039286579071e-05 0.0004962551280008683
0.0007604000004501622 0.0002097458151477161
0.00015444788962981276 -0.000301426661687914
0.00011486038838180483 -0.00036078725728029977
0.0006263799816878464 0.0004599750076871622
-0.00017003658373324564 -0.00011496646241411023
0.0005727479264530105 -0.000194849416045605
-0.00035696577272171034 0.0006149837941358048
-0.0006299622757574814 0.0004060719978357676
5.417795524795946e-06 5.584959050117871e-05
0.0009107265386174321 0.0005186677048559813
-0.0006337742665000312 -8.924169109040961e-05
-0.000988299125158236 9.918213219525741e-05
0.00012240517134309983 -0.0003283832542950472
0.0006206926832033919 -5.973849617517515e-05
-0.0004534974223904895 4.74158978243512e-05
-0.0006936905976792192 -0.00026422101532771
0.00039792774581725514 0.00032883858899991
0.0005844658978187005 0.0003243077716295762
-0.000721315777425829 -0.00013015800249434312
-8.394492426015858e-05 0.0007950354830126428
0.0010251165383498018 0.00041103736110929427
-0.00037396627187443555 -0.00012256064422341533
3.979572037295324e-05 0.0005781669432423784
-0.0001279217715595529 -0.0004128155489414719
-0.0006529958743384515 0.0009721152846962297
0.0003064101098420962 0.0012608331049193467
0.0003389004856052717 -7.68970906402475e-05
-6.541588910306013e-05 -0.00015766377399495997
-0.0003126214892361661 -0.0006315755189690216
-0.0006881129127773752 0.0005781742306408983
-0.0006253309384729029 0.00046490564085607323
-0.00013071311670440796 -0.0003101622100810293
-0.0003042623766550308 -0.0007886436527911907
6.27452055401478e-05 0.0006150630828760432
0.0005051459590046103 -0.00027384134920291223
0.00020243956632742338 0.0005008173853438348
0.00022599635365739385 -0.0004056794509766582
1.9662343106230455e-05 -0.0005174576158043152
-0.000844230422911936 -9.275135999634795e-05
0.0009159715929288896 -2.0098264546717282e-05
0.0008894312180939494 0.0005261901197647371
-0.00010011179198395501 -0.00021129001540121832
-0.0005820899923370548 5.03934153620494e-05
0.0005304577413522777 -0.0004617081336225163
-0.0009288059167201026 0.0004159920288348105
0.0009406883774514786 -0.00014314163811054672
-0.0006185077417806055 0.000689231993005921
-0.00011976954452958215 0.00015806033857665523
0.0008466087727782992 0.00041439705176125554
0.00010161199895261244 -0.00011119824730726324
0.0006592505785700419 -0.00018551831243659596
0.00011058751176630622 -0.000592607663073253
0.00011598772837913465 -0.0010400124854583316
-0.0004934263002099912 0.00025973256976958225
-0.0004692936375249201 0.0002731270131868557
0.000355972060417637 0.00028965626806711463
0.0005683685739483143 0.0005376742097318102
0.0007424452677850113 0.00012652828384305398
0.0007346347545692975 -0.00024770572898714867
-0.00044940207514037515 -0.00029940690673130023
-0.0002713223889463078 0.0005856770350224474
-0.0007242189341919759 0.0010821696618763274
-0.0004899216959328145 0.00020327825887094463
-0.0004211486818121353 0.00040596197313846167
-0.00020673768348716535 -0.0004286095125437705
0.0006539136197092346 0.001432386563786982
-0.0007141810845794089 0.0006104634109161431
-0.0004921055480912271 -9.288782786109755e-05
-0.0001164968622395195 0.0003579083267298436
0.0009133434462823466 0.0007358347580933617
-9.354407737788959e-05 -2.0121211032411153e-05
-5.389080485018283e-05 0.0002288360106928919
-8.344334017309842e-06 0.0002790383715348608
-0.0001984396425545269 0.0007802224037176441
-8.194944490679452e-05 0.0005640500152129291
0.0003054473342481529 0.00012636998213030545
0.00011771595555387108 0.0006207229384352489
-0.0005126998416432964 -0.0008518111597752025
-0.0006432659262912838 -0.0005895999319263526
0.0005809717919678853 -0.000672539160498326
0.0003249973274452021 -0.00046662710040625547
0.001538635889276757 -0.0006617885107633879
-0.0007050935585669307 -0.0005564748648052298
6.177558685581493e-06 0.0005424253922626614
-0.0011277478563883813 -0.0001720117494857469
0.0007452628887230771 -0.000318782166830041
0.00033729995526926093 0.00017281916766900368
5.8295861620507306e-05 0.0005806515157211419
9.574909715538986e-05 -0.0003346844640974853
-0.0003908241005250529 4.272912784742154e-05
-0.001010850947392853 0.0005835858455706772
0.00029866802223254066 -0.0011270162986651846
0.00010865118122544452 0.0008648618622583163
8.457061913025649e-05 0.00034333468295959506
-0.0005090566171178213 -0.000495066889155156
-1.5636614055175686e-05 -0.00041063482473718507
-0.00037723375514431057 -0.0005418856513980148
0.0007066582632205595 0.0006292177643095374
0.0003757797224985857 -2.2500663415960745e-05
0.0006012460749601561 0.0011004713313281806
-0.0006406533127973251 0.0004738039600342486
0.0002153989720408676 0.0007159256915362573
0.00014292305106505774 0.00098309924156812
-0.00011353980786703307 -0.00039622728638974
-0.00031046003306580924 -0.00016228270502180702
0.000363544207730964 -3.986556112539831e-05
-3.806247693189906e-05 -0.001185853178927937
0.0009524249143023391 0.0003422884018322081
7.550126045529925e-05 -7.880918534329973e-05
0.00013965016904760006 0.0013934251172383232
-0.0003553710356410741 0.00019863046210828996
0.00017147666371840673 -0.0005738520888549221
-0.000359630455979877 -0.0005786426908393809
0.0007906417140814984 0.0004658810625131396
0.00029204689783712026 -0.0005840450456911456
