2.9253409670404218e-05 4.1629345368367474e-05
7.64174064014955e-06 6.012146567836437e-05
0.025944178555055066 0.020440997006152355
-0.0013731800589285434 0.00010222784274723389
0.0009702030311802882 0.00024068300688499052
0.00041998955480157 -0.0001194262687155723
-0.0005154936320509565 -0.00023330172818115653
0.0005604350430042809 -0.0008646691757365456
0.001233836832522817 0.001460615622008911
-0.00011573551474560674 0.0005660262692534581
0.0008630536153005976 7.400778544250923e-05
-0.00039314031993033135 -0.0007820991144993107
-0.0005534656520742087 0.00015805183241614365
0.00036384140873788544 -0.00032333417696606137
-0.00034702115947493617 0.00022679594537842391
0.0002842310150546249 -0.0009561805738978465
0.0010343626297997137 -0.0004614111609586439
0.00016387449579296384 0.0009042315578955888
-0.0007355732718527849 -0.0007751617955024033
-0.0008177897771977251 0.0004345484424615162
0.0006718792787966803 0.0013103616678765057
0.0005009178744710451 0.0001940481126114806
0.00017474261597418258 0.00011216433627615408
5.10038306876574e-05 -0.00013193005323673676
0.00028897582849341864 -9.555936595857486e-05
-8.002509476466657e-05 0.0006596831697396776
0.0011287651492164269 -0.0011811643395087301
-0.0010171855586408119 8.816683400563359e-05
0.00025030398678857013 0.0010173995668171776
-0.0008587535174570563 0.0001768639708286305
-0.00048685168421254486 -0.0014086573459926091
0.0019154161686066712 -0.0005258384663002796
-0.0006963250632752303 -0.0008277933872899131
-0.00012248131681747625 -0.0003547988732945816
-0.00013150570696131888 0.0006313597397984046
-0.00013858837654239582 -0.0001577135950491362
0.0006149896902226844 -0.0016324575318878204
0.0005437123910819403 4.764502862981989e-05
-0.00018829101910719075 -0.00036896569822046475
0.0006084469894261231 0.0001821583624792712
0.0004281436813910726 -0.0005722309908752886
-0.0003892506919742445 -0.00015633171820619203
0.0008897318843052282 -0.00019659863982614004
0.0014974093655819394 0.0011983905990683571
0.0006085246656258729 -0.0004934144828439586
0.00043546404429688874 -0.0015904672970909646
-0.0007930647566357767 -0.00012589321439359613
-5.0735357114064755e-05 -0.0003344587169280225
-0.00026058107305144897 -0.0004104835377692482
0.00031387721401286256 -4.435053010491516e-05
0.0002504361274774262 0.0012218883175939825
-0.000324769898699888 0.00029549348858855977
2.3435728269827353e-05 0.0011839484829947503
8.614547481040343e-05 0.00017369478206141049
3.4501142123376427e-06 0.0012755137547040673
-0.00012992163307549835 0.00023919626440620025
-1.9271515741021905e-06 -0.0002794009572865407
0.0010985711294979688 -0.00039735831433142054
0.0010212166228766285 -0.00016787362794471825
0.0005463287043543563 0.00037517899570875654
-0.00014154512746702408 -0.000262756315756343
-0.00015865799514307066 0.0005565980627351111
0.0002110973669819379 0.0003850676470386192
-0.0010933216237972222 -0.00030615780011544123
0.0009639897253466763 -0.0017190437718843257
-0.0005761773539488986 -0.00014459073756074926
1.0097661339884137e-05 -0.001201212996150825
-0.0012137886933241227 0.0002262915156205018
-0.0010545744853549053 -0.0007559813109631528
0.0009874159053998228 -0.0005195586320711075
-0.0003498528231953524 0.00013681011086202885
-0.0009325063385316418 0.0008407425610619522
-0.00041931059888707545 -0.00022286651587949513
-0.0009538274038765536 -0.00012324636090228782
0.0006297935977760246 -4.241652179132435e-05
-0.0008806639941545999 -0.000135742509799983
3.0073077111279075e-08 -0.00029714548523418705
-0.00010652633114600079 -1.166926194058987e-05
0.0009394408324634909 0.0010923707945479145
0.000348388794097523 -0.00015686789873745982
-0.00013989707222274086 0.001054113605935534
-0.0008997845614210395 0.0007744154622777307
0.000999926332986018 0.00021743324031985514
0.00091696009071691 0.0008087513128087833
-0.0011511743715824042 -0.0012366015538168669
-0.00039045269905196514 -0.001166945631235698
0.0008856050908053416 -0.0003701040539604292
0.0007665540628440943 -0.00030726279306063825
-0.00015027586382961226 0.00032535326018660237
-9.019309487216815e-05 0.0005098095734931342
-0.00041508073265792203 -0.0003283107036754316
0.0001807891577890835 0.0010565873327126902
-0.0005477834656874785 0.0002008465186016995
0.0006468711908713381 0.0016292440583150325
-0.00020401571045285558 -0.0006711933101039746
-0.0004788728637736985 -0.00011532304872446425
0.00032251571686976846 -0.00043407190006819544
2.6731802126802024e-05 -0.0004525283196708237
-0.00010694632678443713 -0.0002701796718580187
-0.00024457503048610596 -7.102905283259213e-05
-0.0007424393065428841 0.0007245551405267972
5.144950589805353e-05 0.0008477965264761696
-0.000649284121608141 -0.0009768414827374485
-0.00040889314416390517 1.6883429086913574e-05
-0.0005871295065836325 0.0004621904346149547
0.0005508070781035363 0.00015804089900541023
-0.0011544072776165134 5.184893486845878e-05
-0.0007462865500314055 -0.0009016361510527603
0.00023259816560965399 -0.0005379302169136877
1.2733304650969506e-05 4.2965962224296504e-05
0.0009481251106402703 -0.00013222792285545685
0.0012960433804399612 0.000802813184372234
-0.0005519579391906842 4.451959501974227e-05
-0.0003426805762966649 -0.0016338343572118489
6.497347094361513e-07 -0.0011451391862980296
0.0008990215377239617 0.0006813058672115045
-0.0013186752362638193 -4.911024503945264e-05
-0.00015372124115317257 6.317333862628757e-05
-0.0007706707795357813 -0.00022648492960098898
-0.0008283579873535165 0.0006356663577931808
0.0005266603862462748 -0.00012378877064817624
0.00022479953784999607 -0.0009046451253650479
0.0004039187855754796 0.0015571433501062213
-1.775652831764787e-05 -0.0008038004037204439
0.00028809174622062574 0.0002055944237444893
0.0008304955594035078 0.0008876736820707195
0.00027749485342760103 -0.0009090549433708654
0.00019959604851769284 0.0004530926338372967
-0.001126553768840544 0.0003624018950229438
-0.0009688142945535693 0.0012169785143431111
-0.0004941836940347401 -0.00022257669950989266
-0.00040366094061817826 0.0003488124087766138
0.0004864797143822142 -0.000912525840977007
-0.00041768766415029496 -0.0007629755287555886
0.0006634353026483941 0.0005636321815367831
-0.00046515952199653864 -0.0007533419757007082
-0.0006304278968988882 1.1460805273485479e-05
0.00043958598876464686 -0.00017563669852611917
-0.00030021305429495364 5.6875531079631e-05
-0.0002813620782856928 -0.0008615247570548906
0.00038823553202133997 -0.0009309041319429753
3.692104735326639e-05 -0.00015710453346465242
0.0006239659680406245 0.0004595971559365589
-0.0006573245543486829 0.0003290121719029167
0.00017066445742848298 0.0005786173710249416
0.0006335436884467441 -0.00020446175605711478
-0.0002423765350275634 0.00028097592084080865
3.369652235107524e-05 0.0002266411184641278
-0.00014077722954453843 0.0002235761502555132
-0.0005402527512407522 -0.0009882508929261573
4.9884776468091835e-05 0.00034139148767913034
4.455531552424531e-05 -3.7779553019792536e-05
-0.00022090302308988606 0.0008632660060259703
-0.00027503766468265684 3.150917270540557e-05
-0.0001700906829192873 0.00010331829039501288
-0.00018097730243276503 0.0009678169925497016
0.0005309903905355967 0.0003474258641767981
6.114834367579028e-05 0.00047929137079891215
0.00030557954860787543 -0.0009376472014601528
-0.0009977513246402206 -0.0001758890927055199
0.00037391500534294207 0.0005227806641991859
-5.0982061648805514e-05 -0.0002793968939929386
0.00022438905165996935 -0.0006438894210858085
-0.0003200131046807145 -0.0003687659290421574
0.0002510106689959001 0.0002577141132095059
-0.0003865564330534625 -0.00041574184023009564
0.00029123338833445835 -0.0008975247617005541
0.000453741023136199 0.00014700528616901423
-0.0007553823735816643 -0.00028449188637846997
0.000478767103215496 0.0006956008114987734
0.00045574386932744054 0.00023060110372951753
3.5032569615918824e-05 0.000561645683091179
0.0014704732768094774 0.000369693242918031
0.0007530819060470933 -0.0009229678303428882
0.0005031539988662859 1.1640804183765031e-05
-1.459419419571056e-06 -4.080564034448672e-05
-0.0002476629178833906 -0.0003390440724034381
-0.0003012767946208826 -0.0002046027079933354
0.0012131091647782904 1.348474283293408e-05
0.0006607147009000805 0.00023562389404656445
0.00037061571357274335 0.00015880500593813796
0.00030566808650512965 0.00039453348586154747
-0.00015458259913023165 0.00039386198655592405
0.000580483844981891 2.344656732832047e-05
-0.000662689746180926 0.0007617898222942797
-0.000697411448587856 -8.072788364835703e-05
2.8491311364079602e-05 0.0005610042943637157
-0.00035149703381984367 6.057414788652706e-06
-0.000857824967262651 -0.000219171983731132
0.0004654132242235687 0.0014395748416972224
0.00011741852701584196 -0.0003452807853623812
-0.0008229093816054466 5.488488573732125e-05
0.000624151287522571 0.0005089337605846883
0.000778964953284775 -0.0006160909888896488
0.00038786326202095236 0.0001050494768685209
-0.00014390297471385456 0.001052014162512143
-0.0004182994077684176 -0.0011427314672890765
0.001077629874155064 0.0004017630852117303
-0.0006150683012541982 -0.0006823028726000294
0.00012631672753526168 -9.457024206051991e-05
0.0006214135134629364 0.0010099073142996074
0.0002778643538459099 0.0006602735508169234
-0.0002589732660151232 0.0004440500993294288
-0.00027361907254936204 -0.00033979077456313853
0.00017133176720333855 -0.0006951761962623202
-0.000917045629065061 -0.00012285891810970073
3.72862944164738e-05 0.0003957797614053284
0.0003815696311074141 -0.0004053134849236839
0.0013211993738072609 -0.0006902856525280236
-0.0009214576940958734 0.00035970367818919936
0.0005871544831223171 0.00011666333645846556
-0.00010842256370799765 0.00017366500063794452
-0.0003301837283059918 0.0006575838717283196
-0.0002945500002060269 -0.00018878038765167228
-0.00013328701141723172 -0.0004720468345341225
0.0004074349728111775 0.00026393531680373177
0.00025955445302700225 0.0008964494327131942
-0.0004955466323721614 -6.491266025115558e-05
3.2456884253462704e-05 0.0005246551623825686
-0.0001597939139543403 -7.530758824451423e-05
-0.0003504909815093755 -0.00042827817905686377
0.0006503356592303247 -0.0005549787541981329
-0.0008806564327691801 0.0005708616328222698
-0.0003745247025946503 -0.0005077954293988338
-0.00035131502864741527 2.180141219614255e-05
-0.0001393700351709561 0.0001940780636442119
0.0004204810197402396 2.5351208263060323e-05
-0.0005873418111420514 -0.0006037048126329758
-0.0003272649397457179 -0.00014508580709420916
0.0003185499899714938 -0.0004375116622783057
0.0005876275907735806 8.798137010767892e-05
0.00024185643896004944 -0.0003261668345760671
-0.0005759975366130844 -0.000634034655815285
0.0011944265851355615 0.00017965544201316652
0.00011795720404373827 0.0003522165531846397
-5.242784149293698e-05 -0.0007716871105777694
-0.00012181179478425295 -0.0004574020617921595
0.0011026105056865985 -0.0002621505078222584
0.0012328603177768041 0.0003106604936542274
0.0004359790804920378 -0.0004352323030291659
-0.0008223513898969828 -0.0011834901282270552
0.0002090525728124046 0.0005068684282719975
0.0006419703021787557 -0.0005324231117043107
0.0003162865106067291 -0.0007466878233043974
0.00019700223139616581 0.00037642766535179106
-0.0007137396265921612 7.998590351625059e-05
0.00013120405422518912 0.0003366319104079683
-0.0002644464247234718 0.00012892160309883603
-0.0002022062084217 0.00030521370247454574
0.0001583436907045008 -0.0003772422563440511
-0.00043171296984892594 -0.00033705048341839476
-9.794288152389365e-05 0.0005393238412831263
0.00012841536587371554 -0.00024910792847280297
0.00033505441826981445 -0.0002846832133545561
-0.00025130736922429603 0.0002656297908438549
-0.0003157583361271195 0.0002633129730061824
-3.084380125583741e-06 0.00012215738055448757
-0.0005350017247352301 0.00037602265213831476
-0.0006638705832514316 0.00031022323958798757
-0.000586185429247354 0.0003223778917757397
-0.00031121426130704917 -0.000558145565041536
-0.000193134476584601 5.98623093410278e-05
0.0007418182255967917 -0.00031525494169238515
6.986889607745068e-06 -0.00040809863913738074
0.0006404622417241917 -5.704794924081901e-05
0.00024830505237276686 -0.00024863262939122733
-0.00044642615887638854 0.0008635193008235415
-0.00027959167964070465 -0.0008129524112837699
0.00016758244987898822 0.0005655277681455789
-0.0007393411746253706 -0.0014110168399380143
-0.00029600955336480127 6.98110253455834e-05
0.00022288412943149248 0.0007736022114628483
-2.0540688900170074e-05 -0.0005960562767670772
0.00018480681276576935 0.00042204118614003595
4.8082649686915355e-05 -9.276149310225812e-05
-0.0011075775087214944 -0.00047867706576079817
-0.00029509234316630847 0.00015895284524752564
-0.00010837569411585144 0.0004981313004480722
-0.00038506682812440075 0.0006164052903047462
0.0006116824290510172 0.00025389275124740063
-0.0005325186595079193 -0.0006891522099543567
-0.00038876527392806606 0.000378462418833963
0.0006756301334332902 4.687199165346691e-05
-0.000515913122140804 -0.0006080152410772899
0.0007833064641199972 -0.00014879059409431028
-0.0003956025725448318 0.00044162748913973565
-0.0004974811355627271 0.0018327162569297245
2.650712233769902e-05 0.00032064705559888885
-0.0003574053778466252 -0.00016402564231894582
-3.7588441001321215e-05 0.0001913790494974968
0.00019754675019821323 -0.00046200927418864503
-0.0006373425641956638 -0.00021782349718349367
-0.00016730170777547204 0.0007595864248947541
2.647832568075786e-06 -0.0008495851237001056
-0.0009448288711860368 0.0007417825833031138
-0.00011297229387250703 6.730196423134261e-05
1.8185274090128435e-05 -0.00034636350842244697
0.00020878964834726763 0.0013757203826616437
-0.00026300319189865245 -0.0004192331275476037
0.0004381124136714529 0.000944698912548317
9.225559112212993e-05 -0.000155091476693963
-0.0010559940725386576 0.0001741056878451537
-0.00035324003263871644 -0.0005624177343864229
