2.5699423243566526e-05 3.799432087091989e-05
3.366171999875676e-05 4.8229676338816456e-05
0.015955228287973505 0.016365627975678913
-0.00021013563194359814 -0.0004312349650623818
-0.0007422928052158719 0.00031530126957836493
0.00019199558952848222 -0.0013453599247482111
-0.0005406316599962542 0.0016216862299702486
0.0018318110775062681 4.153642651713252e-05
0.0001501666180407099 0.0001457342661693
0.00019611714849373393 0.0016394872349529814
-0.0001402704652056864 -0.0005370165385017567
-0.0008930616529086229 0.0005290921625381201
-0.0013797974907043583 0.00010829407755588945
-0.00017931474004610054 -0.0002985586914084273
-0.0011966993818184036 -2.64488587201166e-06
0.001431923307505061 0.0015872677938150485
-0.001317809001343583 0.0007705377572153816
0.0006743006289111201 -0.0006508109591608378
0.000747692713264879 -0.00024772255758006683
0.000535614995254885 -0.00044804969782946257
0.0004204672421696241 0.00012521879189600525
-2.001355584957105e-05 -2.1997445192660473e-05
-0.0001178532153474138 -0.0005126615336581735
0.00017702128186540677 0.0001610397930115765
-0.0004469537618174875 -0.00014495623383416106
0.0005292512302480406 0.0015684111075133763
-0.0008050623297242399 0.0004160258114949378
-3.559128399834529e-05 -8.114261412237791e-05
0.00011814914049010677 -0.00048250852274575227
0.00035154043649082174 -0.001126785377758727
-0.0010937312068908297 -0.00031345940785101775
0.00032357054227295556 -8.074192591938078e-05
0.00035252872968291723 -0.0007286076389033174
-0.0002032083115809532 -0.0003208162342196063
9.54667533373506e-05 -0.00024268327502277327
-0.000675667340547528 -0.0007892817114171419
-0.0003108975033312736 -0.0006069291259074968
0.0008127169505695654 0.0006720255593940625
0.0013472171703133387 -0.000796231963765819
-0.0007859480158499085 -0.0009621136491887402
-8.318589392571115e-05 -5.332684078494271e-05
-0.0001369106260280193 6.761264533208848e-05
0.0003599561317836171 -0.0003158548215966759
-0.0002828864280302301 -0.0006249986862164291
1.686250877286887e-05 -0.0002629113868482265
7.140356924527682e-05 0.0008813334830006677
2.8885377023792373e-05 0.0002752473687302184
2.5633079341979205e-05 -0.00020525019966744995
-0.0013823382807033023 -0.001088302342574971
-0.00046605705114480787 0.00012982584984158214
-9.917309970083821e-05 0.00035153103073052883
0.0006913169055161755 0.0009100937941693029
-1.538835581133799e-05 0.0012734278995417117
-0.0001769388323552271 0.001662090327843597
-0.00032797472152878347 -0.0004558352193798366
-0.0010909696504080076 0.000645188255124316
0.00028576247149870315 -2.6621972223075627e-05
0.00013111358092135478 0.0002196259803307113
0.0006699538532892313 -0.001048011296419244
-3.9220844138101284e-05 -0.00032753910226813505
0.0006465504368999724 -0.00016775842414157026
-0.00017053595277701037 0.00023216921257897732
-0.00022316419061198183 -0.0005725146280371057
-0.0004249257617756784 -0.00031779780505857745
-9.933803548906735e-05 -0.0006945868688038667
0.0017577524745503545 -0.0010789880260769923
-2.5635363033942508e-05 0.0004100197985764405
0.001079979836842131 0.001802440987583683
0.0005893661080301453 -0.00018828710940188578
0.0006258269101658983 -0.0011910398880115344
-0.00013820734839546886 2.152498558938582e-05
0.0007738865762561192 0.00041115304354535746
-0.001381218283528929 0.00018813863141102
0.0004050652933487187 -0.00013781206925540899
-2.2777181947237955e-05 -3.969624700102932e-05
-0.0017087387071806888 -0.0007303395801621378
0.00010751524893830826 0.0011251555243846879
-0.00013957886323482247 0.00047327185927038373
1.4875501750014686e-05 7.194954302452232e-05
-0.00018096857884037713 -0.0009045839265202563
-1.7436096268530908e-05 0.0009915181271303983
0.0010681985368089905 0.00012377818525007036
-0.0009502962771188806 0.0001916006253647958
-9.248754660282666e-05 -0.001767869701958314
-0.00015510524410937402 -0.0002720248651801504
0.001892788276742259 -0.0002509384361079367
-4.8049728287989195e-05 0.0009408646532127376
-0.0010603097140239738 0.000998065537487196
-0.0008131670422767519 -0.00043616419940642156
0.0010843935601992356 0.0005804299403389788
-0.0009370972043047499 -0.00021784558197835598
0.0008621867367717071 -4.6359076432661064e-05
0.0007715055356448497 -0.00046328334032385177
7.580085549972911e-05 0.0001073555143234513
-0.0011120859719217975 0.0003393783368235728
-0.0009188801909733847 -0.00028881198757616146
0.0008347043861564989 -0.0003141194053201986
8.362624502691703e-05 0.001979410192992702
-6.986396292135962e-05 -0.00016901679452031634
0.0005746418515051681 0.0011940533837647216
0.00034553376750271245 0.0004796455765947389
0.0011766989101479651 -0.0009630128648657714
-0.0013224618659995577 0.0014858845118936518
0.00024536324377836963 -0.00026305029862252956
-0.00010082514709870607 0.00015212133734480662
-0.0004230834172495265 0.00034638587953307316
0.0006319212421800465 0.00030401819730988726
5.921209003215261e-05 -3.578220049796268e-05
-0.0006544777955472122 0.00022251506763965124
-0.0004948007600433929 0.00043358916418362537
0.0002400941587078093 0.00026641313424152806
0.000794974287386583 -0.00042085479698705363
-3.319847126236506e-05 -0.00025081617899369525
-0.00030367956786328255 0.0010788235210012203
0.0005183326639400449 0.0008417856414580893
7.546492458556357e-05 0.000204022440311427
0.0006146905768502657 -7.451343726518859e-05
-0.0009510674064876809 0.0007879656162304756
-2.260211868903187e-05 -0.0006983161835890973
-0.000629528670933675 -0.00017288048791467002
0.0002052675086691529 0.00018538635978832858
-4.2671038959093356e-05 -0.000949599805961875
-0.00011148079271845924 3.069451479244406e-05
-0.00018308389184727635 -5.96803765239713e-05
-0.00032415908370795894 -0.00045678287031783053
-0.0003234012382430218 0.0008639831066883398
-0.00030418046572859206 -0.0009698770843951387
-4.880163942415499e-05 -0.0002568580390267894
7.760846746101893e-05 0.00016788449461083605
-0.00011747823293265136 -0.00058311915681161
0.0007029270497988388 -0.0004509173448781231
0.00038365861931290304 0.0002127247807772963
-0.00037635787096550714 0.0002722216318802253
1.9197646806508923e-06 0.0004888056936262668
0.0009619127541991468 -0.001159643497551746
0.0003651207558325389 0.0005937087499719763
9.373107476008524e-05 -0.00035182563771358945
7.874748068416669e-05 0.00044767997166683204
0.000707243860517875 0.00033340283084028736
-0.00019826348072487552 0.0006204329190810119
9.211653441153596e-05 0.0007109692036213717
0.00029111334334729896 0.0005227140061434757
8.472351124610382e-05 8.975793960762615e-05
0.0012372152686465619 0.00017066191675174847
0.0006025060826835957 -0.0006112945277169679
5.5181799305977376e-05 -9.818448183464743e-06
0.0004535202276769123 0.0004395547927543586
-1.1323114739611572e-05 0.00016553446053953227
-0.00030050510231302547 -0.00043888143259917536
0.00143823227297062 -0.0007116500351139415
-0.0004887182448134142 -0.0007883510690201102
5.7853589550700024e-05 4.320721119182305e-05
-6.60827087627233e-05 -5.6414313011799415e-05
0.0005501664482314937 -0.000605284943337715
9.908946872024725e-05 3.3226884790167466e-05
-0.00026149622106415164 -0.0003512058290556794
-0.0003148322402858074 -0.0005687077478174774
-0.00046546053718807094 5.867435967830038e-05
-0.0006163607608505479 0.0007713117046733492
-0.000543592477690288 -4.6061472364202554e-05
0.0004284384381144117 -0.0004379233784193751
-0.0004783580699939343 -0.0011456938277089467
0.0004410779057183721 -0.0013380727590807744
0.0008744884100639054 0.0006131421818196998
0.0003308218250121237 0.0010309465049573815
2.6393854338181373e-05 -0.00028942444452736466
-0.00015959790994762065 -6.230411971458494e-05
6.695166510690486e-05 7.473349100794566e-05
-0.00046662749478865726 -0.00037575071456606886
0.00029655007660413853 0.0007136994829823328
-0.0004206261977280374 0.00013617751626611172
0.0004462884947099885 -0.0002496915918020952
-0.00026937577353388 0.0002142137777588876
0.00020457643848731537 0.0001712132749498902
-0.0011094193889804474 0.00045627964985582884
-0.00024226606256838004 7.567491969180661e-07
-0.0005789202969383709 -2.3285488250018366e-05
0.000795753833219936 -0.0003511127553620096
-0.00014349361964069175 -0.0002773251717343811
-0.0003373150812353792 -4.379840216308878e-05
-1.0280435665598293e-05 0.0003299021068120133
0.00045870214932732407 0.00012323876919257792
0.00021220706315944654 -0.00035752748208189844
-4.745322226852927e-05 0.00015121246808989637
-0.00025819287411057556 -0.00036011341101651933
-0.000997848366796661 -0.00043011198503981507
0.00012726880900305838 -0.0013309654038926022
-0.0003647152071502739 -8.053599842339289e-05
-0.000998505020215793 -0.00018400296453697685
-0.00012899048113901242 0.00036530873357150135
0.00027964631560916276 -5.559140374080646e-06
-8.103229636645001e-05 0.00014328508577252837
0.0006161027710585165 -0.00042568880698152503
-0.0003534748222990444 -0.0002069635728931872
0.00041734853084284093 0.00034512986741819517
0.00029544078499762675 0.001536935761375206
-9.655720799523181e-05 -0.0007616894195243304
8.086055816995517e-05 0.00046820515967240406
0.0009325564963364889 0.0005905858329029797
0.00019484242237915265 7.279554624013358e-05
0.00016375069964014014 0.00034202348937746726
0.001215582338278157 -0.00031351348498459043
0.0009860464159568906 -0.0006389090429954828
5.434778394004125e-05 -0.0003652080928924434
-0.00018446935653719805 0.0002111377998127392
-0.00036139488303559605 -0.0001123454032240315
-0.000408672536323538 0.00022660673544740414
0.00012449837126377446 0.000748197255784408
0.00022601733808437144 0.0007052553520793881
0.00019406579298302548 0.00022675298445694285
0.0004908385012579675 0.0003329210378566589
-1.660267720106469e-05 0.00038055089716787613
-0.0014117955495558852 0.0002927423962962161
0.00011486196989140311 -0.00047025866197526967
-7.313608289500236e-05 0.0003625102086990576
0.00060331946562377 -6.668599989342347e-05
0.0004579221816551694 -0.000609793909423259
-0.0008692537325655855 0.0005071068957598782
-0.00020886189655124833 0.0004233313048488143
0.000505657276639785 -0.00043442085312456636
0.0011251741839084426 -0.0002282235372701558
0.0005977117228941645 -0.00012947229017173286
0.0007534559483623483 -0.0003022391926349986
8.703906391867087e-05 3.090110448445873e-05
-0.0006549251796636028 0.000685556227574797
-0.0001510923786001994 -0.00046708183005057314
-2.9742952275973944e-05 -0.00028361206976676125
-0.00016702754073278555 -0.0006942109107866795
-5.4925281966138494e-05 0.00015417689385856478
-5.7210145344273695e-05 0.00011961342315673182
5.774057815580794e-05 -0.00013621758121054605
1.0873297875366552e-05 -0.0005072052199004278
-0.0003348739458513218 0.0005674569692868612
0.0009245235015754358 0.0005926903346650037
0.00031484286006080796 -1.0977712939423846e-05
0.00017200708722031092 0.00022984294209484925
2.811068985252502e-05 -0.0008724409586311046
0.0005352877769926043 -0.0002513681341597771
-0.00011301778163393213 -0.00043775553567636927
0.0003117691488218097 8.245983987383014e-05
-6.544186027080111e-05 0.0004719834485232624
0.00014502766959287598 -0.00023807569865732744
0.0005324188512294472 0.0007009212153713799
-0.0006127192710781079 0.0006332106217863217
0.0007665404914612408 -0.0011879637772167222
-6.123788061708516e-05 0.00019264561211974698
0.0007272438415800705 0.000534191593091802
-3.412372031996826e-05 0.00042950554044823467
-0.0003010144212262591 0.0006516161618254638
-0.0004279242451757293 0.00028851505416286287
-0.0004279303434599379 -0.0006891657394681482
0.0003289875873957546 -0.00026684561054763267
-6.241120726758741e-05 0.0009499331828601304
0.0003900787104450532 -0.00021324767036457905
-0.00025159082439622966 0.0005301648512009778
9.670456225718536e-05 -0.00048244913900523736
-0.00010348152058192744 0.00033783143366986643
-0.0010190232927125686 0.00045623757934314856
0.0003552320947954622 0.0008380988793115797
0.00032197101828942965 -0.0006935425981426202
0.00023005417758304082 0.0001166512777769912
0.0004916702478775935 6.48736514398435e-05
0.0007184270761877859 0.0011223100653517568
0.0001337756659103419 -4.2680247303086935e-05
-0.00021622737949335687 0.00011781944903719864
0.0003813096052227479 -0.00018704328551145656
-7.089091358902521e-07 0.0009354596494973085
-0.0011912017067077453 9.381242261327508e-05
-0.0004399223620629228 0.0006336613580389286
-7.704161971021933e-05 0.0003075999405133836
0.0006471550967302697 -0.0010070687357327903
0.0002788906676514311 0.00015097806923434869
-0.0004225232373915458 -0.0009294301154668182
-0.0014391629277326543 -0.0002164492383798792
-0.0005350122907084043 0.0007302095897186636
-0.00023792223524214497 0.00044629298231425505
0.0008487760155497392 0.0011400383398862553
0.0003735786453627423 0.0005472983299466448
0.00041291177021156214 -0.00010103039467578141
0.00043424134553242427 0.0002819029119936043
0.0012181485660663963 0.00032890762775837575
0.0014365198976805979 -0.00042842780494041423
-0.0003180791351196005 0.00015270426241970075
-3.609304529986948e-05 0.0001700385970715361
-6.527226688686244e-05 0.00040171367929662713
0.00021627707521101256 -0.0008632431826906098
0.00032130816178422254 4.962969270928819e-05
-0.0009091743599136825 0.0007104226046183699
-2.1081607562925856e-05 0.00010150520501725653
-0.0007494560923872527 -0.0006864464551651982
-0.0005678673938336884 -0.001155133845980192
0.0004960762938747488 0.00036824594893612153
-0.0004456119006841772 0.0003825124809253551
0.00047384980012290975 0.0004345313174547608
-0.0005078487936841957 0.00030907429225627864
0.00020467309142407905 0.0004826662786868026
0.00011125624479430808 -0.0006607428728731302
0.0006419688039481149 0.0005569916409522866
0.0001205960664340781 -0.0003579942148555556
0.0004271587363663994 -0.00034802498304464785
0.00013326668522308673 -0.0005043260785709803
2.162822277407973e-05 0.0008135239366970106
0.0008609547653003667 -7.843489466084769e-06
