5.25003877150359e-05 4.5729169635461747e-05
3.9446442707662164e-05 3.2989438825918507e-05
0.027293072466874513 0.031214833321576714
0.0012190741875989456 -0.0004309014929770939
-0.0009057527788049592 0.0005092314683346837
-0.00025218477752419295 0.0014076101411894819
-6.266782444703922e-06 -0.0013397043380386146
0.0002515905599806309 0.0004025155292869211
0.0008915886888010711 -0.0006589196023129421
-0.0006037161085571715 2.9025318766724026e-05
0.0005278373265814328 0.001237432623789181
0.0003143341129553234 -0.0006655221203394793
3.549944546926755e-05 0.0004884741496564721
-0.0008209811566470217 -0.00024066105236340157
0.00017192838784149005 0.0012162451803143127
-0.000842241991905825 -0.0005533231796581613
-0.0004999800355296002 0.0002068953545370976
-0.001157474638653396 -0.00015373209763840556
-6.463623613405603e-05 0.0011788233341240293
0.00010712275217169988 -0.00015820856793772066
0.00020934471183121353 0.0006007741915029267
-0.0009986812304518446 0.0002530157847213658
0.00026929838830366977 -0.0007789904983699048
0.001553126573348965 -0.001231406729208905
-0.0005398287923357748 0.00026818833095372047
0.00017375744389407967 -0.0001353536025601243
-0.0009870559887977465 -0.000848069587511543
0.00010717098961983076 0.0006721831756882258
-0.001722434051201667 -0.000702982657592772
1.78075643130626e-05 9.147690585040295e-05
-0.00026187917151812974 0.0023319786274898897
0.00012180862147043727 0.00040904072575643455
0.0015142706192444238 0.00023998570734762471
0.0006818442728199688 -0.0005100401046365162
-0.0008074118522726759 0.0008088355935583005
0.0004190652636840183 -0.0011042295138101639
0.0010975404676567377 5.402437118455467e-07
-0.0009449889277087874 0.00028092177622685775
-9.223869315081366e-05 0.0011616718615055257
0.0004264688547121699 0.0006940284585280167
0.00026178658175267903 -0.0004240098828907022
-0.00111549754305958 0.0006812228664531662
-0.0006504759044536827 -0.00018856891113124122
0.0021057035188147577 0.0006691538224719699
7.611995978442676e-05 0.0009082168632153562
0.00033923303843147256 0.001056253267639956
0.0006064116926227455 0.00019089496004028432
-0.00041482271913879736 0.00022734189307683968
4.243191129170083e-05 -2.8021978605726803e-05
-0.0005785296057594141 0.0005035814436877934
-6.277670536235678e-05 0.0004523090842361124
-0.00019347121187179376 -0.0001025366894188297
-0.0012615611716281006 -0.0002859468385268192
0.001622962510770504 -0.0008154428110800719
-0.00030050413417720325 4.453796621191791e-05
0.0010916481546109176 0.0006377838761967699
0.00015635062782340303 0.0009547395418522325
-0.0006229670709770081 0.0005818326229391521
-0.0005048588264571492 0.0005278192742917224
0.00028493535347955834 0.0012433445078888629
-0.0011434925066326172 0.00040399309071454976
-0.0007642241105264127 0.0002064634982384825
0.0005684221462087869 -0.00013295741551504198
0.0011824812670239693 2.079362213138923e-05
0.0004885994575440274 -9.45598442128786e-06
-0.0019272555258342693 -1.811929906602987e-05
0.0003011268582819141 2.4047227903248216e-05
0.0002513413098860077 -0.0008547247768613223
5.6200877481135534e-05 -0.0010002720231714808
-8.304748496078918e-05 -0.001229002575805542
-0.0006317257905355376 -0.00023209445383850976
2.0641504829525116e-06 0.0007386016916209676
-0.00047397494455361805 0.0010106778052760897
-0.00033401991365760374 0.0010525408526318428
0.000787659802433184 -0.0014235285608062622
0.0012393622613413025 4.350435590280179e-05
-0.0005183712384596053 -9.47436475019872e-05
0.0010418874572580325 0.0004441966677392374
0.000476712367490009 -0.0009950796123874685
0.00028853638865176007 -0.0008573223822320365
-0.00012021310045653664 -0.0005575139906341805
-1.4794232077137114e-05 0.0001696005463841521
-3.2481417156373335e-06 -0.00018496939056670105
0.001206812803037398 0.00034942791862143833
0.000982587937449484 -0.00047630227836293004
0.0011859102056464427 -0.000920797251715873
0.0015678603887386202 -0.0008418473158814573
-4.267161171112827e-05 -0.00043036426125770555
0.00022468258549478043 0.0004941487997294211
0.000739237694849997 -0.0002642408310446803
-0.0032234987110325445 0.0001276203882202521
-0.0009218941513893069 -0.00024052256016058695
-0.00019792557010698755 -1.7453765872076896e-05
-0.00013784213729687225 -0.00012906487143704996
0.0002327890875156808 0.00012998299777659009
0.0008070749367905425 -0.000711975735990702
-0.0008303626202681399 0.00020750697177021423
0.00037824174002894917 0.000946015881976324
-0.000545405873805502 0.00046859807520612467
-0.0006659612399595601 -0.001090852658979639
-0.0008512935016523265 0.000991903747237946
0.00043642272761086826 -0.0002981084093840883
-9.117224160332104e-05 0.00036112631742816955
-0.001045436577089207 0.0006810101287247518
2.3113678169233448e-05 -0.0004305092205958186
0.00032997313940387566 0.00040948211216443087
0.000596934504464855 0.00019950258372500884
-0.00024982133773182705 0.0003755598698238189
2.2405378742148886e-05 0.0005294526526592379
-0.0005158731389929154 0.00032580099953935624
0.0004262737259114849 0.0007336130667144957
0.0005661767188230882 -0.00032215276017004635
-0.0003547735087140734 -0.0001930404974926176
-0.000602644401232571 0.000981548291523916
0.0001402102884472182 -0.00010264953808220382
-0.00013020998933347444 6.391231404371524e-06
0.0004288508415676624 -0.0005755615781391394
0.0007178320503262869 0.0010542140730419017
0.0003212093905349893 -0.00032911749441689135
0.00012313943759308425 0.00014377226199159196
-0.0008823085455624749 -0.0012361299039681905
-0.0001609576655771594 -0.00011231893528060923
-0.0001785347388643074 -0.0011660341768610844
0.0001548678326715452 -0.001716127010876262
0.0007544168502469745 8.616935183437178e-05
-0.0006186020888639328 0.00022399897824123592
-0.00024749007308203506 0.0006327619897329235
-2.5003921767701255e-05 0.0003131813267291112
-0.00046767851153444725 0.0003844863441016992
-0.0007743530356051165 -0.00042951334876913973
-0.0012776304525944145 -0.0005078083026084605
0.0009424923031441053 -8.750927368456358e-05
-0.0007266045197554374 -6.371717386407262e-05
2.6860384202541777e-05 0.00010788967738365181
0.00031374610040613805 0.0002704923696247535
-0.0006445026987878211 0.0009027635711038683
0.0011420103458614074 3.4161774325720275e-06
0.0007874704732068403 0.00033988730871571665
-0.0005715146678579542 -0.00033443775444555826
0.0010656977731374948 0.0001310204225416791
0.00021467562524782815 -0.0003108207745983944
0.00042745697444499355 0.000622867446474461
0.0011789330594248687 0.0009361492909748596
0.00029229576432418736 0.0004870879980686594
0.00035227850742833804 -0.00015005049487214363
0.0005718197505758003 0.00011446435421502272
0.0002276308456339213 0.0007265202240796209
0.00018937352199754524 -0.0003366979962253717
3.778286196622422e-06 -6.717846394727894e-06
0.00022540646470194025 0.0002590533716760439
0.0010205954123783478 0.00022678387366939132
0.00024880860651245695 0.0004926809885624656
0.0008317277871963709 5.088795675554775e-05
-0.0002931819775761056 0.00023695335803172648
0.00015834517803712305 0.0004345012065476178
-0.0005836318693362157 0.00029586728925372997
0.00035358425848754804 -8.220993540540092e-05
-0.0004581770274020337 -0.0004392770750603806
0.0003801943911114164 -6.24131501567164e-05
-0.00018373118052534854 0.00019432800209596342
0.0005806971544832283 -0.0003417864540338946
4.985955406887218e-06 -0.0006438881988292317
-0.00044529525885929187 -0.001044502486874235
-5.528707133496644e-06 -0.00033584711828722123
-0.0009413438112615777 0.0012571043414639146
-0.0005739670919413292 -0.00010501945717478968
-5.90885168742309e-05 0.00040137727253617317
5.022098398512205e-05 0.0011201779127159037
-1.1671477870289637e-05 -0.00011122948538333596
-0.0004639396028564129 0.00035024852020822524
0.0004740302076974601 -0.0002572090265945413
0.00036697230824444643 7.240302876227502e-05
-5.5521194076979116e-05 0.00041227554998473015
0.0002342221365789307 0.0006557890335491099
-0.0004942718837530448 -0.00012651284722664386
0.0005392519598549998 0.00010805297547721753
0.00048644147178892894 -0.0001719598419718725
0.00033853334103883445 0.0003293165315301755
0.00035716336542469584 -0.0006756995304120842
-5.451788695636712e-05 0.0007115699178491035
0.0008183771583336499 0.00048196865001136243
1.2477229051928845e-05 7.328671992368801e-05
0.0004953643014345572 -0.0006943086586742933
-0.0003803892728156313 5.1358766200161496e-05
-0.0011853199429340323 -0.0008960934186788078
-0.0003657539613413061 0.0006444700939387451
0.0010964095227010795 -0.0004059705003037577
0.00042876052836276785 -0.0006655660798546734
0.00013633384531644115 0.0001836960591287139
0.0005734730839619212 0.000151829423601808
-0.0008122571477289897 -0.00019761443547206898
0.00010421270912373564 0.00038833363147098155
0.001050726308779874 -0.00018617382455671895
0.0010046605394067778 -0.000630700970180866
-0.0005362219202037474 0.0010177999040634417
-0.00038356845975303364 0.0002682780826439284
9.175476417500277e-05 -0.00016762516555518878
-0.00042645490585945753 0.0014744585016562997
2.0191848688793484e-05 -9.1228342310765e-05
-0.00017816446190212568 4.46798838469519e-05
-0.00028030776291474054 0.00032545203195281073
0.00023603868469573172 -0.00010415211680915335
0.0008773398415056505 -0.0005520380718824667
0.0003969226858551387 -0.0001757745407912196
0.0005680566380490038 -0.00034453003679250525
-0.0005468606706737873 -1.4865311414519505e-05
0.0012978594314702484 -0.0004860086721844016
-0.0005881254962141976 0.0002349375480228038
-0.0006344575289336272 0.00034038731640874235
-0.0008222234465582241 -0.0001461290542305292
-0.0004382870491176155 -0.001142541100315137
0.0002347447900660439 -0.0006443305612835788
0.0005115567997808031 -2.937491970650499e-05
0.00128276888407097 -0.0004007557906773074
0.0008849016053786705 0.0002735234953034909
-0.0012970519346210498 -0.0004007887339151879
-0.0008214035129632418 0.00026483969798629686
0.0005289127101242874 0.00011860543154864601
0.00021267832617209617 -0.00061523992079312
0.0007348548340055888 -0.001460805856474836
-0.00052072086977932 0.0007954505450059652
2.6902716657166958e-05 -2.7067047733202787e-05
-0.0001649683531546735 -0.0012639844946770245
0.00045448555672812104 0.0010104219087746357
0.001184524749467631 0.00043871989172027825
-0.0004192710401483239 -0.0001464762076616435
-0.00024082897210226238 -6.054335569283678e-05
-0.00021263757497909751 -0.0008629818746277519
0.0001396155567985169 -0.0006101341093160988
-0.0014629678767424372 -0.0004006076659234309
0.0005061602549006841 0.00024256613789926302
0.000729794685858725 -0.0007195097640840016
0.00020895897275654873 0.00040468497672223834
0.0001549901855973051 -0.00033355389725719237
-0.0007462674303064382 -0.0004552542628761771
-3.4306276179376535e-05 0.0007692776594225395
-4.2072770914800604e-05 -5.197641977663492e-05
-0.0006140891221046538 -0.001162899347613721
-0.00016487077642052386 5.681330126348856e-05
0.0005831471435114613 -0.00023026407418341903
-0.0001862617947818369 0.0007833145834152014
-0.00026811385545263223 -0.0008635415966237352
-0.0006050485953018652 0.0002503528722904409
0.0012173684573995656 -0.00040641807897309496
0.0010303089665599644 -0.0005386145434534231
-0.0008100600985973636 -6.493379596262395e-05
0.0007654425514096724 0.0001708671110159183
-0.0001951902133797992 2.638300947384067e-05
-9.620550614140453e-06 -0.0006743980104864855
-0.00028822665581545325 0.000817001844742867
0.00027380570349327146 0.0004503927719394595
-0.0007177772110893248 -0.0001407230629336611
0.00020147186078984936 0.00029559177158143703
-3.067186959135472e-05 0.0002691349213213861
-0.0003988539888265007 -0.0012804342674362268
-0.00026006112880726706 0.0010092405260278346
0.00025949031916649605 -0.0005487560780962017
4.691952317128993e-05 0.0006867983405854074
7.2737026881310774e-06 -0.0007786963208282508
-0.00030349623887924516 -0.0002949974603796998
-0.00017853783523009184 -0.00019892184468303862
0.0005878411766970356 -0.00045514247621718267
9.433763288667094e-05 0.0011741806759843314
-0.0003950511060335013 1.513068087226991e-06
-0.0008590695841198641 0.0004971055498675693
-0.0006044902766103029 0.00036432771557153395
-0.0013636210781190867 0.0009089959882241363
-0.0007035701050338008 3.9409465230994606e-05
0.0008072101883642995 3.795434522632864e-05
0.0001537056910346221 -0.00033883753566548656
-4.8170412855437156e-05 -5.490610719602171e-05
0.00024480467074808316 -0.000372072674297062
-0.000767210793971663 -8.318917733094514e-05
-2.5726933648516274e-05 -0.0004620832838561175
0.0004173128921500236 -0.0004726042003800026
0.00017939909926091495 -0.00013447061102446302
-0.0002881847917425019 -0.00015194489071183395
-1.5433404389906506e-05 9.412230010603114e-05
5.928587644666138e-05 0.00035753361770487325
0.00040933125047064886 4.57890308656878e-05
-0.0008421462556902542 -0.00042696279803248083
-0.0004411285294276952 -0.0004828998943872641
0.0005946473850946773 -0.0008713015377445336
-0.0008153359322409002 -0.00020638046004312966
0.00010992480660667472 -0.00020901526817253187
0.001189628675412617 -0.0014995751425292852
-0.0002365358767251436 0.0003899107992080035
0.00011727078555895379 0.00026617589116994107
-9.910228554061459e-05 0.0006228305486419033
0.000734873575492253 -0.0005896148167539952
-0.0011144303960805802 0.00026744499279496796
-0.0001418979632897186 -0.0002452707550740954
-0.0006467330429830355 0.00011327150787222242
-6.624124776085986e-05 0.0005472549035617877
-0.00043681507084332547 0.0002365699710828961
-4.7710628421285355e-05 0.0003810399223812365
-0.0004487317090563399 -0.0007008864863739156
0.00042771708790420896 0.0006592213867076172
0.0003385852725230015 -0.0005554141908801288
0.00010890591308200291 0.0003165857712042546
0.0009859656614784494 1.3963385282211574e-05
0.000267204694563247 0.0009324175557346318
-0.0009051788564336917 -0.00015989824617034334
