2.7496821585451993e-05 5.3065502651881375e-05
4.606329834842023e-05 3.078051010777041e-05
0.010746484097703924 0.01565582747995476
0.0006558494570938632 0.0008092935855723003
0.0009336304110121529 -0.00025167010324224554
-7.992802107837275e-06 0.0009541868789592507
0.0005705473150150054 -0.0006512650126277996
-0.0011603909034208649 -0.0006255832534988304
-0.0002094850902333813 -0.00025857235148890855
-0.0007667199323998723 -0.00024129725730672512
0.0008049924158417427 -0.0002319620158271272
0.00028534882483339646 0.0012717341983930922
-0.0013794426035333364 -0.00043995200816554405
-0.00012789670350093056 7.376338052653169e-05
0.0007524160246983938 5.301504018726902e-05
-0.0004180718296407716 -6.028056719217113e-05
0.0008218241830821955 -0.0004776648712406998
0.0014753825813351737 0.00015864387200440193
-0.0006357273749376915 0.0007547639752007418
-0.0013625659249757239 0.0008357352637296099
-0.0011185743394252529 0.0004528413066525205
0.0007808949164673073 -0.00022075427450849662
-0.00029665917224038765 3.6821563788968085e-05
7.749444151058065e-05 0.0002731443309024647
-1.2979682651043841e-05 -0.000819429421249362
0.0005752425423293411 -0.0006200920530896938
0.0014492324261064005 0.0006883203489494264
-0.0004671575393135347 -0.0003278356463148915
0.0008255141547151388 -0.0019043794818391915
-0.0008506042567934499 0.0004035257704834594
-0.0005679366856885071 -0.00011041580579392406
-0.0011677202348772942 -2.202196377848201e-05
-0.00020360101387330748 1.3520140738991906e-07
-0.001672642578204867 0.0005938988055987941
0.00023980309480171774 0.0007831533119828774
0.000858529144480539 -0.00034650726777628955
-0.00025804717175786684 -1.1665555519113013e-05
-0.001381458552310206 -0.0008296247842539119
0.0007478396902921347 0.00026212928014095205
-6.747592560692266e-05 -7.198583000724834e-05
-0.000963722634991816 0.0003177515228284568
-0.0015144997664563171 -0.0005386059484420506
-0.001206324440646451 -0.001604979808048366
0.0004951008583196312 0.00042470736205716574
-0.0005641442484074642 0.0005065211126943547
-0.00020437156093764972 -0.0004994808591267531
-0.0010304543723231696 -0.0002839129170197732
0.0006721011448819147 -0.0005049531044849506
-0.000883555918380689 -0.0004657495702564893
0.00011724763156453412 0.00019207664716220312
0.000808398732491633 -0.0003283320687731012
-0.0007305470883488542 -0.0011216212512969133
0.000330856251001583 -0.00018645652657559508
-9.717150217272754e-05 0.00025000360546478486
-0.000493341567709813 -0.0005506820531335796
0.0018094629042163194 0.0005110419993448575
-0.0003874444753971947 0.00014875075714553744
-6.691015726772328e-05 -0.000466344547750756
-0.0006751397149886432 -0.0008202564347481796
-0.0007228160591918009 0.00035619836488615884
0.0013194853137043247 0.0008643099968111076
-0.0008537123523423347 0.0008210929480698243
-0.00010203305385315089 -0.00046724557797227185
0.0004983532766050826 -3.008363457356444e-05
-0.0013862700813699047 0.0005577197113309285
-0.0010374038404630823 0.0001653056069046458
-0.0011890477716613587 -0.0005660334342995192
-0.0004122397578112588 -0.0006415370872223753
-0.00011852018157056846 0.001239769517605281
-0.0004935736445629744 -0.0008081394281895239
-0.00023179583140388728 0.0004489598008013342
-0.0007782451339655925 0.00014718672591248428
0.00023666761766409967 -0.00018109996190793421
0.0006017105484639287 -0.0007574778217831863
0.00020177271412458495 -0.0004972134607636591
-6.168771782840633e-05 -2.9123096771815125e-05
-0.0009399230498988105 0.0004988331634721622
-0.00021045929600000673 -0.0005020999713990285
2.1254594591170598e-05 -0.001132670340598687
-0.000699009774174433 0.00039266126431785275
0.0002800535360537184 0.0012254060655409913
-0.0006342414656484745 0.00017480996676493766
-0.0008534644016111896 0.00031321792882903096
-0.00017106550406018433 -0.001252809037182208
0.00028952730450425014 0.0002625765095898027
-0.000657590003944669 -0.000866143041734261
-0.00025549609587826466 -0.00014662135261560218
-0.0002763782705053917 -0.0006600413314876039
0.0011897195028822626 0.00013172717681281699
0.0001318710488581971 0.0005481925489498678
0.00042024402947799086 -0.0017501434909838005
-0.0007040967934592883 0.00027528910879887346
-0.00031804113989536713 -0.0005528294029977724
-0.002147416227030894 -0.000524148893892573
-0.0001987106446416632 7.957510708852087e-05
-0.0001641374303321838 -0.0007499896209460526
-0.0003570987242876041 0.0007742212629309178
-0.0006741279160744203 0.0009522955157796521
0.0007225227102090939 -0.00019970839041913557
4.72611595058061e-05 0.0005208289815046936
-0.0015098503831167199 0.000988986789388049
-0.0018883417863723097 0.0009091762276091832
0.0009160271855399995 0.000258618063491022
0.00026127661325516655 -0.0008160352831704705
0.00024686563373370584 -0.00034907739388740614
0.000755441273206128 0.000650216917184715
0.00018701841042283166 0.0007445116320710523
-0.0003341016277352263 -0.00045236260966950335
-0.0002410296684300882 0.0002773698565345843
-1.7582536946150735e-05 -0.0006501282668931425
-0.0009453673016103508 -0.00012551447736163638
0.00032462114415561196 0.0006409834046252021
-0.0002094949738553862 7.025774168814214e-05
-0.00034674720366771134 -5.227398862468636e-05
0.001016120078254947 0.0003606018928918141
0.00013230951107236094 -0.00035245703925362913
-0.0002952741297843616 0.00023467951144559077
-0.0004161064784130149 -0.00021335518033549394
-0.0003896157562281909 7.855407422100626e-05
-2.8877517723888684e-05 0.0001240751488553429
-0.0004641872928476854 -0.0009358420093260983
0.0006564172787389387 -0.0007138125880047772
0.00010146813229690336 0.0004909423296316451
0.00029860430006213736 0.00020840222912449875
-0.00015408283509469074 0.0003820497564081303
0.00044278252922774324 0.0006982664662647848
0.00028152067213919836 5.2737977120704966e-05
-0.00029997599063990356 0.00024238169352790406
-0.00015628414429639414 -0.0003623327777065008
0.0006131252854090678 -0.00021769888827027285
-0.00013070454817112624 0.0003223429452174173
0.0007000376771076139 -0.0010921113284228477
-0.0003421176950822721 0.0008217284182532383
0.0004696363609370111 0.00012597159410893306
9.643514904674487e-05 0.00023181409165518702
-9.812587827306362e-06 0.0008779287268230919
0.000932419767919872 0.0005191709992673925
-0.0005887914748690516 -0.00027708572555754004
6.633464503515999e-05 0.00022704300391571678
0.0003738330431178188 3.7398826106313405e-05
0.0007925204478265593 -0.0008887127720399265
-0.0005344023033467389 0.0001555252915013461
-0.0003832893231813932 -0.0006811453992981136
0.00017056644514885675 1.2478265687089427e-05
0.0006389479282406561 -5.390582201482862e-06
-0.00017821142281849116 -0.0005542964550617815
-8.606673855502151e-05 -0.00041783869609384675
-0.0004906984908596874 -0.0010896988498159336
-0.0007258560400135808 0.00042218740085425244
0.0008308850640523133 -0.0006138443030982367
-9.964811363323183e-05 0.0011288039725199672
0.0004187848180402414 8.315287174560897e-05
0.00040134079623328425 -0.000625094898747226
-3.697262533659163e-05 0.00039531064945721344
-0.0003283807324208561 0.0001963171196262424
0.0005009474826486142 -1.7963729504492215e-05
-0.00024746401428511007 0.0005432806845770428
-5.7912248875913215e-05 -0.00018452414219766354
0.0008225450641532658 -5.393233619284056e-05
0.0008272031658247469 -0.0007032183535166007
-0.000505686041542384 -0.0007591813082200282
0.0004344594489708262 -8.137339800500082e-05
-0.0006191223175811254 0.00012686219008956835
-0.0005319911408271463 0.00016452243854348517
-0.0009271923678364464 -0.0004586740291222539
0.0004763855000978099 -0.0005259946490126781
0.0007613157169315301 1.8670555038868582e-06
-0.00014546771443218443 -0.0006798658419281453
-0.0004141162595612035 0.0003504799692237095
-0.0002551802534004667 0.0005054874906080682
9.707142792061564e-05 0.0007585824632988057
-8.844875388090337e-05 0.00010762567840261631
-3.0014035656427952e-05 0.000161340323789815
-7.239808560899199e-05 -0.0002537542050431015
0.000956981038387582 0.00035835543908158607
-5.5411523073793117e-05 -0.00016065033672675737
0.00042075241454278995 -0.0006107027619736763
-0.00013804342647735207 3.6696887009594866e-05
-0.0005289470516880884 -0.0002625637226715691
0.0001643160787577353 -6.771839854399238e-05
-0.00033566425107678925 -0.0004823876880204934
0.00019871953418665789 -1.670940580670537e-05
0.0007163870388116565 -9.427733628656215e-05
0.0002739261421144841 4.2283636049818e-05
-0.0012433383748921445 0.0007655636937621931
-0.0004640720333037266 -0.00022819690000505226
-0.00037435500424199027 0.0007745016587866379
-0.00014558730511618685 0.0002655750237418114
-0.00036924910725134066 0.00011038983082653337
-0.0007219954731017703 -0.0005642557914317298
-5.466763223611427e-05 0.0008976787008575084
-0.0001429282202149765 0.0004898195069538804
0.0002842673874789382 0.000181003396314704
0.00023563905330864886 0.0004901477401774063
-0.00026490887159093853 0.0004756152957453776
0.0004932684303541505 -0.000686235653363593
-0.00023176134207995467 0.0006987042121259741
-0.0005421878032626828 -0.0005129291021631916
0.0002700002277177198 -0.0004149857806183546
-0.0006670933742009348 -0.0007733525991639837
-0.0004966949044234738 0.00020706755317464218
0.0004480221139658042 -0.0007849726228948324
0.0004438848080669199 -0.0002389289541936643
-0.0006726068059633441 -0.0008069339385578232
0.0009817402183188403 0.0003183521954060234
0.00044286788420795165 0.0005706384730969538
4.567514000929365e-05 0.00017261925061175557
0.0010307695582678104 0.00015673733410264556
0.0003119911769675847 0.0007450662306082148
0.00019662248660773138 0.0003898718710155685
-0.0006323130760249304 -0.0007341457543314978
-0.0006284296375101523 0.00037626924968392836
0.0005036319005388644 2.1402118611425714e-05
0.001189055562934635 5.4514093111150334e-05
-0.0004322363245408524 0.0003902032976137716
-0.0006124836672726432 -6.397204005392821e-05
0.000808461758157489 -0.0008063452653233074
-0.001703953699137057 -3.8037659345919404e-05
-0.0001413918744402798 0.0006898808337925893
0.0009789861425709913 0.0006310413661746941
-0.0008024049584046962 0.0002995297877340094
0.00021518744641635157 0.0010549632035625983
0.0007307286998402497 -0.0005420808002048394
0.00012722444147907845 -0.0002076913074662068
-5.743689171237109e-05 0.00029471730083187385
1.4909863408357548e-05 0.0003084138215750662
-0.0005673762975019377 0.0008430737781287826
-0.0003600783215489043 -0.0007217313158018139
0.0004095665105462008 -0.0007550413529890654
-0.00012626528090212792 -0.0006218294621946746
-0.0008545480503186265 0.000306061433767046
0.0010806327282232259 -0.0001518486214456042
0.0002668479773007537 0.00020125396200802934
2.984711388143657e-05 -0.00019128821230554558
0.0006814044280095861 0.0007494705282645411
-0.0002950250239687242 0.00019316738152369773
0.0012644124160914295 -3.427747441800539e-06
-7.743079840183078e-06 -0.0003565633647104561
0.000748809302469033 -4.1735636503222415e-05
0.0001962928455779475 1.9230467678248356e-05
0.00015788755113965654 0.0009097972124901988
-0.0004459720463040395 0.0006909908117211426
-0.0001519100710211334 -0.0001568654610093307
-0.0003907723880544642 0.0009918842439442875
-0.0006898548789079853 0.00038757797628183056
-0.0004240279517317631 0.000900053371958152
-0.000525061694732532 -0.0002923385999067087
-0.00037706689642464633 0.001192052154764814
0.00032488247514463053 0.0006651581655848672
0.0001238317609884536 -0.0004774648416168473
0.00021433758865447439 0.0002645835659363332
-9.717596290744626e-06 0.0009675770043449638
-0.0007513640052481801 -0.0003536033789045849
0.00019049436718413852 -0.0003466949696445791
0.00020583947146073913 -0.0005155779109768824
0.0010838346148184799 -0.0009480243765483855
-0.0007835979012492827 0.0003987592543104482
0.00048001543254506734 0.0009558794218502048
5.8583000953853985e-05 0.0007683119432157288
-0.0006551548696654813 -0.00010439428933244581
-4.255268048486106e-05 0.000589049503329534
-0.0015174021318261522 -0.00023789518491572426
-0.0012922709377770974 0.0004870747042113289
0.00012998990766340332 -0.0003005358773053493
0.0012165876154658101 -0.0004685623951557807
0.0006074636204064986 0.00031799657788832234
-0.0002188571938462857 -0.0010350381642482297
0.00036363110880533665 1.805445764929014e-05
0.0002711272467969008 -0.0006916981045757678
-0.00017851768699101873 -4.8707683892537497e-05
-0.000337568887109091 3.4872518631011497e-05
-0.0009118449252742394 -0.0006762123887625199
0.001464702821437956 -0.00022957847320613354
-0.00014433764181214837 0.0003674119251495593
-0.0007712967806327789 -9.358800370764126e-05
0.0003983313622549701 -0.00020967875528499276
0.0006214534704170951 -0.0006193953977948866
1.2672359762558748e-05 5.670461627067939e-06
-0.0005503660612549263 0.000532868682546286
-0.00020374147320916037 0.0002685555275181167
-0.0008483846985087134 -0.0008569093834185574
-6.097803827623488e-05 0.00021108128994753086
0.0006120196040809399 0.0009730848619849003
0.00012073271428548495 0.0005256398694977525
-0.00020147167476909246 -0.0004251794754748895
-0.0002681561277990009 -3.1233014296749385e-06
-0.0005210380865398285 0.00043671805497742355
0.0007850875649937646 -0.0004111070408315444
0.00024611323398181754 0.00037803662332172854
0.00016438587480418126 0.0007850264418395526
-0.00017371560650936916 6.756386848769984e-05
-0.0011467646397635813 -0.000769304686634638
-0.00043628105041941014 0.000417634830121474
-2.983474204474565e-05 -0.0004218389196505635
0.0004541629596621492 -8.960915948347566e-05
0.0005026485979152771 9.053105384570374e-05
-0.0006759592136740742 -0.0003176809951119769
-0.0014505129570597985 5.719882074073846e-05
0.00022009896367380883 -0.0001455730197811338
-0.00044775403650822084 -0.0004787125988910625
0.00017856833656417195 -0.001075244574152859
0.00010617762473278397 0.00015182145450181925
0.00015873495027791325 0.0008687062923439245
