3.766142547909501e-05 3.911856740861872e-05
5.234110325519146e-05 -4.324809180918094e-07
0.010219033835038579 0.019267846282945363
0.0003250666170164622 -0.0009642222520785304
0.00015773075253945466 0.00013782086536798455
0.000540799408052609 0.0002836022493638546
0.0003615703034702376 -0.0005496322483754643
0.00039900292641854835 0.000308727563500468
0.0011542590348433885 0.0005889665680984944
0.00048400494548481805 0.00010513686024353909
0.000671747096044213 -0.0008986359829327515
0.00012342093970015757 6.445460245609723e-05
0.0003537801925509561 0.0008153691026899668
0.000771933378664264 -0.0006538653762466173
-0.00015366992319383268 -0.0009188252686761109
0.00045165570142207935 -0.00018060847652107728
0.00034033877645951233 0.001027515220759589
-0.000490360289992927 -0.0004882780532328196
-3.342652973410892e-05 0.00035791598164138845
-6.696685241047351e-05 -0.0005135603773163973
0.0008644718141699704 9.158763612905196e-05
0.0013715859504475102 0.00031647939505896405
-0.00027616266671912917 -0.00027480747360315004
-0.000469797483562537 0.0006442071442475368
-0.0009351362151536672 -0.0025024558606415712
-9.919605395339712e-06 0.0001534508806113815
-0.001317664599764449 -0.00042473551269212273
0.00044712498154941897 0.0004127689950584772
-0.00017083495134531928 0.0006671521881249268
-0.0002557038073854876 0.0008239672971456125
0.0005613066502456849 0.0004946863472563257
-0.0003823999923717464 0.0004634060093903829
0.0005117246722892646 -0.00013954257184738323
0.000951643380075076 -0.0006700833998012125
-0.0012248676917301785 -0.00031740399840198854
-0.00017651816276605415 -0.0005828504690074922
0.0009151502201345841 -0.0004821379236255513
-0.0006484630964514062 -0.0001866005200022495
-0.0005617113782356036 0.000727909468443843
0.0010849743415751708 0.0012976591077083148
-4.515524399849056e-05 1.1435190498654293e-05
-0.0007955389697102853 0.0003218980781456671
-0.00032201955897450985 -0.00016138836472761762
-0.00070088567503709 -0.0011700517232486475
0.0003951744186169203 -0.00015850835854210033
0.0001282274630537921 0.0006705541926519726
0.0005606746114969715 -0.00011889710010510771
-0.00018480310844635008 -0.00020577445362225585
0.0006819133713918948 -0.001165031022968545
-1.921570020610236e-05 -0.0010243429163723178
0.0003603376124535528 0.00013677341801875974
-0.00045745179326606725 1.647605791316449e-05
-7.347409088427798e-05 0.0011006526896495976
-0.0010152274744569152 -9.960605661752928e-05
-0.0001530319105249037 0.0001075773058839103
0.00037701270741417225 0.0009392940667722583
-0.00014417785793747372 -0.0008763924205184908
-0.0004395241455352532 -0.0006334974446759633
-0.000596516068078176 0.0008724667199625084
0.0005258545034778913 -7.846819275524737e-05
0.001391178182597071 -0.0011692809053660816
0.0003234198991446454 -0.0013417408155219795
-9.37706968077249e-05 -6.536726505883665e-05
0.0009603168221848837 0.00023303197672439987
0.0005293689931531166 -0.0010652437398970458
0.001011126924426621 -0.0009332561851675379
-0.0009188789592061877 -0.0006320887769047683
-0.00024713404172696697 0.0002798600787189229
-0.0001411867961605492 -0.0011402431541475068
0.00032973778651110806 -0.0017376786711908233
-0.0003431465303939501 0.0007813583256689285
-0.0008969653842803819 0.00030569531647805907
-0.000288911528415235 -0.00024388862554521631
-0.0004718206957735897 0.0010426948402454414
0.001203686826282752 0.0008272413475684153
-0.0012021433664343832 0.0010915367933026364
-0.0009135446306584876 0.0004003716912413377
0.000861426372738 0.0008115783699233012
-0.0010642688807020958 -0.0003202856084261985
-7.804318811389524e-05 0.0006918118733533149
0.0002104356847135818 0.000288856395360826
0.0007491258755013306 -0.0012419052718208462
-0.00046700158212583493 0.0005180058268161601
0.0018751672871478503 0.0007439928346120899
-0.0015196855400848065 0.0002792412828346998
0.0014641850332733537 0.00017797313181908115
0.0006544272352154752 0.0012881951294301847
2.352340696517544e-05 0.0009476615891676743
0.0003589314447642165 -0.00019772402005695542
0.0010191722835742817 0.00032946431648369685
0.0005821185326877532 -0.0004086750634715297
0.0003873495783214855 0.0009331179579267015
-0.0013177157065393322 0.001403172439021356
-0.0008124032588309382 -0.0007157396965977946
0.0005055726024198119 -0.00044903340293610364
-0.001298201105829336 -0.0004973298908130918
-0.00027971859766543844 0.00021436361182665517
0.000422318226710668 4.8321738827513384e-05
-0.0003805898991521064 -0.0005717563884197534
-0.0008660958873261988 -0.0007141633989236387
-0.0007244181829687134 -0.0007579651788596806
-0.0007469981201337216 -0.000750317964702997
-0.00020269213634222273 0.00024967456803259353
-8.62152705158352e-05 0.0010933466031248398
-0.0007117484276057252 -2.1620781891750926e-05
0.00010971946161140224 -0.0003551342895011487
-2.209401434676742e-05 0.0006405710001888075
-0.0007995152810275197 0.0007737798517459675
-6.422362549894357e-05 0.0002949563906760711
0.00044456744374916603 -0.0004465776307697347
-0.0006944232558235785 0.00012924121541819152
0.0005407653428847913 -0.00044119120980613716
-0.0005523506683889232 -0.0007128906294034076
0.00019381381389581184 0.000539937629748473
-0.00011304244474012223 7.981595251814415e-05
-0.0005867055808423204 -0.0006392734157009015
0.00024606432145926605 0.0004603653996216752
-0.00022582748790695229 0.00040742455056755567
-0.000698610438866906 -0.00031614751614926213
0.00016072188383578167 -0.00039231527944276717
0.000274540457517388 0.0005652628462175311
-0.0003878884141665437 0.0003763567608054007
-0.000572380820422221 -0.0002056591997888301
-0.000998219314442172 -0.0009406815551565963
-5.5356524765136743e-05 0.0003308763711765241
-6.963720026312031e-05 0.0010587671732264952
-0.0007291123779106527 -0.0008799161496860166
-3.671770030234017e-05 -0.0004366264953714191
-0.0008833550558559108 0.0008715001115638119
-0.0002883720688362294 0.0002352756108241749
-0.0009379801608209357 -0.0003196916312318821
0.0005123708424030873 0.000772384821518377
8.946812776521107e-05 -0.00031287840765290974
-0.0005041756660792268 -0.0005310436378922194
0.0003162118920519455 -6.886580431006115e-05
5.4046576186475136e-05 0.0005033315019361213
0.0012349536252963954 0.0006663712314168612
0.0007982099743745602 0.0006354667815430263
0.0002373218112851545 -0.0002420588942304958
0.0007661461158526753 0.0008512221740851586
-0.00030088304008840807 0.0012840677906487063
-0.0011717308613765753 0.00022549513032955418
0.0004551964367564389 0.0008741332880332176
-0.0005936486266715389 0.0003218773603514115
9.464822128570362e-05 -0.0005529855078474836
0.0005073656913280692 0.0005370725611776244
0.001206869576682035 -0.0002427642745699292
0.00026678918312034015 -0.0003510264649040315
-0.00058113226323917 0.0005607271338933658
0.0005724963475273704 -0.0005331255964983511
-0.0002414700570764114 -0.0005692279991192017
6.394670031811589e-05 -0.00031500645095618857
-0.00042341221645951537 -0.0004225198003154965
0.0014200979542580926 -0.0005319162441923295
0.0006495320992748617 -0.0001727797447879868
0.00043127769890189424 -0.0001911212181807672
0.0011018229374868732 0.0005392177240254503
0.00016307455979758096 0.00023325464167570304
0.0009601564656579657 0.00024957894553040357
0.00025106885817471745 -0.0004921445962734949
-0.00020518181339190607 7.434206424460177e-05
-0.0009078277292471358 0.0006672859318856163
-0.0007489991106944243 0.00023310465388185522
-0.0003634796564944822 -0.0013018858332989871
0.0005240183701344895 -0.00011410639257741079
0.000795448578340378 0.0008285187452453578
-0.0007677912195125163 0.0008069808747954726
-0.000447508433107121 0.00029891170484085567
-0.00021733569555817443 -0.000576596349068755
-7.279539973423371e-05 2.1341081363372157e-05
-0.0007582520784469588 0.0010726109325358035
-0.0003301442423560533 -0.00036458560367954234
0.0004536475823889371 0.0006833662635157485
-0.00028759163542805264 0.0004610499802917664
-4.863439237637829e-05 0.0002764337876189079
-0.0003162146168107795 0.00016729236342858484
0.00028390560116584886 9.657648638096813e-05
-8.346650783586992e-05 0.00027562335081639824
0.0003905521424129409 0.0010986928810645853
0.0003998885778507995 0.00012987910521850536
-0.0007874692065606163 8.65418052487245e-05
-0.00047651099096656117 0.000415773230279601
0.0002044872655825545 -0.0007213490208324427
0.0002658095832259171 -0.00092843032927248
0.00037613465843103433 0.0005114336233447186
-0.00038274175961813237 -9.05403194241236e-05
-0.0005174435776646038 -0.0014235035891480502
0.0011574757179719072 -0.0008533635139581289
-0.0003668260538076386 -0.0008561666136518317
-0.00023908014839879718 0.0002412140082352523
-0.0003971613963926451 -3.999671018154937e-05
0.0001652350267199879 -0.00044304314252663807
0.0002832180068286859 -0.0012245229103260992
0.00037351700649986344 1.6420212451183167e-05
0.00018431273790656046 -0.0007862917091111959
-0.001217715017674473 -0.00027943739521535865
-0.00038470287725547047 -0.00070632709529606
0.0001331638400825902 0.0001350244462868684
0.0015216415624612124 -4.312797983276652e-05
-0.0008560347068237292 -5.988337700036893e-05
1.405121059789396e-05 0.00088693700233642
-0.0003542796472021874 -0.00037049499112479304
0.0003436330740593969 -8.822957178914416e-05
-0.00024278636440025895 0.00042838397392719845
-9.646710029363692e-05 0.00022098985674250132
-0.0005867904412298855 0.000257871799585147
0.0006937300989581154 -8.380784562179503e-05
0.00041918276056728205 8.532233584258632e-05
-0.00034841070949619265 -0.000977161530339035
0.0004442730149321358 -0.0005147243312087201
0.0006870294493093342 -0.00042695795441036264
-0.00021434441660860316 0.0004997160053048294
0.0009024585798044409 0.00040053676533836
0.0005129912144573052 0.0006510008260186153
-0.0009861904186574146 -0.00018363651513082834
0.00029139040385863765 -0.00011011561137089133
-0.0007369280176372552 -0.0007438516423623272
-0.0005662801620316022 -3.5755461239275335e-05
0.0006784836322381812 0.00020760013980951794
0.0003174370149725637 0.0003761447511576035
-0.00044371577128837373 0.0006921589371348363
0.00019862334630002055 -0.00022930601822961953
-6.764793411316396e-05 -0.0006092703253099076
0.000521641241917477 0.0006045745512343511
2.0062411743113666e-05 0.0005217505431514986
-0.0003439504141937256 -0.0002464984344534562
0.0005309936721688118 -0.0006270186767491933
0.00035098854910769366 0.0002930826659622318
0.000681573040848257 1.8488444076014893e-05
0.0002263985906842194 0.0001922719498019398
0.0005291775594445414 -2.616954512562736e-05
-0.0011299473058497067 -0.0002954665488546357
-0.0004793356385451938 0.00022619863736548915
-0.0003845628677735814 -0.000556836086053854
0.0006137923724354496 -0.0006521098692169897
-0.0010643792667231866 0.00012008946075829292
0.0010818413978883337 0.0002803213866961609
-0.0013613392582561988 0.00016342496186872262
0.00018777869746632947 -0.00041238749751795056
-0.0005199961509157935 -0.0006903139890727532
0.0011276868245201296 -0.0005863269806742512
0.0005291623445837038 -0.00094017501124981
0.0004376958097193429 -0.00029922880167201985
0.00038413678095729697 -0.0009588981108634975
-0.0004401756585190527 5.662658283662521e-05
-0.00021815074323139544 1.92146440058588e-05
-0.0002448799473780642 -6.29805347909265e-06
-0.00020984630347774112 0.0006573299491841583
0.0004052799350545389 0.0005678114093292028
0.00023102096445812336 -0.0005848943840916987
0.0007512184154018371 -0.000536746529293883
-0.0005602785266568787 -0.00022169407711138733
-0.0006368644359830473 -0.00019073223883836948
0.0011876855365657597 -0.00048321141170560645
-0.00040133779733051366 0.00035042314800261384
8.857064109517491e-05 -0.0003379693222686137
-1.189320035133389e-05 0.0002495502935016855
-0.0008361709913238283 -0.0002757376498506756
-0.00029023992496066397 -0.0012493292555070727
0.00045291401076504435 -0.00018077636990823106
-0.00021044662314812098 0.00018422055027595604
-0.0003678604378906577 0.0001245777508394064
0.00013812112702125213 0.00020506100430237024
-0.00020640561361235995 -0.00043311713610256304
-0.0010651475024815243 -0.0012067921457300285
0.0006272191679257966 -0.0007058710553604169
0.00024131288059658663 4.207053522096781e-05
0.0007380890248232047 -0.00021530630969683365
-0.0004631388088958906 -2.383418677302159e-05
0.00041648421829135543 0.00011440697092897488
0.00033686042988798954 0.00020418093862534638
0.00032621980620041143 0.00011077490928923304
0.00010059534760582926 0.00025537053961384427
6.680965309820108e-05 0.0007578079567822635
0.00012491361527798252 -4.13040139811209e-05
0.0004830225518388305 -0.000563745743322799
0.0001205904814499008 0.0003586147550382447
-0.0001641891361075328 -0.00020538516416755944
2.5876285648050604e-05 -0.0004918659167224503
0.00043920163321178017 0.0008320451545503392
0.00028614913549355434 0.0005172386213441798
-0.00043136572039342424 0.00037631803922938585
0.0003319525627013229 -0.0005892177715367413
0.0010437294995973797 1.6198930464076623e-05
-0.00037782660933590476 -0.0005847338236742185
-6.861966436506816e-06 0.000212650789933451
-0.0005444025001670111 0.000330148589410579
0.0001306257985316983 0.00024405469343203508
0.00019555861079385535 -0.0006518364351425569
0.00010325001817374525 2.1658908524141313e-05
-0.0009266852323872792 -0.0004130754848621435
-0.00014177207044664626 -0.00020554613572351684
0.0009795373565533588 0.0006817160459988642
9.792661253862228e-05 -0.00045173817780767085
-0.00045380336890374703 0.0002511006106796446
0.00011276425667643867 0.00043000181114713254
-0.0006825347381182726 0.0003347120558012309
0.0008038533183111012 -5.674340009929305e-05
0.0003988885182290197 -0.001178428955773677
-0.00015051598199752406 -0.0008412628923942536
0.00020181731641473138 5.408624007375324e-05
0.00010851604211058199 -0.0005355871208725572
-0.00043230193541194057 -0.0006725641620333202
