4.47998429819616e-05 1.9871947431911482e-05
3.3618066254130914e-05 4.164894661110072e-05
0.015521347347106524 0.01240418352556192
0.0004285826943997296 -0.0005312841904980458
-0.00037456461233354734 -0.0011710183919516489
-0.0015305198990288526 -0.00018547084772775426
0.00012778962357575815 0.0005775887650831429
-0.00019191165790951697 0.0006591456978159877
-0.0002611453463210906 0.0004053588803955384
0.0009141270882393362 0.0007718473618494404
0.00030956464355140224 0.0002742829191294798
0.0006458830353934986 -0.000677744220670714
-0.0005861817526642904 0.0002606697296203102
0.0005797052595921667 -0.0009492760142727509
0.0011410533873640468 -0.0003106209567433964
0.0009261469718855474 -0.00029710435640601876
-0.0006594806172512064 -0.0007231446389463926
-0.0007521554756988501 -5.7066448699218784e-05
-0.0009175896057873911 0.000705947545952367
-0.00030767052294129857 -0.00047384654392962133
-0.00025142251610518323 -0.00062328958396043
-0.00012494938683868127 5.854431329393134e-05
-0.0007527562282357045 -0.0005350224624442666
2.4133603668248846e-05 0.0004932546278730946
-0.0011569695297177108 -0.00015434500594312608
0.0009362775713686316 -0.0010116699810688383
0.00033119948966220484 0.0008498860560932756
-0.0004322389052736971 0.0006079354813744014
0.0004369993764251709 0.0008165502929356491
0.0006668992176500156 -0.00011624581978456264
-0.00033291793591220175 -8.862335132096504e-05
0.0002429003984818865 -0.0002839850287499515
-0.00024194260055674017 -7.021933228070412e-05
0.0007190593196233998 0.0004929834795688637
-0.0007720476409260167 0.00037974381222822016
0.0006963122692357198 0.001043743178089041
-1.5629582221124193e-05 0.0011624686160606789
-0.0012077321079762174 0.00032725253259971844
-0.0003506112950940291 -0.0007806522555321696
-0.00033510264986791105 -0.0010125153557580522
-0.0006385608382597404 0.0001495806257838834
0.0012333112744873284 -0.0007441998136086078
-0.0002730411983212643 0.0012322914993684198
-0.0002958811869936941 -0.0004413917977544288
-0.000870325305913711 4.299133771959104e-05
0.0006367385910151169 0.000560794171933948
-0.0019845128125974302 9.335626791447251e-05
-3.8215218830328145e-05 0.0009651819656321581
-0.0011290983532132543 -0.0009136693120794343
-0.0002712255879210885 0.0004154995365988316
-0.0005324534103681544 -0.0004417862748352821
-0.0011316962495542733 0.0003418059765691277
-8.142540939016967e-05 -0.0010528437530463054
-0.0005609460101455872 -0.00023742079165916014
-0.00030420518975591713 -8.386936894447514e-05
-1.003225451842423e-05 -0.0005999613728759293
-5.513983900958457e-05 -0.0011070153648507451
0.00032791962222965 0.0014984125951778328
0.0007953408037706037 -0.0005349757225926629
-0.0004575167628122433 0.0003195020074030872
-4.965182916094801e-05 0.0007624832184767242
-0.0009672755978262091 0.0006137031923240268
0.0008667386400837229 0.000709612293607482
-0.00025312285134819517 0.0014177350768254475
0.0008871755331381565 -0.00013505035048241558
0.0006779185042493712 0.0001604879686787403
0.0007599538138878243 0.0009378730416841797
-0.0005955707105941177 0.0011263634138150712
0.0016747383779313195 0.0008830649881542043
0.0013875421697462694 -0.0006027892179307928
0.00030869145498679264 -0.0003076501238446163
-0.000399486270939126 -0.00024367406388420672
0.0005335294741979525 -0.00020102839813695975
-0.0006482992533023145 0.0008797070515078294
0.0006949422643579789 0.0015792901811194603
0.0006877249275955083 -2.531778675503683e-05
-0.00027698063354206426 -6.815310442086065e-05
0.00019207183058540897 0.0014971598872823369
0.00031819553301763736 -0.0003532392942670895
0.0007861551921255999 -0.001285902073694006
0.00036661833050581356 -0.0005690659105256798
-0.0008506381718445914 0.00021163677402359816
-0.0004636648463310729 0.0005975271371623799
0.0011728175202015828 -0.0009400933716984125
-3.0419377639569204e-05 -0.0012171221374143223
0.0002897822831643675 0.0012649034591956595
-0.000609439168795283 -0.00023515513168988986
0.00039585219390275147 -6.537547285298682e-05
-0.0012350318334257075 -0.0003166479556580803
-0.0007925557757046233 -0.0006575793105215371
-0.0007053846255877142 0.00017546590896018235
0.0002775888989685264 -0.000686930966336386
-0.0008539495215193743 -0.00042972760544868183
6.963682708474791e-05 -2.950916376608862e-05
-0.00010384054076301969 -0.0016470951348365698
0.00029863266703533556 0.0004012638801885065
-0.0003961237340389613 0.0003333782106519334
-0.0008872677530170736 7.502482869668647e-05
0.0008767111514887029 0.00015214730353155497
0.0012056487112727262 -0.0002588514996961645
0.0002306432817822951 0.000822600139059186
-0.0007577792619012624 -0.0005016820140793434
0.00021183364225022618 0.00017939224518157812
-0.0004331646339061078 6.628546737097876e-05
-0.000498572711859946 -0.0004805447385967492
-0.0007976404385603474 -0.00024482268279740673
-0.0006618409216436163 0.00036661530368221944
0.00039973919096510904 0.0006840676444178854
-0.0008446240207043129 0.0006838531341224772
-0.0010207473437805136 -0.000258175158536489
5.739626377272673e-05 0.00024565829202551206
0.0007511940732666538 0.0004799283297634582
-0.00033798096595039615 -9.525850116659558e-05
-0.0011423108819027291 -0.0006732969613798944
0.0003695194780270077 0.0007040545350920226
-8.533101292317498e-05 -0.00031736708335280663
-6.445940178547331e-05 0.00013642443410276473
-0.00023441721222521264 0.0005900840779091616
-0.00045765036037341675 3.1177639603900233e-06
0.0011052837359338626 0.0003729614483572714
0.0002445643346578172 -0.00011203648967597491
0.0007249759905980865 -0.0008266586426875724
0.00024749942917098384 1.283132994633325e-06
0.00010458048878042337 0.000980313005466557
0.00017184767559001458 0.0005930914910576946
-0.0006601436370371546 -0.00019871525615723512
-0.0003763509194370002 0.00029806523604624947
0.0004219798641447852 -0.00031931794804078515
-0.0003769760634646166 -0.0010331476291119534
-0.00032009157557551937 0.00022141777414639083
0.0005364329198564241 -6.353687840275583e-06
0.0005370045684075163 -0.00018879644112752028
0.0004976673820894788 0.0004942119250958972
0.0003687969238240423 0.0002882044601151708
0.00034843170841421234 0.0006026820519886164
-2.0615849344944428e-05 -0.0003474969696071418
0.0007233829005284915 -3.38942888545345e-05
-0.0007872018794566876 0.00038059915956478816
0.00034468948658837123 0.0008074298257918487
8.689954838488988e-05 0.0009504817481822994
8.781742376960945e-06 -0.0004443842790210717
0.00011031414860100622 -0.0005531016763192239
0.001186459214989929 -2.6826169538867883e-05
0.0007688873842363995 -2.3779667825537134e-06
0.0002833209059804661 0.0005127187655762255
-0.0013421192058165597 6.299174821232823e-06
-0.000210353889414133 -0.0006795045944178537
0.0004068404796056624 -0.00028506103470457296
-0.0006018580128821995 0.0009573778652993642
-0.00041052760963382253 0.0009615777020809443
-9.521988729941475e-05 0.0003973061471056638
0.0004142581395911881 0.000627419431330681
0.0017834419154607874 0.00011400569994450657
-4.9455142873007784e-05 -0.0006304725548346214
0.00039902650172495474 0.00029819879969869545
0.00021085048656501048 0.00039842205975589365
-0.00048420760638137605 0.00036821451795163575
-0.0003328726892842733 -0.00037708697442859164
0.0008720025483558129 -4.294840680808936e-05
9.234655558099857e-05 2.4000149079072397e-05
0.0003732506095155465 0.0007085229077199468
0.0006368981586047664 0.0008764328509287308
0.00041964019569618353 0.0015274085844231126
0.0007191119309285284 0.0009418511344495454
0.0006571237521213818 0.0005578407348402086
0.00034516836195948585 0.00039458306478945397
-0.00022169689509662452 -8.16182223019918e-05
0.0006316199311527008 0.0010747219761688123
-0.0003859619195430765 -0.0009067368038470578
-0.00028274610551858384 -1.2657778561858129e-05
-0.00019317392098022672 9.712320757839783e-05
-0.00033056519921972915 -0.000653607767759041
0.00044426890696722625 -0.00016449124558539464
0.0005238564450481917 0.00015576154060657015
0.0003237015206199293 0.00017974695894657473
0.00012711350290495966 -0.0011022800087089506
-7.843075523401882e-05 -8.599976026758017e-05
-0.0002478655041455782 0.00022164210643105148
-6.691491364823986e-06 -0.0011816525309419064
0.0003505039141738337 -0.00033224256590568934
-0.00039844913587131425 -2.1545757527762972e-05
0.000424967621335314 0.0006060914486556081
-0.0007947874999732974 -0.0009675533776670529
-0.0003041325867892643 -0.00029461385815302834
-0.00013241203500840868 0.0002977542892799396
0.00012517263667989652 0.00048466251007274523
9.992019183202536e-06 -0.0010119624048803408
-0.00014249395616151896 0.0009149027028354618
-0.00025812606865054414 0.0006014375018053366
-2.4913501816716683e-05 -0.0005314019852683844
0.00045361811953608777 0.00026462547945044717
-0.0006913098205576927 -0.0011479713562475172
0.00016006785696874118 0.0006124862922536393
-2.640418082491276e-05 -2.687912009397787e-05
-2.247739692815599e-05 -0.00021028692046646286
0.0009750280208894948 0.0007323585358315711
-0.00019237633835962213 -0.0005011014849485592
-0.00013730743795229824 -7.884783487875353e-05
-0.0001722530059189924 1.3202548574524976e-05
0.0001397431212159958 0.0004020055480092594
-0.0005723533224084699 0.0001574334070895575
-0.0006052203733670744 0.00021341189027909293
-0.000540907260242717 0.00023481446180325085
-0.0005286145714515651 0.0013317285512834533
9.485854221236141e-05 -0.00046608371943785353
-7.351706158824326e-05 -0.001336168852591399
0.00037718164460318716 -0.0004498106992249979
-3.4407387018427706e-05 -0.00035981135480563737
0.0003695038567950985 -0.000422668665855378
0.0006235174677003686 0.00022249299642849654
-0.000400929388798121 0.0004680559149773452
-0.0011160645887342965 -0.00024669780840288005
5.804916446584942e-05 -0.0007433844081484945
-0.0003621637505408467 0.0003478216581905844
0.0001910184611616009 0.00015364000504871906
-0.0005775281706465042 0.0010355139735983684
-0.0007821897591754241 7.570865986528224e-05
-4.3277992299276994e-05 0.001116733819343628
0.0005211885891579533 0.0003850777209911925
-0.00028852441506237853 0.0006179734021940506
0.0002607743800164263 -0.0007425721789755476
0.0005599295453707349 0.0006003331857709689
-0.00013331250465999106 0.00031131285429917963
0.00040541924815321083 0.0002898256783720261
-0.0005214577848075819 0.0002601294408683358
0.0001278009659485895 -0.0008110205489643925
6.46015146686174e-06 0.00021709266974973302
-0.00017799900776757432 0.00042731703316679844
0.0006014212613891666 -9.486469290493008e-05
-0.0005654923827748586 -0.00042886256715952384
-0.00044387256889347974 -2.1547692843323517e-05
0.00014780127610284564 0.0007152493725523648
-0.0005011405657299096 0.0002476185932014476
0.00011716257304110964 -0.00010490635933861846
-0.00012765221632313564 0.00023305641003291418
-0.00015277069600885528 0.0012967581208909395
0.0010986509271475487 -0.0006121197794816799
-0.0011674753500653457 0.000833444619375261
0.00045006922614434933 0.00022602146903571353
-0.000492841905169672 -0.00038445825963998156
-8.914101780144946e-05 -9.862407884334701e-05
-2.978497470340235e-05 0.0007590071375562684
-6.42631098587662e-05 -0.0002664973915510091
0.00020478920668690021 -0.00031421679874608243
-0.00035035273859570224 -0.0001529215819337418
0.00019619685669398386 -0.00024279745691222187
0.0004555854404763512 -1.9695212003074025e-05
-1.1974333206040441e-05 2.638545938040559e-05
0.00020348426448148937 -4.086390390442261e-05
-0.0004692768936971719 0.000556425994660219
-0.00042894051424072693 -0.0007257779837037286
-0.00013625405104671692 -3.40562752769692e-05
0.0006951448856212059 -0.0006336179384832243
-0.0008992077181052372 -0.0008856962499245528
0.0003058851812565633 -0.00011766860680291671
-0.0002219573083443201 -0.0006165498978805646
0.0007167466560601105 -0.0002988344859963055
0.0002493371273160204 0.0001256066967702627
-0.0005829239251037402 -0.0008363083637071937
-0.0009343918247612513 0.00048357274303868606
9.553897451733864e-05 -0.00018199998559145547
0.0003116417102994864 0.0004967186697701844
-2.0886025106217496e-05 -0.00032566663246550294
0.0005825788184079339 0.000369358204740965
-0.000508801265405041 -0.0005260449157913485
0.0004471613083002016 0.00012453394336063496
0.0003690179335239123 0.0006036055841624728
-0.0010991103391868816 0.0005135119380465175
-0.00024484329224834376 -0.000461335669380579
0.00041199520517591225 0.0008733108569999845
-4.933188436825765e-05 0.0007263190371837199
0.0009653699857846789 0.0004254612606566816
-0.000599377429499977 -0.00035218348031299207
0.00041392758326884807 0.0005443725844392707
0.00014072435368338662 0.0007239893609638586
-0.0007564420851734694 -0.0002952131855439096
0.0010969279140855106 -0.0014106407718621234
0.0007218103510362957 0.0007431714976673024
0.0008143243214376197 0.0006499771802041906
-0.0005177851908764568 0.00031944784887483316
0.0006832466700728237 -0.00042295817408165623
-0.00045886642565825397 0.0007365770795227186
0.0004492973928778929 -0.0004099676202648419
-0.00040249770543691904 -8.219011047048359e-05
0.00029331841720071184 -0.000584300346835631
-0.001313588701380567 0.001008949482740231
0.00014056044733013802 -0.0003868960543611653
-0.0004555415994284444 -0.0009838282749963833
0.0001719566260547134 5.5767569292785456e-05
0.0003021893480517922 -0.0002562775697144942
-3.448071669226362e-05 -4.383337382925317e-05
0.0008977205248907037 -0.0006844842225068607
0.00027893249398170127 0.0011689951687636154
-0.000506895995586221 -0.0002413832387052172
-0.00011497849651955595 -0.0001803372109394358
0.0009415073384223508 -0.0002570562163124553
-0.0007149256721034964 -0.000761316305425284
-0.0002000489021781217 -0.00019000830108882697
-0.0006734826255807822 -0.00025898825075388525
0.00033565231938471695 0.00045026979526845986
-0.0005454302945820009 -0.00032834458830656346
-0.00037728959154370795 -0.0007127324180379893
-0.0006017841170541612 6.881446891887974e-05
