4.446518653739083e-05 2.567941412460779e-05
4.193395357713384e-05 2.142992980572398e-05
0.020888505972311972 0.026109314269995278
-0.00012717452579584566 0.0003430102669882391
0.0004886346001541258 -0.00018454074387637664
-0.0005894611131010211 -0.0008444644685961195
0.0007735597945107897 0.0005887813431792304
-5.00514795021249e-05 0.0013712455655913978
0.000264839495924449 0.0005976602854279704
-0.00039189715903527827 0.0014842000023732465
4.7203676560500307e-05 0.0005615514701362348
0.0009839182052514292 2.1979831066225428e-05
-0.00029146474699696083 -0.00026899841912684207
-0.0010548259443620967 0.0008364965555454435
-0.0003927191662383049 -0.0021399698812954748
-0.0005432470176746899 0.0004078181843603949
0.0002593839208986072 -0.00014539201624977138
-8.66680530682267e-05 0.0004423108272278798
0.0010729004536121024 0.000528082821992666
0.00035425837161708615 0.0002912167831570856
0.00039061813052601466 -8.534867315309241e-05
0.0005264033951544858 0.00011212563428795193
-0.00016476734379539568 0.0012659440126674393
0.0002515322029038839 -0.0005904043311577107
-0.0007546413837627667 0.0006538767433421993
0.00031360790441755304 -0.0001236496811767579
0.0005048386840379519 -0.00022270720946757568
0.0003784857781773391 -0.0004087234586902976
-0.0005621982698005745 -0.0004727402117577077
0.0007463872692360334 -0.0003319058668604669
9.101500127009087e-05 -0.0007028865759030551
-0.0004549540456747804 -0.0004149545784652695
-0.00015158191931737342 0.0007822693150024652
0.0008824719995690392 -0.0005798682031325675
-0.00138173546792326 0.0011449393725896
-0.0009664582480391864 -0.0006486442722410418
-0.0001533138383282839 -0.00022903742433246144
0.00013848605449723033 -8.255424050130867e-05
-0.0009427202075193274 9.038631102197795e-05
-0.0005640816674443935 0.0008749909286391304
-0.0002375103532783186 -0.0013299380205239564
-0.00044821435234658014 -0.00014234986473055737
7.066546802962111e-05 5.650572160582485e-05
-7.952672324607347e-05 0.0005531347406612863
-0.00022828378894909903 0.00031905553637629126
-0.0010792530882075336 0.0005726314170812646
0.00040355956867960493 0.002160646950617756
0.0010537106658743052 -0.00022833156205168944
-0.0009786924464992338 0.0008681077329919169
0.0005350435217233403 0.0009024065187331033
6.128253624973254e-05 -0.0006870441401441593
-0.0005070256690493447 0.0002516325110292719
-0.0002755402188999082 0.000607282666335783
0.0004431003699487452 -0.0013030079406631655
0.00038708270518611406 8.913210877869185e-05
-0.0001276949714127085 -0.0010334486621926798
-5.2782130372402724e-05 0.0014053970443153039
2.9119304077779527e-05 0.00039556125786600866
-8.029844217773149e-05 -0.0006906030624783886
0.0014929906879709149 0.0008078045108405725
1.8442166325579737e-05 9.588322551465855e-05
-0.0012722457690655937 -7.00006972062683e-06
-0.0004630634332101355 8.108337179857944e-05
0.0007777070996514519 0.0002381689540421059
0.00020761002496506352 -0.0016637345434620699
8.001419402306616e-05 0.0002677205446682864
-6.625560824697087e-05 0.0016320481559340618
0.0010241883178126836 0.00088045956392307
-0.0006888759770090345 -0.0015153376688071382
-0.00014071960548135844 -0.0012223163828648466
0.001244886719027969 -0.0008428956112986602
0.00040035451518881734 0.0016768456192970602
-0.00031390939145282466 -0.0018588956337412229
-4.367503586864824e-05 -0.00010613096452433178
-0.0002702645008119614 -0.0002488770341097217
-0.001176327164108197 -0.0006244864495075446
-0.000932395879877719 -0.0005172602073638129
-0.0001231354150739348 -0.0001749688058024801
-0.00017165707207063475 -0.0002657746757074508
-0.0010850810810639692 -3.7737233833920686e-05
-0.000928164504144092 6.343903658062766e-05
0.000643256968989779 0.00035035009154802
-0.00042988489427704413 0.00033748691542793253
-0.0010941103634524371 -0.0010031038768073517
-0.0005072361245651861 -0.00029901192262447266
9.876484931657993e-05 -0.00014270729012987458
-0.0010781943562725642 0.0003215088484560885
-0.0009631806836917785 -0.0004607784010097282
-9.940883038215921e-05 -0.000437506454393379
0.0008278963785453772 0.0002418410167219697
-0.00045387011157139003 0.001375908492848546
-0.0007007899501583303 0.0006542865609545779
0.00010978809102549251 -0.00011394380597675288
3.8764049497806316e-05 0.0001895954505276478
0.0009343541149310216 -0.0005461403252952548
0.0009341344983593984 0.00034929595332699613
-0.0001187761496568362 -4.4606556717394975e-05
0.00013876316103265742 -0.0006824212657428637
-0.0009345901091195492 0.00018989120467870148
8.910844089227865e-05 -0.001803795650514046
0.0004182868209828662 -0.000756069192255922
0.0010610198375656105 -0.0011424618431339908
-0.000249421377690947 0.0002016422368101969
-0.0003393131284775011 0.00027109046160165646
0.00018432388595321592 1.1130808178748184e-05
-1.9305711010484073e-05 5.3668676796973935e-05
-0.0007908798936004558 -0.00046768491777307184
-0.0007552980936296254 0.00043820358569597253
-0.0004075969479948096 -0.0008120095326265202
-0.0006387524405792499 -0.0008431512209794383
0.0004992940415967989 0.0003948561429312059
0.0005312870343163415 -0.00045232878053950683
0.0005428882176049656 9.510338716602122e-05
0.0006648542306132821 0.00016609706353094237
-0.00037225450111385276 0.00048487480692703457
0.0012796540342109068 0.00011439888218923529
-0.0002973088173382669 -0.0008445632996925045
-0.0006664328907351458 5.4174606210724495e-05
0.000736101470227731 0.00036173428144784436
0.0005007678296158306 -0.0003671451289058116
-0.0008290988775217152 -0.0002137707059967134
-0.0008867890829867567 -0.0002647868424872502
0.00032924005679408556 -0.0004647111506826384
-0.00019984458897199562 0.0008032642378713278
0.0003469551417867475 0.0001392166765328021
6.865193483919643e-05 0.00015160614912426056
0.0005275096424194896 -0.0004391693373680629
0.00016371398444042686 0.000733431064969168
-0.00047166466275470566 0.00038478735711569903
3.668612979768781e-05 -0.0007809061997161012
0.0004650857933404001 0.00015404304048179332
0.0001981342875515747 -0.00015114931027478777
0.000436593485340503 4.072669545485849e-05
-0.00021843278844418368 0.0005591546178355812
-0.0001549024852686494 0.0008377208225501532
-0.0002921322827586101 0.00034244377696952095
-0.001520886379117042 0.0008735881506072141
0.00031788364744039267 0.0001860657201442143
6.940371755229881e-05 -8.115670101268737e-05
-0.00033491282354139847 -0.000986665386920118
-0.0005280654281372121 0.0002941279119677564
-0.0005631241934136999 -0.00023962506022684216
0.00037009856771905565 0.0002063915748307943
-0.0005433705661920678 0.00047194035442064264
0.0006944844623997378 -0.0002921551760899148
0.0001398170748297575 -0.00034321952734837766
0.0012263691572481847 -0.0006794570394241974
0.0001623881620258571 -0.0003162211721132227
0.0002307120364030437 0.00016266507570169512
-0.00036328652988369854 -0.00036113645327035595
-0.0009709990545320733 -4.32104157998837e-05
0.0014334551056272885 -0.000176166526191493
0.0005571309149999227 -0.0010420605978840546
0.00039512690646836184 -0.0004921847469216212
0.0008423341493007405 0.00017145960426991923
0.00024856099476291185 -0.0006475705414153197
-0.0008347125264200798 -0.0007779796875871705
-1.140678222854875e-05 -4.619902130439676e-05
-4.873014905900802e-05 -0.0005727554782463304
0.00010928096308346626 0.00042056952281299204
-0.0005069135907363823 -0.0006786485498575812
0.00012542105890648133 0.00030689891163341633
-0.0012555187988477164 0.0005559495236705235
0.0002866349581082676 0.00040663857055290523
0.00013755147520302875 -0.0007229954945962691
0.0003120848540223837 0.00029064208841651486
0.0001555908437914031 0.00028670456682748803
0.0006136832684325463 -0.00022086825169584067
1.3352597896140968e-05 -0.00031400225914696123
-0.0010665260421297556 -3.0203106096591926e-05
0.00011861761534339436 -0.0009920929685368098
-0.00021501879036123954 -0.00038138935677129983
-0.0010156256921503193 1.6096270661670068e-05
-0.0008845834399714917 -0.00028451947336472264
0.0003343150489760393 -9.801380802125183e-05
-0.001124201132341108 -0.0007524624988109528
0.0016923944588567751 0.0009161127393201424
-0.000328584996376801 -0.00024163901042162592
0.0006730158388131337 0.0006915488200681222
-0.000171020986984116 0.0005766334116594264
0.0007831844103155913 -0.00039412367650476927
4.530963169614084e-05 -0.00036115967465954714
-0.000809374909656279 0.00010764414562689219
-0.00024112662818239167 0.0006304044834854991
0.0005420003343855454 0.00010709607089805095
0.00042863736631256307 -3.2001529260428785e-05
0.0005652608825767284 0.0006968375125554081
0.00045988503178994166 -0.001579791620486377
0.0008773178196859403 0.0003456214537128533
0.0010153960955695855 0.00041866776629384864
-0.0007282716907332667 -0.0008547514510229478
-0.00042120306266628507 -2.1233010974325044e-05
0.00022324634360724576 8.4066499575761e-05
-0.0005390890949643506 8.157105178986722e-05
0.0011667735362525394 -0.0011219795339778955
-0.0006720156508692797 0.00047303062622525773
-0.00037748296925362344 0.0002741242568028727
0.00045175822816475425 -0.0007483304367381587
0.0004961154757590612 0.0002490305219702247
-0.0015504348076033469 0.0006040017699902601
-0.00039706788280217357 -0.0004514786745558535
-0.00019910396921621402 -0.0002674664948235541
-0.0002142580469246048 0.000745330728119153
3.745550868089331e-05 -0.000692429960604778
-0.00024903412497904987 0.00021264863970807936
-0.00015845732224585755 -0.00016509712358452617
-5.124280252019835e-05 -0.00019415527845319683
0.0004121552636470492 0.0005882098096994634
0.0002448436802963864 0.0002888239336311052
7.52069004802837e-05 -0.00023639139196321356
-3.8328121986260024e-05 0.0007444658842363422
0.0007500223428315128 1.3317420125392132e-05
0.0003123157061695583 -9.74344099750612e-05
-9.768749718781e-05 0.000197346491109201
0.000780147515969333 0.00014278532246772663
-0.00038594011096809125 -0.0002891228087722155
0.0005421986445299314 -0.00011932500799988495
0.0001517566760299503 -0.0006067352221960998
-0.0003988158872788811 0.0002608773510994424
0.0012796625598219293 -0.00022745420524907594
0.0005988594806209226 0.00032350812725571114
-0.0007498018741340091 0.0002143037640680531
0.00018233388252643343 -0.0009465280136586552
-0.0003691541031663297 -0.00020472946485764718
0.00019825614644334487 0.0006372086558592531
-0.0005087104496256 0.00036950077961196736
9.835479321381134e-05 -0.00038743378579760506
-0.0008423348116164857 0.0003706800781031571
1.6084720942077813e-05 -0.0011355327598549427
0.0004196710089790666 7.909066687713427e-05
0.0004729880013533959 -0.00040202358672975186
0.0008828885434478644 0.00019628184998685854
-0.00030908496712106314 0.0004412304957732545
-7.825144010734008e-05 0.0008114068831261413
0.00045548138063274373 -0.0004116466849995014
0.000162566054038069 -0.0008568943155950748
0.0006707306540576417 -0.0002118894030449528
-4.033042291689164e-05 0.00026642348885747783
-0.0005568440142125772 -0.00040208438305443494
1.8950867285739156e-05 -0.0007737137173701982
-0.0002476652057301673 -0.00030983209097388837
-0.0006300916293490423 0.0003662066790973163
0.0001331325065014479 0.0002230805671871088
-0.0005936362061535201 7.835337479430287e-05
0.0002459358853932463 -0.00017322810766592553
0.0009469137803450668 -0.0005794834945842984
0.0004719695521866891 -6.22321389347888e-05
0.00010646042548763682 0.0004262181369524669
-0.00048115366685339776 -0.0005877076409443262
-0.0006322095746273219 0.0011257771961335095
-0.00037773141002792136 -0.0003119707603379445
-0.0003320228141337398 0.00042625484794039904
0.00010982041077241337 -0.0007270627222560013
-0.0005783406271372471 -0.0005445381422496247
0.00043324597900385207 0.00040571201562681844
4.618920647967397e-05 -0.0004758312616561172
0.0006015959589957355 -1.7231243530731356e-05
0.00041294053907414935 -0.00020557707375681733
-0.0002054076460689549 0.00014330161396668777
6.564312551964586e-05 -0.000370176641298133
0.0002104620008313179 -0.0002562758942779294
1.78013834359437e-05 -4.670411018770421e-05
0.0005409080393149334 -0.0009533069017477486
-0.000618227275216508 0.00012844324936971629
-0.0005041090432792187 0.0008959375662462009
-0.00010310030773710134 -0.00047262876628500187
0.0008122361318120033 -0.0007742444760652466
0.00034031366283622424 0.0002101341567341798
0.00020127434479112538 -9.033088060074358e-05
0.0011586816257932152 -1.8000924403986449e-06
-0.00025273660387366476 -0.00042502549435937585
0.00031232375904949647 -0.0007389016126585309
3.0084597570392243e-05 -0.00020706063637539158
0.0005417503092356687 -0.0009688874376383436
0.00019059839415531483 0.0002602657942034894
0.0007178967558209502 -0.0002794741978493928
-0.0001649292124947266 -0.00014538498815158083
0.0004994528571991874 0.00022106529162113224
0.0011181257314374165 4.552076307836307e-06
-0.0007535755338127966 0.0002890986028995351
0.00034190224192588324 -7.091677717764582e-05
0.00035811363102683107 -0.00010083765064012824
-0.000531757987999017 -7.338051896756286e-05
4.689506188547291e-05 0.0010313027740932125
-0.0010062821356796351 0.0005716408516826044
-0.0004254388304806148 0.0009387654826353834
-0.0004346757411183444 0.00012070358292647297
-0.0006043686188233064 -0.0006946396594875489
0.00013431960476600736 0.00018920284605672904
-0.00019797989959106205 0.0006336388665229472
-0.00010721215373813556 0.00024963304558868346
-0.0008898034665211576 -0.00022078035815848812
0.00025557284173153937 0.00021707587426318055
0.0006918841686093835 -3.751656275127979e-05
0.0007326293748173039 0.00025336778484469087
0.0003128278091504215 -0.0008594368191722383
-0.00011473446133288711 -0.0004956479273057107
0.0001780518062603894 0.0007286755787045314
1.149236969475006e-05 -0.0008684305175816587
-0.0003348890311977023 6.159729761866101e-05
-0.00016718110251197422 -0.0007936219890404847
-6.971792723018887e-05 0.0013879916227801904
-0.0006408700519597334 -0.0012070119842501148
