4.391215109233577e-05 2.960779105273203e-05
2.9824882317307423e-05 5.052035646682061e-05
0.007891536899328243 0.018310726309581728
-0.00025441648681641355 0.00024180591736250157
0.00015049765663354764 -0.0005610469531746275
0.00019013493624334477 -1.6245379018696722e-05
-0.0004995199052107029 0.0006499380673990194
0.0001258053218459556 0.0004781299356553641
-0.0009073322210257917 -0.0007146251198454528
0.0018677975724457401 0.0008425779492196644
0.0007072574787494685 0.0010351678898831056
-0.0001599117374406234 0.0006524483839990622
0.00040490879009081227 -0.0002592500247300051
0.0005674570069772719 0.00021346613826054762
0.0025144883730120826 -0.0009782091248551042
-0.00019039303380535282 -0.0004765919269980007
-0.000981245930461034 -0.00021757925831996993
0.0008387241665747268 0.0009382710763736623
5.392612810630731e-05 8.602921869475808e-05
-0.0011351120891492838 -8.762328453829815e-05
0.0008372122356794494 -0.0006690997402764092
6.896961300609225e-05 0.0006551783643465906
0.0007232886660786393 -4.956602356894994e-05
-1.084813026077942e-06 0.0002885261321362527
-0.0010864250942741885 1.2815637077254935e-05
0.0006147167351061147 -0.0006915125534332794
-0.0006713742243155686 -0.00048662487921741893
0.00048486818014050864 0.001284160047394082
-0.0009924365246308463 0.0012753070982540631
-0.0005835415985586943 0.0008795326585228324
-0.0016553456671717969 -0.0003886303156342247
0.00011891986077109705 0.0004947289264843471
0.0005664130162850137 0.0008584105323974689
-0.0007083138277357089 -0.000445406781798614
-0.0017267997253554964 -0.00015076031687838776
-0.0004943105886043498 -0.0010382487804913689
-0.0006128199354457651 -0.000688438871748478
0.0010162574473804023 -0.0006606338037709462
-0.0005801573048711704 0.0007723061124828639
-0.0005595097271394642 -0.00010346755596580225
0.0006354358343739424 -0.0003092252888757402
-0.0005326279215728125 0.0003988853604734204
-0.00018029237870761272 -0.00014770199640527676
-2.4139793543786102e-05 0.0004754702943462281
-0.0006270326720966442 0.0002724247965961368
-0.00037863074782195624 -0.00021105033398589515
-0.0019423280314484267 0.0007795232168094256
-0.0005539785912470314 -0.00025161906516308453
0.0019718164682225128 0.0007911360148577722
0.0006247992330028795 0.00021376471382637677
-0.001948441062074733 0.0005778741420569835
0.0011875398396176324 -0.0005845418655715225
0.0011547634317370951 -0.0008547359417831231
-8.74656521715059e-06 0.0004936207875601792
0.00040192777107743595 0.00010229252632326674
0.001225508142415087 5.5165733694098136e-05
-0.0005911390406083606 0.0007612747307981467
-0.001447784518058833 -0.00032075896062103203
0.000722899961591506 -0.0007210573503921141
-6.470599618914982e-05 0.001538777605219527
-0.0007567050544210726 0.0012130782326282574
-0.0004097290476862552 -0.0017750029217100914
-0.0007800282707776504 0.00048826869047808745
-0.001239971005210241 -0.0005875916234112965
-0.0014561245126869355 -0.0002590786853910845
0.0010599958286954942 0.0012370046253123135
-9.361166267162734e-05 -0.0008088194923662092
-0.00044605128723721675 0.001483006742567197
-0.00012216411979170945 -0.0010270325139010437
0.0001386202229907513 -0.0003085764609771902
3.268899057811351e-05 0.0006612349371942481
-7.885413090946412e-05 0.0009223081944106286
-0.0015940557689458918 0.00030552585300603436
0.0005256413928694054 0.0010643886531161882
-0.00041290207293119807 0.001009286914045712
-0.0007488156620672923 0.0002693395439170597
-0.0002469398858185981 0.0019766430337446804
0.0007325367118884478 -0.0012099655887210024
0.00033599676827146194 0.0001038780301128327
9.054534049808266e-05 0.00015181862382310061
-0.00021102292566194632 -0.0006174265011198713
0.00029745144229831484 -0.0006315170480466773
0.0009658160814029665 -0.000541957752361568
0.0010042296076221246 0.0013357449455633104
-0.00014111185332241967 0.00012575146242520762
0.0003561868762058057 0.0007802099972844455
0.0006831428255313506 -0.0004753645660815412
-0.0009927123797294094 0.000735675885211173
0.00011487031483202104 -0.0007039936531145949
-0.000549326836617713 7.41087412298215e-05
-0.0008168584123000569 0.00026732882607749173
0.0007985441587998503 -0.0003233579698951477
-0.0005610924451117437 0.0002786731324354038
0.00019435627594336627 2.9941192928512355e-05
-0.0001886678924355478 0.00044798645376204914
-0.000375231049870443 0.0010870452606545453
-0.00019681312779514448 0.0011730681846386668
0.0003232682462477565 -0.0009766003709903734
-0.0006580325231632153 -0.0006527391895834972
-3.8214531319526973e-05 -0.0003970359589599863
-9.789212114433343e-05 0.0010832634401110658
0.0005516666273087733 -0.00027952382162406463
-0.00016390710333417528 -0.0005810579497688991
0.00043211680758438394 0.0009676257715960929
0.0006876768830826943 -0.0007457441102871779
-8.887997483236906e-05 0.0005536430879362258
0.0008967718969602821 -0.0008634675991670251
-0.0006088009904540151 0.0014431682216269571
-0.00048100337055461236 0.00029761562342480607
0.0003782004538322616 0.0005919815550101333
-0.001305360200055177 -0.0007160183652081833
2.5517197665664818e-05 -0.0004173552059922313
-0.0003367004755788772 0.0002590976802205093
0.00031896590143352076 -0.00040405384522896096
-4.678363990090352e-05 0.00014539358764221395
0.0011850440093391697 -0.0002752945525403433
-0.00033116804258690255 -0.0003812428947179416
-0.0007000891241924371 -0.0005602886431821058
-0.000305232946902535 -0.0005535577986043928
0.0004714066138466092 0.0006960916931632687
-0.0004585120294886316 -0.0003964070148312673
0.000480375958691709 0.000622564628966604
-0.0005297935299735391 -0.000139274043663061
0.00043833440769179696 -0.000134125634177095
0.00042249699991083183 -0.0007500521716313272
-0.0003019377236962721 -5.3402570422355056e-05
0.0005975576791836644 0.0005346601936553881
-0.0009345378289920364 0.00030869664302452974
0.0005451978658021804 -7.150773523475469e-05
0.0004593657900290919 -0.0004757850546173529
5.384480120239855e-06 2.1111444480714192e-05
-0.00042850655979867957 0.0003910211103015494
0.0002640213858560819 -0.0003781295495140402
0.0010087179421349372 -0.0006791248109234533
0.0008927444656512976 -0.0009294060836761861
-0.0007758892162822668 0.000474033253140673
-0.00030919748309941983 -2.449203016549757e-05
-0.00028041185356396197 0.0006771107268458187
-0.00015394220101293182 -0.00021910359878060014
-0.00018476806477071974 -0.0006520686891805099
0.00026146449810521754 0.0005370768687864311
-0.0005831198533583314 0.0004203235525287329
-0.0005751937086891088 9.08001936997883e-05
0.00010426853017351364 -0.0005980445135606466
-0.0002641324914493894 -2.4061256777427157e-05
-0.0005214389677155114 -0.0008629145103024305
0.0001759442041389801 0.0004904635775554001
0.0005819800901290723 0.0005385083811696878
0.00037512649645525753 0.0001650258360437108
-0.00012039844152488895 0.00016353326856403903
-0.0009503415037395828 -0.00020987736733457652
-0.00015341702972021063 0.00033786642300542814
-0.0007581401542943135 0.0004928423781668706
0.00043456792121181653 0.000142784925204014
-0.00042397167667121725 -0.0003835401754353863
0.0006216690294730158 0.00031196050242942355
7.559063400955612e-05 -0.0002100194378197372
-0.00030056025526740645 -0.00034933674321313974
-6.944471062321893e-05 -0.0003396397279436484
-0.0004253028914365029 8.747976876562922e-05
0.00040187419913422347 5.3369329439760285e-05
0.0005347392641335937 -5.617618879262438e-05
0.00012139998258625248 -2.9152113234383954e-05
0.000253142185282759 0.00017701627767840696
0.0006618067777921406 6.217087307136277e-05
0.0004891327610155277 -0.0008621637202980058
0.0010438861788965865 0.00012177880133885597
-0.00030036561869420744 -0.0005699177243409767
-0.0002562526216349611 0.0005015660924756584
-0.00036576373230311486 -0.0008823739229528868
-8.799411452337036e-05 0.0005447128088842271
-0.0003892265282316441 -0.0015906965945906525
-0.0007426608097224196 0.0002518568484094208
0.000454488819436827 0.0003381435306657384
0.00035117865283911247 -4.986370910062155e-05
0.0007277642524029272 0.001229817092687697
-9.205680091066277e-05 0.0009741410703458473
-0.0006243430499122308 0.00024330963538998654
0.00025360241962811927 -7.910836153904923e-05
0.0004738771277848503 0.0007497874241144535
0.0009175754184895331 -0.0006444311720673864
0.0012624185380623037 9.437362525614714e-05
-0.0008738442221335666 -0.00023075417782059067
-0.0005317356377849586 0.0006924037482730388
-8.026254735908713e-05 0.0006131893798618185
0.0006897459685976015 0.0001359647580667521
5.7368188322015314e-05 -0.0004816822272757591
-0.00026521958255616474 -0.0007125166638109441
0.00025304816685776027 -0.0005959367260892994
-0.00013351854680139396 0.00032174019064244193
-0.00036356510832859766 -0.0002819712133541355
-0.00042315777849162567 0.00019051917145051508
-0.00027366948065428887 0.0004078297639612349
0.0001529846355993563 0.0009121158656004907
0.0006608022311991677 0.0007077626154230962
-0.00045298856628821015 -0.00100600489585613
0.00014221738780968986 -0.000524707887155529
0.0009041376300665176 -0.0009309651095621443
0.00044012570351682735 0.00018353618592129584
-0.0009685581047684166 0.00020684590058050426
-0.0002431875022232149 0.0006490150704467404
0.000392557745988739 0.0013194847857098274
0.00011160858292399799 0.0002269813597845625
-4.5991647097592795e-05 0.00038958782990943804
-0.0001022155368077719 0.00010055694703287447
0.000463419874163806 -0.0003976028109019453
0.00022254694691006057 -0.00022107262952925704
-0.0007889984546878999 8.019665583750932e-05
0.0001097613896759265 -3.759409531266657e-05
0.0006642370595809429 0.0006546053233704277
0.0004372788520628695 -0.00011159743068895943
-0.0006806385687631667 0.00032923953076928426
-0.0006674693719396671 0.00043922178769069127
0.0001375665685924533 -0.0008399664834259628
-0.00021564836352261447 -5.1292012430501753e-05
-5.465060032846138e-05 0.0002553008756419068
0.00014333656068964953 5.0493804381280096e-05
0.00023561951876205445 0.001087737706491445
0.0005795837356696655 -3.015777701096012e-05
-0.0005051930346204051 -0.00011339940060560966
-0.0008358829508502977 -7.716368969030917e-06
0.0007775269235573268 -0.00104324517553729
-3.398168139154333e-05 8.877956290167965e-05
-0.00033426258668726885 0.0007219070417192534
0.0003530767072657608 -0.0002747576136125526
0.0007005901106735234 -0.00021516941072284218
-0.00029541746173809955 -0.00016212901161240484
0.0008173616891750201 -0.00023027670755599593
-0.0006583163396966331 -0.000533886089042034
-0.0002843862277266697 0.0006431035226711556
0.0008291767908628758 -0.0002344868543066906
-0.0007935400555777497 -0.00023490439910306963
0.0005001856017201543 9.586310406157259e-05
8.21898165334714e-05 0.00012729250524509718
0.00017705865434106672 -0.00023047713676053227
0.00010090153547548306 0.00011400319738960734
0.0010636535557584537 0.0005781879463101468
-0.00035629426397970046 -0.0003777950619404661
0.0003289984607569388 1.409804689992792e-05
0.0008568326916965352 -8.26647210230714e-05
-0.0003002481288417148 7.076214808541523e-05
0.0007719845217327939 -3.702642553999225e-05
0.0006455126691303881 0.0002943192365450808
0.0013019543389372996 4.839493568043767e-05
7.765495253250201e-05 0.0009940750885545776
-0.0009504942903810743 0.000673533964266846
-0.0007809956916174384 -0.0001532983528265291
0.00022004665008229434 -0.00023143524347525718
-0.0006585615940550013 -0.0008344848640391962
-0.00028704159139043584 0.0005426383894501867
0.0015609029930855611 0.00128201399736685
-0.0003721416975293687 -0.0011640777390664462
0.0006885372281006494 0.0003812286603103706
8.590292252089323e-05 0.0006595623177450795
-0.0011911025696559796 0.0003475087238506786
-0.00047768783718378066 -6.0811522659585687e-05
-0.0007870819819595441 -0.0004022627014881244
-8.522280132360252e-05 -0.00040790039672666253
-0.0004487725897163523 -6.454043815212098e-05
0.00016729789394774532 -0.0001237010813652951
-0.0002949261198281612 0.000892114756861334
0.0010687749326883814 0.0006949988491589682
-0.0003414121392759027 0.0008980354725678944
0.00048188453215587706 -0.00032363096081027996
-6.79233979665606e-05 0.0005067914047714526
0.0001248375485520213 0.00012597596153348232
0.0009376905016238997 0.00036351618600997634
0.00015886090972801095 -0.0005231235335534062
0.0007189866270693192 -4.271211498690972e-06
0.00010925487886577067 0.0006053957662916445
-0.0003010262914716471 -5.8003505358927055e-05
-0.00013602151652679486 -0.0006738047407048205
-0.0008191725092816768 0.00028166037242337885
-0.00014073253514112496 0.0008686789815778275
-0.00024851193164633173 0.0002252631481962187
0.0007080245773271577 -0.0008085277556320458
-0.00039329314091562543 -0.0009296440692699889
-0.0009206442543371892 -0.00028821553248552017
0.00028951300920841374 0.00045801611267491096
0.0009899800180997829 0.00046587610091169783
-0.00030339153822698926 -2.0377973156471227e-05
0.00037561728143546377 0.00017943233083034965
-0.0012276573744681627 0.0002023324642503482
0.00032195457368509644 0.0003971586489548004
-0.00033582921894356727 -6.223790242535888e-05
0.0010675352397702047 -0.00012678700536027532
0.00024553982468015107 -3.5176204573229454e-05
0.0004640895476199742 -2.6696373264993526e-05
1.3161642696799178e-05 -0.0007164844158918317
0.0005172551272567908 -0.00024454473749375803
-0.0013242314995522203 0.00038574115515809963
0.0005657012601838165 -7.42058421581778e-05
-4.156089519165254e-05 -0.0016013191341905386
-0.00043314336447787674 0.0007085660082050437
0.00013415906524902633 -6.122717604131659e-05
0.0003751946375474583 0.0008356047135669583
0.0005188997969900657 0.00028100558717175737
0.0006437636252455253 -0.0002902874938795673
0.0010979133659945507 -0.00014321021153063335
-0.00015845151291573632 0.000279754974085984
-0.00034224925157801215 -0.0006737300539874224
0.0003710417438018304 -0.0003601346323647065
0.0007324856453021708 -0.0005189042596848284
