1.1574961935894937e-05 4.1083796866144853e-05
4.2173556111290295e-05 5.292079412699188e-05
0.02105790849704617 0.030528324511884263
-0.0009885210843909816 -0.0004055084907275621
0.00047975434899856365 -0.000813439032044554
0.0004758287044318248 0.0011325460713750397
-0.0007227111592298659 -0.0005278354130591328
-0.000375686789003505 -0.0008760169409540165
0.0007639789505177361 0.0009347544156687778
-0.001819946984024853 -0.0008712997355519799
0.0007418538295171124 -0.0009106155424612521
0.00023277290190428928 0.001335506891859948
1.066065909220303e-05 -0.0003150070303632604
0.0005624790639719892 -0.00040087337646921517
-2.2401524726222818e-05 -0.00035874745704736325
0.0013558506408600482 0.00064825479149586
-0.00035873200705410676 -0.0009057314883764186
-0.0002904973532068467 -0.00025722421733292804
-0.0005030810249999388 -0.001409974174184891
0.0004540530453692514 -0.000329411364551045
0.001053689854902037 0.00013654477583104418
0.0006219511954394449 -0.0006049810691360665
3.5922845536636874e-05 0.001034555221655146
-0.00036288838438010783 0.00012373697675311843
-0.0010637270927369839 -0.00010703351460272272
-0.0004862471575429293 -0.00014797907865509132
-0.0023389137444298127 -0.000745512443758549
0.0003926245673266542 -0.0006539523324368622
-0.0007677322718305348 0.0005264360251841857
0.0005395770248348921 -0.0007920059044609283
0.0008894664317077933 2.470861277993271e-05
-0.0005703842352603228 -3.4146731720749606e-05
0.0001815897215768338 0.0010463252066655745
-0.00011592083073189052 0.0002208909385057528
-0.0008227394392996837 0.00041495515418152773
-0.0010206342205308068 -0.0007924152965663181
1.910148352723694e-05 -0.00029086718960389513
0.001821829894892625 -0.001013325236844687
2.4742834592640208e-05 0.0007842971259581664
-0.0001767965470928162 -0.0013813668184598756
0.0006046235712265502 -0.0003312457879650586
-0.0008389652289220842 0.00020238918672628683
-0.000799943212352354 0.0010728205276089777
0.00019669245892410192 -0.000739920617131456
-0.00017380903669447174 -0.0009350083487044052
-0.0001738132678766166 0.00039746548387213355
0.0002505318109307159 -0.00030598056060812966
0.0012905868882798772 0.00015755534256440198
0.0012601264484019845 -0.00020175270658532375
0.0009540934839070311 0.0011886238106349001
-0.0008547690915634475 -0.0010063630431045123
0.0006852844863713048 -0.00034485502784903686
-0.0001943478716838123 -0.00011207795651293444
8.654572146436409e-05 8.223681479742426e-05
-0.00039232719662676884 -0.0005368195074739591
0.00012700067063779906 0.0017033280199496824
5.335921778330398e-06 -0.0005144273429294767
-0.00011831783796483661 0.0007718945415836603
5.4235898115486066e-05 -0.0004979779684900161
0.0003401072743238688 -0.0005333358238716873
0.00047768150727776985 0.0003485634613941905
0.0004622512670835556 -0.00021225523992676843
0.0005643054838002916 -1.3313127824605914e-05
0.00044360284263881975 -0.0007437917453562491
0.00045994097513827963 5.973398113872046e-05
0.0001981481577920543 0.00015562249542376265
5.187915354844505e-05 0.0014673154562642623
-6.490440507244897e-05 -0.0018793882263987757
0.0005146782020952914 0.0003438918742316518
-0.0004621252898414377 3.1407882474777524e-05
-0.0002113652175936712 -7.84829056920892e-05
0.00019633448277679884 0.00033967472577898323
-0.0005890845560027639 2.168755247243833e-05
-9.281921970318049e-05 0.00041665504741135705
0.0009192123704554992 -0.0014197793126892813
-0.0011482445744223704 -0.0005197059782084521
-0.00011988947433078884 -0.001006738493556227
-0.0005820005933330598 -0.0007809753320792985
0.0007072692381225558 -0.0013150688044503936
-0.0005441711479309306 0.00011902727603336415
-0.0001165485330840649 0.0012446350434500424
0.0016836533863439542 0.0008579531641348722
-0.0005744605956733479 -0.0005527596870138764
-0.001609303595121517 0.00014338786760093784
-0.0009449730834332732 0.00027007746790372707
0.0005062003820483556 -0.00031131275080904954
-0.0008539159439890298 -0.000704761459633607
-0.0014000197894168409 -0.0006507815683250863
0.0001241706205856051 0.00028470376514500576
0.000791098056213893 0.0003401085764920534
0.00040174518738041425 -8.729145211895617e-05
-0.0006188974582145582 0.00015794054280143482
0.0010886063130340026 -0.0002546621272479135
-0.0018286041697088235 -3.13071702624252e-05
-9.910488313787313e-05 -0.0006428660351268422
0.00034248474447841614 -0.0004963773388231484
1.7023958809765466e-05 -0.0005085796753121306
0.00045518590740352074 -0.0005362391223962043
-0.0009126505649059287 -0.0005974411929571904
-0.000769117922649256 -0.0008751173356589145
-0.0007492276503807953 -0.00036004579514095777
-0.0006682454294824714 0.000516828218735706
-0.0002768710626202167 0.0013117158395538433
-0.0005432112531581224 0.0015351792290294987
0.0004923910557309044 -0.00021155501573137553
0.0004763543422790158 -0.000725860651358329
0.00034407959055177486 0.0005020323331539341
-0.000674078487095486 0.0010583144233518294
-0.00016155977204242462 6.545855793123247e-05
-0.0007406901919338778 0.000984606114338259
-0.00031072717640128855 9.822458673809085e-05
-0.0004299513516134127 0.0002427404074806066
2.1994341073186777e-05 0.00044329336648908294
0.0006383277076986633 0.00012453644907373608
0.0007931472834630933 -0.00046433321371589653
0.00028024763168687004 -0.00023957185350521182
-0.0003564905292493336 -8.845487672362484e-05
0.0003433990536337119 -0.00031478131264028647
-0.0008872559866230023 -0.0001733075539064553
0.0012487027478508977 -0.0006264822351394624
0.00014429123103472564 -0.00018764389484737118
-0.00014702771473531535 -0.0007799358921283989
-0.0008129056876896882 -0.0005949209285593693
-0.00033198543549519527 -0.00020853925815142194
0.000122033005011871 -4.798607869268301e-05
-0.0006333602688008523 -0.00014943641555682774
-0.0008335863088179288 0.00038083679293466965
0.001109942928740582 0.0005920242890209423
-7.582629160819578e-05 0.00038798238309887347
-0.00023793767867742033 0.0008647213077775855
0.0001744758026538599 -7.787661908734584e-05
-5.378150599038104e-05 0.0003563444670989653
-0.0015171250159369863 -9.941100780976576e-05
-0.0002422747634863423 0.00029551187194789397
0.00035396254658450995 -0.000426382469478586
0.00031132993254978305 -0.00021459082416187952
-0.0009466284076156362 -0.0006317813835585952
0.000698917610925269 -0.001419968538033334
0.0006820582117290224 -9.26236546068012e-05
-0.00041258377890227536 -0.0009478126939687613
0.00026380768032007335 0.0006805675158897468
0.001366804895732877 0.0007358384804647272
-0.00021807263064268714 -0.0005973699842367112
-0.0002530628847103826 0.00016053261004327174
0.00029382916425297744 -0.0005558456002836325
0.0010540132301195353 0.0007203533539223826
0.0004482206078558615 0.00019351983146861208
-0.0005957736393696181 -0.0001610935394465003
-0.0008754246985224336 0.0011142989911821096
0.001585849599908215 -8.193955979624965e-05
0.0005599748911833095 0.0002544953725445028
-0.0002149315573230764 -0.00030447521807526056
0.0006311256918205868 -0.00037423104847820543
1.091005021916551e-05 -0.0002153932498556322
0.0003828118707124455 0.0008323922188886987
-0.0007406767053004543 0.0003608589766017495
-0.0002258470108495887 2.3637793070254204e-05
-0.0007051651926407445 -1.8026556045778415e-05
7.125813523823181e-05 0.0006595495757815535
0.0007804217739946367 0.0014663989406596145
-0.0008140353181739626 -6.174035764199462e-05
9.066799637362789e-06 0.0006060535250849337
1.2926217810517213e-05 0.0004021368450798929
-0.000512467234149931 0.0001096446511102726
0.00041617687320790587 0.00017482094607818003
-0.0002897642175601945 5.8901208513710114e-05
0.00012333610130891903 -0.0003859052717836358
-0.0008414954615812181 -0.00043530437564084007
0.00024682654002255164 -0.0015132847428458527
-5.943128932123139e-05 -0.000617817052355581
-6.691565505419848e-05 -2.1721724087862485e-05
0.0005097851459133683 0.0005537528164588265
-0.0004756529513180591 -0.0002993135144518901
5.586280351371572e-05 -0.0006103325797205835
-0.0009596365768986098 -0.000257010185502918
0.00010632112104683995 -0.0003214355448315606
-0.00038391070853942706 -0.0003722303285560152
-0.0007413934557934575 0.0006871871106440986
-3.911499837965008e-05 -0.00046994776495422726
0.00022363024398952596 0.0002791015202976589
0.000750820457070232 0.00046977529095176086
0.00023052536609656117 -0.00017732587615366106
-0.0013139202602232456 -0.0008652531988905022
0.0006383779865293636 0.00026885182238214114
0.00023296085087856877 0.0002162199749903024
0.0003018056428071198 0.00035628327489345825
1.2961182612056373e-05 -0.0006477166542129686
-0.00027561836137179906 -0.00040719404860256657
0.0004958671394256071 0.0003275140241517859
-8.971384587128868e-05 1.1193211269968448e-05
-0.00011394380211926079 -0.0001764185665423272
0.0005083116654492591 0.0010824284124051724
-0.00032815208641068537 -0.0006371677245823834
0.0005846054041678356 0.00012268611138936054
0.000937591214870149 0.00016326602837033098
0.0009798670929738636 0.0011860720474101102
0.0004176924386558539 0.0009288988810658857
-0.00019295167155756907 0.0006027265995194672
-0.0004246301403509056 0.0005953625359221453
0.00022962360051092775 -0.00012365888265464622
0.0005242837925062856 -0.00014165191610216927
0.00013180216906667246 0.00038149827515617305
0.0008825780763640213 0.00039374452876803545
0.0004041846644934939 0.00014398699884395918
-8.643714250401823e-06 -0.0006148661673677989
0.00017990319848436995 0.0006874005317744897
-0.0004088688996131377 0.00066842136437822
0.0002563262876988337 -0.0005460267167848008
3.733381524575737e-05 -0.0003275631600119724
-0.00039227295130731655 0.00010672314247817015
0.00018011498489563476 0.00016426224195880958
-0.0013815058862640766 9.290888492932222e-05
0.0001241534553041643 0.0002836471326830962
0.0005647877804580796 -0.00033265783751625636
1.0412888166734506e-05 -0.0004306658000590236
-0.0008593330718074159 0.00032745100179836347
0.0003196837126519787 0.0005365916518596793
-0.000419266231300987 0.000620746138083105
-0.0007169122308355514 -0.0001032026646669534
-0.0005582419393564863 0.0007791106129868815
0.0003378513385772365 0.000507070570027424
0.00086290176834484 -1.2353190403256597e-05
-0.0002845277640170561 0.0002854952679180076
-5.430409902355106e-07 0.00040193871545274985
-0.0003065484852049358 -0.0001994288517076872
-0.0002988439984952909 0.00019621887316933454
0.00046688578320130264 5.793083027407587e-05
0.0005829102716089485 -0.00010547142816074874
0.000418342838435896 -4.60976211733003e-05
-0.00011183655781561532 -0.0002656246737030943
0.0006785180645506581 -0.001100787896933165
0.0005695975170370408 0.00028329944030773405
-0.00027843619394919846 0.00031429558174958104
0.00023950797250674177 -0.0002493157968946592
-6.686034139620111e-05 0.0001247675661756779
0.0007101707140422475 -8.716626388754281e-05
0.0006874619639498176 -0.0002513086098835612
0.00021912346502435558 0.0006069901234435213
0.0005444162642670643 0.0007971243867699295
0.0005262252138966924 -0.0004705184661159247
-0.0009757446936223408 -0.0008722425009894684
0.0003716950764725172 0.0002944542589388686
0.00025038507355015647 -0.00017422693517767652
-0.001585989390810836 -0.0006759687377488233
0.0002853918920245874 -0.0005633960486179866
0.000660404385699925 0.00035470467133304337
0.00032137499267113234 -0.00016146488475979684
-0.0003802590848645753 -0.00031790853319517984
0.00027485791574281436 2.3363415484895288e-05
-0.001031569626557726 0.0007383717231441667
-0.0008751707321241287 0.00017909999857807055
-0.00047244780633840975 -0.0005379770446014153
-0.0004532749880548634 -0.00038906215219088795
0.00021653794149001533 0.000372601512375912
0.0003167094651955085 0.0006323806310532604
0.0001068722976620367 5.819447943254474e-05
0.0001328172628984508 -3.743178027584155e-06
0.00047717316515731594 -0.00023991991631666616
0.0005530493455441746 -0.00043215640355549273
0.0003177239558180638 -0.0004810138157919385
-9.25626363288961e-05 -0.0006673780122404622
0.0003433499017106635 0.0010532016422678048
-0.00044032124507492517 0.0004066641484729432
-0.00048166212959221293 0.0005582523348950912
0.0001644988058774196 -0.0006728921623927005
-0.0004443719116551757 0.0002558769507156969
4.810153607711861e-05 -0.0003154210902638271
0.0008694396501379602 0.00017355094536475468
0.0006938946930318695 0.0006110255175591514
0.00015747859453243588 -0.0004436804800573151
0.000291210302182953 -0.0004425220727363756
0.00014853112889453153 -0.0007887481248596191
-0.00015098101005966703 0.000976886013974308
-0.0004778159376551844 -0.0009751572686010562
0.00045766658413844385 -0.0001213296971840598
0.00020772252834428916 -0.00014717224432385696
-3.726060622428709e-05 -0.0007169683601354304
0.0010507333729814995 -0.00025871313387003326
-0.00011498938107362604 -0.00047582942813229593
-0.0006395000673402355 -0.0003816846804564015
0.00034155629379790194 0.00011999079235474145
9.574970487244941e-05 0.000603367664293773
0.0009253608739022117 -0.0012556510924237802
-0.0003585429481197138 0.00018866287346307545
0.00010245139030625445 0.000313134149845088
4.946282126532269e-05 0.0002185137207289593
-0.000472276361545791 0.0008189729051812183
-0.0007690110774150989 0.0004460439849446552
-0.0013679168991415232 -0.0013483339543793659
-4.374261432814719e-05 -0.0006321365136117963
-0.0007676156886261728 0.0005105713395416973
0.0005235889593738745 0.00027999514633723053
0.0015133626465438645 -7.915414964836208e-05
-0.0006560344553803454 0.0016907243745488507
-0.0017855579556062136 -0.00042250576473502747
-0.0006707013874114381 0.00015653847614603055
-0.0007683895127938204 0.00022092059761748061
-0.00029535662844273734 -0.0007216039516411893
0.00041610675236443265 -0.0010824703673359608
-0.0006627554557921772 -0.0007001353297073351
0.00012020789287212707 -3.908561908900728e-05
-0.0005037799019980414 0.0001663086649780552
0.0005810472084031864 0.0005231485418918418
