1.6764144484142902e-05 4.490417761490859e-05
3.606554282377772e-05 1.8063371327263618e-05
0.022891588627492014 0.02788398753501932
-6.830971622669763e-05 -0.00022622142383186514
-0.00010681544931457868 0.0008315314333616398
-7.282084992681487e-05 -0.0020168975092247905
-0.0006643550717626613 -5.198698960907657e-05
-0.0008376827379773142 3.4998356010678565e-05
-0.00032678363484655323 0.001226220526133776
-1.0086239796931201e-05 3.067321598226717e-05
-0.0008431686154570682 -0.0018543084351879877
-0.00039096049109324624 -0.0004034975432956991
0.0013823810363621184 0.00027957910194453627
-0.00020909265903444014 1.3856350730340472e-05
0.001822362365819555 -0.0003954871992116112
-0.0005510215467865974 0.0004848328597555627
-0.0007824946210744473 0.00014550001695915163
0.0008523519502106372 0.0011840423679390162
-0.0006770132720930454 -0.0020275830023709866
-0.0004159341798920227 -0.0003312029919237554
0.001083826111497944 2.6249393686410365e-05
0.0008897954349363409 0.0010280856452387738
-0.0008082004335024319 0.001039537050648385
-0.0011126743741409506 0.000689709756709061
0.0002520091666881287 -0.000307187449630042
0.00039788192559355644 -0.0008790302472640116
0.0006480696937711975 -0.001007200666578563
-0.00047243598544766336 0.00040804301698032114
0.000712089855055416 0.0009827676940157362
0.0007637598700263081 -0.0008179169025054831
0.0002621964559968713 0.0004270679368842291
0.00029842009894092016 -0.00023210725440216495
-0.000496839190722233 -0.0010682148163796718
-0.00035630831728485746 -0.0008976095786456113
-0.00034581336598097306 -0.0005471665360649565
-0.0006864963114965647 0.0004139934403766741
0.0005410022963372855 0.00019416826842961156
-6.798032859985448e-06 -0.00010483769679598041
-0.000540430138637208 -0.0008632929423287721
-0.0003684858415987356 4.787682298539555e-05
-0.0002768310277903679 -0.0009921191525838785
0.0005199708418914906 -0.0005257682687697223
0.0005930544280740654 0.0003533224848050608
0.0008675828211004589 -0.00012238115357631174
-0.0007491037891050728 6.827799854607712e-05
-0.00016732603203896393 -2.062857345198422e-05
-0.0007290127754864053 0.0005800648591627773
-0.0003580289734392278 0.00021366067348235909
-0.0004899356846765364 5.1612731610347974e-05
-0.0005589608736008684 0.000896328152814736
0.0006415026360158706 0.0008959531385125347
0.0006462430620748831 0.001307122937237735
-0.0006207381750768958 4.8680367320083605e-05
0.0003886435528627855 -0.001487860716617582
0.001097757695706914 -0.0006901217778398565
0.0011152497140021849 -0.0006730053122243773
0.00021359304635407898 -0.0008382159720712394
0.0007571459445028171 0.0002978303291685324
-0.0007157253125304889 -0.00025523710029526456
0.0007505494905436884 0.0004878200940811758
0.0003014118247664759 0.00021994566341485103
-0.0012439654671551888 -0.001101030058977878
-0.00048613606313428005 5.500280332256465e-05
-0.0008070311694301019 -0.0009406477290933172
-0.00015076360473648075 -0.0007052397461598845
0.0009679998185002849 0.002051083409929259
-0.0011034846622594025 -0.0011024164066216167
0.00035393106264895236 -0.00010014190064541669
-0.00019663762154831663 -0.0002740523147557445
0.0011327359295859871 -0.0004548047139460898
0.000571982815879536 -0.000788656398672814
-0.0009644083396077159 0.0008052830327561072
-0.0009660573542499903 0.0014694735144782185
-0.00046250855756415656 -0.0009810072254917467
-0.0006089574178865564 1.408824276447438e-05
-3.671813581209748e-05 0.00024189864666912758
-0.0005722509039996189 -0.0006769651999598719
-0.00011400324822281845 -0.00011440745095342653
-0.001246936715484348 0.0010374326245850484
0.0006398430661054229 0.00020810720242168818
0.0008375160958436169 -0.00028127594901583303
0.001383162364883945 -0.0011378976261123797
0.0005082152184379822 -0.0012460913890130247
0.00064633815548329 -0.0008735980826382854
-0.0006277504197651156 0.00039943320502660185
-0.00041773997120198486 2.5506898895577987e-05
0.0005879694425700335 0.0001221262817486506
0.0015046433742633336 -0.0005287076569362841
1.7492016041213118e-05 -0.0009187746344208553
-0.0006414599034803436 0.0009511111379694224
0.0013375485529437865 0.0007677255847441052
0.0003284869954310981 0.001633704423288618
-2.0570519514289594e-05 -0.001218514677386557
-0.0009599687862711469 -6.974176664205017e-05
-0.00048208174341637396 -0.0013199093395056297
-0.0016659061426035073 0.00041368543288972147
0.0005487945828207875 -0.0005906130866937335
0.00010957925482875387 -0.0003183543136364377
-0.0016580032163753325 -0.00061310939516708
-7.512495615509952e-05 0.00017321255845198323
1.6862996365376678e-05 -0.00020254237875510025
-0.0006332973417790275 -0.00015373248719996409
1.59100406228468e-05 0.0005314699358597982
0.0004235077657978074 0.00031823752191727206
-0.0006176402756708537 -0.0002731160518949392
-0.0002082789632746119 1.2380694586671135e-05
-0.0004163460633103084 -0.0009548974988061144
0.00036128582204533814 -9.252587063562844e-05
-0.0009338534158915314 -0.0005007446132532013
-0.00042491354534631494 0.0007151824370970312
-0.0014988006325226302 -0.0005655729530196312
-0.0005007473488145124 0.00015633965169493296
0.00018737386351180775 -0.0001249311581339483
0.0004987391568859364 0.00034280406728877985
-5.089620853135209e-05 0.0003870197548971181
0.0004775264689662509 0.00011722405969238544
-0.001349811250268851 -0.00045722124592647884
0.0003092112673680364 -0.0002654084801887672
0.0002717062900317934 -0.00029485696783146967
-0.0004187704362689645 -0.0005331294497609811
-0.00034638831437209096 -0.0006668283069993704
-0.00015018953306956333 -0.0003183372181600604
-2.1438191820266528e-06 0.000742226647707108
6.627051408695066e-05 0.0002767235179073424
-0.0007889330928201731 -0.0007370075401834682
-0.00035609462401210327 0.00044360013061549416
0.00015073354010216808 -0.00018136506790149365
-0.000185596968707037 -0.00032999113800870545
-0.0009715628667371954 -0.00018171742537961323
0.0002586527549440428 0.0011636870026265065
0.0006154868234314179 0.000179254495211723
-0.0004945734962158627 -8.020591971723763e-05
-0.0002510842921670719 -0.0002003181958387182
7.606332340941178e-05 -0.00013984725350713436
9.024686318193269e-05 -0.0005464070241560293
0.0009695535820198242 -0.0009163570328376764
0.0007388849143982846 -0.0008665858158883029
0.00019152623690026107 -8.696212354037534e-05
0.00051769690100768 0.0004998513127049035
-0.00026613424383592233 -0.00046527473367405446
-0.00014293696213342195 -0.0005797895029906867
-0.0004121094151018007 1.5988651085248432e-07
-0.0006202765278931349 0.0005906028032729191
-0.0007155201234252803 0.00011202253219095343
0.0013159532140691681 0.0009217233614546648
0.00033771708438835407 0.00030217718033452736
0.0007831621770326348 0.00030150269012619256
-0.0004826498818398439 0.00018918537476253378
-0.0002773923747797277 -0.00023568999111897414
-0.0003560169891027727 -0.0007845322054735616
0.0004327507522054758 -0.0009766936577507582
0.00010270796946811183 -0.0005505271091340858
-0.0006053534001477936 0.00043579841069974043
0.0007405156210911337 0.0001605537916421777
-0.0005284989024875233 0.001006789087265252
-0.0006349373436735196 -5.764608521549698e-05
0.0005335161105033185 -5.3468117411425536e-05
-0.0004976312449891372 -0.0011470669484187736
-0.0003597984566400146 0.00014163483280068024
-0.00035211659050299955 0.0014150421322743213
-7.054706067284931e-05 -0.0004808300098408736
0.0007203890682785096 -4.143076770894438e-05
0.0006201319066624619 0.0004906884341269885
-8.12808264809422e-05 0.00027901879988380423
-0.00035706219262842564 0.000528292672196587
0.00015026183688311316 0.00039446240311256535
0.00021299719519992267 0.00015482331450378175
0.00039172511529519727 -0.00016286764583043373
-0.000755290098508414 -0.0002547531734771008
-0.00035664088032972185 0.001400733241635388
0.00048591570217777454 2.9823616205030848e-05
-0.0005161966353729436 0.00031804481259968586
-0.00013148217085536782 0.0006831954549274137
0.0004373807768013759 0.0005077136760449641
0.0009646176879624786 -0.0004027141016861104
-0.0008340140498316729 -0.00015764996053809144
5.0037114617296925e-05 0.0006411726803156592
0.0007829127243473999 -0.0011625273373864853
0.0006892342996437714 -0.0008059649025680774
0.0007526743325458864 -0.0008880439841047477
0.0005585018661421104 -0.0004900071728967644
0.0011941701539599026 -0.0002829611530187734
-0.0009168023591601225 -0.00028444564598069524
-0.00084147093084571 0.000199726949457864
0.0004875968962139356 0.00027001878763274013
-0.00014128156664075444 0.0001728571346932765
0.00033346457237163035 -0.00036106568029468683
0.0007960309198751834 -5.8465727378662005e-05
-0.0008489686705864833 -3.3944014719791194e-05
-4.621816915646398e-06 -0.00011231071482812093
0.00020899733619844546 -0.0009100287245993205
5.435325781251076e-05 0.0005995006787176844
0.00042631948938086725 -0.0003491282485581341
-0.0009255008369265425 3.271596242967883e-05
-5.494437576775513e-05 -0.0004540985832416502
6.524069493620604e-05 -0.0012652197563677403
0.0003021956814792754 -0.0010411259600797153
-0.0003875334232217399 0.0005352896382886565
4.3623482276526446e-05 5.08540761596787e-05
5.4683903153557764e-05 -0.0005072045327155037
0.0005663391059316312 -0.0005607340717862538
0.0005096578059653304 3.956609819779749e-05
0.0008671545027872479 0.00043270443615381956
-1.1368858076838459e-06 4.715353284773836e-05
3.9243698714879666e-05 5.6418998633647524e-05
0.0005762724167693452 2.5530785174683766e-05
0.00047178812982279607 -0.00020079030691590066
-8.45966310577502e-06 0.00023133972404632837
-0.0009542343712517574 0.0006842444980839758
-0.000248225323755914 0.000958017970416365
9.410826418905467e-05 -0.0002235926868145221
0.000491875035814302 -2.0199784894356267e-05
-0.00018696740498347196 6.334704624397936e-05
-0.0008362786320551914 0.00012190549600062465
-0.0004187199335755573 0.0002159654585213218
-0.0001835645501951902 -5.080990347548335e-05
-0.00034822772226442345 -0.0004243556836235078
0.001256876372807928 -0.00047542950058263153
0.0005803877946592911 0.00019551968317984444
-0.0007183361452374463 -0.0009019589916438943
-0.0006285464803928452 0.0010754897029023834
0.000397461415301439 0.0005572604860998806
-0.0002693171117179553 -0.000830265476544779
-0.00038311179269214706 0.0009861526106617214
-0.0001963180282260698 -0.00045124320076339006
-0.00041215838223161483 0.000700583963460604
0.0005523649646655996 3.0571344958426864e-05
0.0003322686800823261 3.4864194159222144e-05
-3.682405627047089e-05 7.878267790847299e-05
-0.0007066119558160308 -5.9995727840798215e-05
0.00019555471553082455 0.00020059227396227483
-6.650724072725958e-05 0.00038769733643333464
0.0008048120293944985 0.0004645366111746444
-0.0001603183137810345 0.0008646043323619108
0.00030234127128979756 0.0002392243841933205
0.00025263246217876214 -0.001076130809382558
-0.0002502066903093532 -0.00031134482044752385
0.0002483145870813948 0.0002959037884068
0.0009080854549378706 -0.00029763468705862507
-0.0007624525469254602 -0.0005933626069375669
0.000203459257682356 0.00028488949300635414
0.0008462933493561272 -0.0006622564515800776
4.604518728278269e-05 0.0008267554479832407
-6.859640518944945e-05 -0.00032061491643803634
-0.00043109298593902833 0.0004074411388651437
-0.0006046896616007223 0.00026541995212523036
0.00023293672955444381 0.0004144269396268855
0.00011363227673555674 1.8394567916593357e-06
0.0004924458294091341 -0.0012491992388510992
-0.00020234865200333666 -0.00042126126747774864
-0.0002007329557173774 -0.00039247247300106143
-0.0005747559202265302 0.00032242025732333725
0.000173798340266714 0.0006481538268805396
-0.000371448909061383 -0.000742412136195107
-9.772985766291267e-05 8.718640641476571e-05
5.315725385323729e-05 0.00021317549728916982
-0.00014638705526947313 -5.2014517614385504e-05
-0.00031218746505888665 0.0004429427657526433
0.0011303223153263267 0.0001059180489935564
-0.0005309759255751768 -0.0009783661039924636
-0.0008568777017461636 0.0002742889087996256
0.00031982653628230345 0.0007477048735115278
-0.00011879843706116802 -0.00012808623853456346
0.00036514824153937876 0.000411428837507332
-0.00021161710211574518 0.0004262590026317786
-0.00022527721872191543 -7.671174672637059e-05
0.00043064615123676397 0.0003273157556544399
0.00038921891236494785 -0.0004895280170122572
-5.034893331813784e-05 0.00015629147102846298
-0.0005656825042485584 0.0003087862090097069
-0.00036021893709964814 -0.0005988347000059403
0.0002836586608219363 -0.00015137553665298126
-6.553485511511828e-05 0.00012884549690644247
2.8019405110401e-06 0.0008047675253913934
-0.0006006900996872716 7.593892421740948e-05
0.0004083513835453055 0.00011444227895519426
0.0005774651344774311 0.0001305294629360973
0.00022635668898526843 0.00042504542312723527
0.0004198243468563906 0.00021703875662334272
0.0005783068897722805 0.0007340430126105613
0.00015598834895060192 0.0003332500051200033
2.9779071278270555e-05 -0.0007730383362457707
-7.058851561595862e-05 -0.0004877693861203065
0.0006123684311610809 -0.00039748125798125397
-0.0004034039703201557 -0.001014108926939277
-7.498431221880995e-05 0.0007224450375077054
0.0007338887818287903 0.0010426007081295813
-0.0009032630185858516 0.000900882266591337
-0.0001478653821162261 -0.0004591195470315292
-0.00042360148683217387 -0.0006123912073922425
0.0005250579485646291 -0.0003632930391058794
0.00036698263716845224 0.0010132560848147528
-0.00023231922757371284 0.0002474830129164002
-0.00015186045941924654 -0.0006600336617067093
0.00039580068324553494 -0.00024243913242628148
-0.0007721564985234355 -0.0006643932507743866
0.0007994331122458747 0.0008568246243712658
-0.0007673175007714704 -0.0008118399200113147
-0.0009569655079549922 -0.000531723816557652
-0.0010555624643059506 -8.497240188852601e-05
-0.0006447684218187666 1.8284147666200803e-05
-0.0005859613014707023 4.7799935888112255e-05
1.3915881577996728e-05 0.0008121328475067494
