2.8098671933411483e-05 4.382573347977225e-05
3.381725406740774e-05 4.049280523664179e-05
0.01645152905275707 0.019210518897908344
0.0006443149444877839 -0.0004806668573854225
0.0007715226648062018 6.39457266187382e-05
-0.00012912809208952034 0.00031329202126233836
-0.0001465700474143028 0.0014462202628209224
0.00022172422085757143 -0.00016281726102232544
0.0003204760596346378 0.001127964150939125
-0.0009923430950492956 -0.0002802992122756918
0.00013315404584126968 0.00010853645977040731
0.0009775439422026804 9.917899029486332e-05
0.0005146409600204629 -0.00057896205865871
0.0008663211543781972 0.0007605258805596578
7.880737094761561e-05 -0.00012191281485610922
-0.0011567407315501471 0.00022581039944722192
-0.0007229677212921108 0.0015764956567448061
0.001440903622537871 -0.00015008278676180791
0.00011080122986632928 -0.0011945215616314087
0.0008871271904450969 -0.0009547408313293716
0.0003076885278646664 -0.0008544089395401014
-0.0006302146442207988 0.00033449653212099136
3.4839305612720274e-05 0.0006458946234394595
1.861858008327951e-05 0.0006275019226059524
0.0003390146871925113 -0.00023883457275742468
0.00034462294585143065 -0.0005883235882993376
-0.00022166282010850364 -0.0004366647918502451
0.0010758363721158654 -0.0004709680985583684
-0.0008789971213901302 0.00041537430333575613
-0.00012923346529575275 -0.0006989693541792968
0.00028765740973051365 -0.0004265262968831795
0.0005497455963505441 -0.0013163242911151426
-0.00012734734587126922 -0.00035339027323536953
0.00045594772465471265 0.00034049836057153075
-0.0007508305266199339 0.00022617765787986404
-0.0009018152794924172 0.0008812255388399575
-3.662456344528156e-05 -3.5641699679870384e-05
0.00013737905730540576 0.00021156341050947622
0.001006314153827073 0.00010228732382539764
0.0004560640479661006 -0.001622917753957872
-0.0005282728005923908 -7.206219139763025e-05
-0.0010034869303902918 0.0007353825080427876
0.0003895926765020609 0.0008295934970004813
-8.772428458632756e-05 0.00114845719393455
0.0011505480678391919 0.0003748831242992288
0.0010777838070319453 2.224065482619443e-05
0.00013113182745460677 5.4486408521667415e-05
-0.0010795635545127133 0.0005598541578715177
-0.0009982987610335945 -2.5355564047331337e-05
-2.4085396275222184e-05 9.378996920029999e-05
-0.0002964507568395183 -0.001035208259531625
-0.0003741065643527579 0.0023033421783167315
-0.0013699388595386774 0.0008954077098607747
-0.00023350671556003416 -0.0008718413483810286
0.0002733930268696283 0.0006192565596023797
-0.0010960156424107243 -0.00012442839028373415
-0.0019926831862342935 0.0006920981592904074
-0.00014366843642803898 0.0006105496811900021
-0.00031926021142659637 -0.001442367496639095
-0.0011079134832939121 0.00020895876689701345
0.000711908105224387 -8.301270110902248e-05
0.0006980005137267181 -0.0006266742674913368
0.0007573342818202235 0.00032628180992203335
-0.0017912583529778136 -0.0005568182456512421
0.0010283345534574462 -0.00113324223216847
-0.0003333214420568095 -0.0005927822874925918
-0.0014471474255209524 -0.0009901657914070958
0.0009674670373544402 -0.001772827854184535
0.0006065791009286825 -4.360563756912211e-05
-0.001019665372703225 -0.000774110400998324
0.00039841622001941893 0.0005797400469759396
-0.0005790945433472885 0.0008938238502161497
0.00030245988982668563 -0.0005469686166216434
-0.0005317858189550786 -0.001854654739319231
-0.000301366239508912 0.0001549354354718092
-0.00010522097362406315 -0.0007270356074888584
0.00044318866250553666 -0.00013264603454025351
0.0004974786988475631 -0.0003190304486661574
-0.00017627683744658658 -0.0002533226530028934
-0.0005414075817930324 -0.000282801649239548
0.0001425530254043663 -0.0008350343626477017
-0.0010957149893861488 0.0002459189125832231
-0.00048273518463540357 -3.910432146793858e-05
0.00033007077960813094 0.00023833544320491645
0.00040952136007421435 0.0003455169809775959
-0.00028239909611360575 -0.0010606933506842697
0.0011790156635597849 -0.0011868517130338963
-0.0006766989419974683 -0.00048196917250589423
1.1892688954876763e-05 0.0007643305684904094
0.0004136522159135935 -0.00021128448160792428
0.00020299475944984938 -0.0002132387665834722
0.000450804527497724 0.0006956611287909712
0.0005232557223272651 -0.0003163932805074174
-0.000658046494133592 0.0006145971471296328
-0.00011115946588477235 0.0004313439704091384
0.0010404871309303957 -1.2313946342076829e-05
-0.0004205855204023266 -0.0005566313003496385
0.0015593892402928473 -0.0009745695767316713
0.00014896668314498575 -0.00036938435301163875
0.0001099898728060839 0.0008971321810258084
0.0008136728862365285 0.0016677880797959376
0.0008568521140520028 0.0005172137999669557
-0.00028569521880153996 0.0007323586481698474
0.0010077195024557342 -0.00043092633487304985
-0.00013058352511035356 0.00036324525691497567
0.0005116388229373547 -0.0003407212475615355
0.00023300263125349634 5.9608430258552517e-05
-0.00014307287500884582 -0.0002027404313531099
0.0001502543054842027 0.00030447144394317455
-0.00015454308047933325 0.00039360810448113267
0.000248663620372266 0.00024468962283787484
-0.00035879652589017807 -0.0001596207355054862
0.0003735748657514942 0.0003344656121589192
0.0002707408606279312 0.0002309047273336861
-0.00042497954612370336 5.934122503391692e-05
-0.0007039982960879307 -0.00015681333281854595
0.00043864952382922115 -0.0002802944305208707
0.00034920371451533164 0.0004935740375376012
-0.0008024285525804043 0.0011985097629279922
-0.0005777801757122959 0.0005532200269222576
-9.054990145702494e-05 -0.00011107722561844742
0.00025005417657471995 -0.0006265334435580948
0.0009587456097643212 -3.509219610224748e-05
-0.00014632285148264104 -0.0006269343522833468
0.0003280970810025638 -0.0009178496417260638
-0.0006515919516590001 -0.00025595121183137403
0.0002385367388076602 0.00040722954409156764
0.000383513542292637 7.432243377000712e-05
-6.830298910833928e-05 -0.0003981441118173413
-0.0002739453653199015 0.00020440260300918516
0.0001995451984496549 0.00025475259998812376
-0.0005709630335793752 2.6324823917858653e-05
0.0005424284790476551 0.0006448562786157667
-0.0011350788114836204 0.00012418886325430534
-0.00012467255402560118 0.0008320878076122217
-0.0007473121899186945 0.00026146943713592155
-0.0006909472636498302 5.048468318493828e-06
0.0001484384453071466 -0.0010791939132121138
-0.00034253622896664724 -0.0005144614070603272
-8.99899053588766e-05 -0.0012477111422256556
-0.00035808921018022974 -0.0004696599141691574
-8.071146016459774e-05 0.0007523348101065577
0.00012930571256511417 -0.0005601069001616801
-0.0003484870721101653 0.00037623357754275837
-0.000136912203007236 0.00022543106180248864
0.0005763466794088292 -0.0004815165177152082
0.00019757212470911993 9.26201170143592e-05
0.0007719243896728798 -0.0001626012737708641
0.0003364284837600029 -0.0006554257321096563
0.00041329700711152434 0.00019805197030182397
-0.0002997422347869641 -0.00048338800981033924
-0.0005397719887369392 3.3492812030987635e-05
-0.00025289347255683906 -0.0002804771598663583
-0.0007880308882995341 -0.0006171020425466873
-0.0005852422414364706 -0.000674401848924404
0.00014644155099734611 0.0007895146188859811
0.0002098128448212021 -0.000527357167309475
-0.0008889791886616824 0.0004372989323982413
-0.0010261273086653593 0.000791740507337907
0.0003402359303233648 0.0009071706347468725
0.0004632436992575968 0.00014591093126513683
0.00036605696542989425 0.0003184826241117116
-0.0005252344859418318 -0.0004886063820449024
7.968620001874348e-05 -3.948795044895406e-05
-0.00016577563091149102 -0.00019986588377443804
0.0004874789586658167 0.0001903984889277007
-0.0005077812949130796 0.0002532872735252217
-0.0003865128102793341 -0.0003413303772609778
-0.00019591241358948264 -0.0003395671219067503
-0.0002036311436575248 -0.000595249309471023
0.0010301959921404018 -1.852585741944659e-05
0.0003355165800500286 -0.000649702229664618
-0.0005123843246770886 -0.0007315562353784514
-0.0004057368822468322 0.00023216111081319154
0.0001943355385906254 0.00022971481014513067
-0.0003559373550130131 0.0003815262416982948
0.0004455149820011896 -0.0009237540411417033
-0.0004225591904153903 0.00015783067919841563
-0.0005415292089898858 -7.79946188500394e-05
-0.0001772338553915007 -0.0012876297723856977
0.00011722717059291999 -0.0001397160675794064
3.9729327427096414e-05 -0.0005558994542301126
0.001262540705728615 0.00038668364760617346
-2.3054623375824606e-05 0.00021081723420710385
-4.448753098699958e-06 0.0006415697111992161
0.0007322314963869314 -0.0005458428454446347
0.0008190007308704576 1.0564606286604774e-06
0.0012177865820009349 0.0011313036834250216
0.0002246118837532703 0.0009825911885766652
-0.0004289030539964508 4.079637840887445e-05
-0.000748642972863039 -0.0002065943689508599
0.0005147046438210886 0.000564762048321882
0.00039708176331214274 -0.00022748749524607775
0.0006985822141410546 -0.00037250420192311355
-0.00037419021944670267 -0.0007838161151780763
-3.873555022200298e-05 0.0005747306467094118
0.0012451864517263051 -5.278774026165594e-05
0.0005083445371245869 -0.0004493462120810767
0.0009020265787559848 -7.241872588707131e-05
0.00028601090331106127 -8.954115920003614e-05
-0.00046588687944599004 0.00019245647772494053
0.0005165775814446953 -0.0008668916135406255
0.00016748692784018422 0.0005292549096593371
0.0002745876193955565 0.0003295665959012128
0.001184909934763948 0.0006157326647783712
0.0007302862543204775 0.0001451463113421455
0.0002581059507259178 0.0007211715882788149
0.0003932705334727413 0.00026923058970548537
-0.00042592328087957414 9.965309974538211e-05
0.000747159533907927 0.0007078380578977077
-0.0007118948157313924 -0.00013675739715233114
-0.00040392833551167846 -0.00028853710601143656
-0.0008959762714211661 -3.092992182009264e-05
-0.0005814430152851168 -0.0004988106815656209
1.0709124412759488e-05 -0.00034506721754241877
0.000749470769019131 0.0002901932959875423
0.00013435403299815203 -0.0017484321539690457
0.0009652086975081008 0.0008236215821308012
0.00012003728326269282 0.0009756297616646965
-0.0014127155287511858 0.0003348779767658218
0.00076848609204072 -0.00016237582034477882
-0.0013609515069895601 -0.0009318714741758643
-0.0013819474256846847 0.00035830714840280977
0.00018002233581552947 0.0009959079590171145
-0.0004963914526551398 0.0003875045559325377
-0.00019199853545637827 0.00036855102844718336
-0.00048090565034986126 -0.0009284228806573959
-0.0006461972577429547 0.0006141611387299072
-0.000492424549770986 0.0009408578256495578
0.0004681220787335744 9.671723299451572e-05
-0.0008966172122671564 -0.0005667404427780296
0.0003414606343328208 -0.0003398094638240559
-0.0005067925591593037 0.0006162850977793637
0.0004061857734039864 0.0008737221103388001
0.0013275046048066995 0.0004603887515660189
-0.0005663220184771858 0.0005073679698222721
-0.0008779076183917189 0.0004589374807966352
5.4196301541035056e-05 -0.0002574588579415877
5.344929247545156e-05 0.0012620824754020722
-0.0009799699944723604 -0.000661406530254661
9.397194012963775e-05 -0.0008300774730749051
5.630418657015251e-05 0.0002940996255521826
-0.0012393293824413418 0.00010138565504902199
0.0012730543366482364 1.9845665322000994e-05
0.0009713466275185114 0.00016222932673490195
-0.0002261801040543017 0.0010523587014233883
-0.001398520833881528 -7.012181320804326e-05
-0.000817500217593033 0.0006447021405410907
-0.00013435851122993363 -0.0001007918867355236
-2.8556613235707835e-05 -0.0006515501321201992
6.73740181844912e-05 -0.000208058438804535
5.486616710950073e-05 -0.0004108112185747125
0.0005781244528342077 0.0001219539062918007
8.946724319132556e-05 -0.0007561054918891407
-0.0006292464535830111 0.0003450999387215748
0.0002731181782343475 -0.0007480498614962597
-0.00035988140528193317 -0.00032688464947573426
0.0006341189719277427 4.658766093029573e-05
0.00016684354902879648 0.00018020372950052412
-3.338128018919433e-05 -7.728373080710805e-05
0.0004648324517745943 -1.7604195393504253e-05
-0.0007184673665207672 -0.00035690374690525324
-3.267221851234166e-06 -0.0007910507778246537
-0.00012875944163368496 0.0005347057980384398
0.0005817265567330018 -0.00047322970787623173
0.0007967039901415057 0.00020340014609116815
-0.00019753635655486533 -0.0005364414803197231
0.0003941487844489664 0.0006363417917950023
-0.00026278876685015246 0.0011385439749561038
0.00019753856162600233 0.0001378843971200734
0.00027905543806837547 -0.00017358209227030889
0.0009081144266247491 0.0010008192266036315
-0.001345035535260104 -0.0007296888809986267
-0.0007436411368232141 0.000137395516752172
-0.0003980886692428642 -7.860222778414829e-05
0.00014939982403067883 -0.0004223183620129959
-0.0007521359184797299 -0.0009041544157414685
0.000136991889285016 0.0002614594087668513
-0.0007192827214082137 -2.8326053244590438e-05
0.0004488569562931017 2.5906874097391912e-05
0.00035308199631529696 -2.5559787960839935e-05
-0.00034916893661514543 -0.0002190646970869399
1.0787395486065966e-05 0.0003780615587403583
-0.000638528223188262 0.00030560018701081916
-0.0009711132113646498 0.00027647629320035093
0.0007863457244698806 -0.00029313844467794537
6.0287475975691025e-05 -0.0009624254910990514
0.0001934687866732295 0.00023353826765146716
0.0002776603135601982 0.00016083114729756838
-0.00014676363238217587 0.0002949482334925271
0.0003390278890004373 -8.023671840686242e-05
0.0008159766794200131 0.0015459106900218742
-0.0001031360687755815 -0.00013666662276171703
0.0009343739213267896 0.0009027870498764531
0.0004038983884978276 -0.0005091201850869992
4.7069486795613564e-05 -0.0012584803504477361
-0.00045637931408454876 -0.00019420665515560193
7.211670261846318e-06 0.0006744131511573578
-0.00017571439450249135 -0.0016262703406685812
0.00011284146035996869 -0.000566052762456544
0.00021247430667817985 0.00024395813253345967
-0.0008413064333394873 -9.209513133836552e-05
-0.0001753090452124366 -0.00029979257483962366
