3.1261498163342755e-05 3.094239483789921e-05
4.686080307718407e-05 3.577462175661373e-05
0.027764171580122822 0.02928029913290124
-0.0002346658973653186 -0.0016188143025652633
-0.0006620716061992215 -0.00019192651957441697
-0.0001764854119520457 -0.00024401644500735023
-0.0002478914222782423 -0.0005794806277215173
0.00026633936992031816 0.0012121621642988876
0.001047801803571966 -0.0007801720374173599
-0.000411924685597513 -0.00042190723121822025
-0.0016417702561389207 -0.0005920271582872328
0.00012815139451756967 -0.0015374223689675955
0.0003148550447371442 0.00039489666085821233
0.0012895678072036112 0.0007324694226891542
-0.0007864320048297304 -0.0006478262905334884
0.0009155604272291392 0.0007876179827931668
0.00017760475603144043 -0.000598796760674148
0.00023267595763541056 0.0003944456943277462
0.00018232705194458083 0.0007570952061651975
0.0006837415833038898 0.0005543777290438441
-0.0003243241756893754 -0.0005387873666197199
0.0006778991645228599 -0.00014452651758105884
-7.475536700843826e-05 0.00016649058767989505
-7.341022889778395e-05 -0.0017881826832462822
1.3847188201522644e-05 -0.0014293906607398107
0.0005349813764366637 0.0005168820107973751
-0.0015105134890780326 0.00017142912682122845
-0.00045100338356285737 -0.0017014058790968518
0.00013416762282935965 0.0011900410140119023
0.0010871474273298032 0.0013249611377190115
0.0016717570753648566 0.00012579824072109732
-0.00024671115895600894 0.0017265984157617327
-0.00043400678852818184 0.0007819822030325569
0.0006094073036029312 -0.0005452638757991898
0.0006483803256752223 0.0007509680505567284
0.0010457324513409238 -0.0005014644385111999
-0.00016498056017311269 -0.0009004377919434274
-2.7058741045527724e-05 0.0006104995821503065
0.0004983323700768432 9.556969803607815e-05
0.0009492710133218196 -0.001032183057885382
1.574686468610473e-06 0.00015103238385874205
-0.0003698266716389116 0.00018252027787677685
-0.0005611284524144048 -0.0007310626604371183
0.000640569614784507 0.00041894130517755286
8.834103872669256e-05 -0.00044256504134509246
-0.0006911914278384606 0.00017705224968465657
0.00010344605115082338 -0.00033374620795976806
-0.0007907548246409681 0.0004122110683038911
-0.0004930786038999446 -0.001778577902535917
-0.0002883249438006198 0.0003865559778990766
-0.0001772417497633957 -0.00030099296031365947
0.0001567855365585961 -0.00162527871118577
3.49593315960986e-05 0.0007249907915166262
0.0006683581469094329 -0.0017743962907030833
-0.000496276370661312 0.0005592124305494635
3.940765938481328e-05 -0.0006738367094738531
-0.0008050143460759998 0.0013520455532087274
8.18972112619192e-05 0.0013165193581395718
-0.0021203491322408633 0.0005962144639616562
0.0004052704301532554 -0.00010244575836398394
0.001103425783459249 -1.259959582637052e-05
-0.00045030187843648215 0.0004813511787465165
1.0076360758365185e-05 -0.0008714021000060768
4.943784698186167e-05 -0.001046014504054903
-0.0013827643536312676 0.00030396404186395663
0.0005504780371312691 -0.0004675274608153183
0.0002314013492589816 -0.0005534989095288544
-0.00016015052229394712 7.845424699131803e-05
-6.95633346200976e-05 -0.0009549140084509683
-0.0007482364060213473 -0.00155471322824866
0.0008018987235939697 -0.0014175572219541014
0.0002313783883019093 -0.00044246104682957977
0.00021067164566716573 0.0006718733489065482
-0.0010613190453607779 -0.0013739697040814276
-0.0012527620444358365 0.0011582142238725876
0.0013637008801924927 0.0002255606548546061
-6.0268914280658214e-05 -0.0001843653298617586
-0.0009778668978849873 -0.0005229556066121254
-0.0005787051622413115 -4.843568882709923e-05
-0.00020540389721886536 -0.0004208921895858176
0.00012659927854007718 -0.00016186272152421966
-0.0003112401206250593 -0.0009571427042573868
0.00027606497139853205 -0.0006312991565754863
-0.00029453588244490877 0.0008665885655851829
0.00018064130248027343 -0.0010178566331631158
-0.0002607712165757039 -0.001014251000114245
-0.0007982603375955795 0.00014895684840018602
-0.0008091102100327505 -0.0003631217521363367
0.00020900702793848913 0.0001491271436196293
-0.0002892029667753304 -5.0893105754655896e-05
-0.0001460916003518448 0.0014650489306032755
-0.0004897963521396226 -0.0002592212720552722
0.0004338550518143041 -0.00018307279467943442
-0.0012998235259621548 -0.0008414278561294897
-0.0009673737438891969 0.000715556593317498
-0.0006042352303348902 0.00020525755385580841
0.000862162713804375 0.0001291411900160288
-0.0002642003273603438 7.030041365439181e-05
0.0012976942963376069 0.0008888844595301351
0.0003259436245334536 2.5135656655821236e-05
-0.0014473645040462622 0.0003020543129569473
3.820722024051449e-05 -0.0007534650777382498
0.0013259533880260292 -0.000821049588598731
6.490905447208893e-05 0.00041080359219040707
0.0005239275934010804 -0.0007373615333816613
0.0010314875136897717 -0.0005415010573940263
0.0003891813811182296 -0.0001979498042891507
-0.00023238771520695857 -0.00017367497383762693
-0.0005249984385692713 -0.00010295261189856364
-0.00024768087102913685 0.00018685719148422875
0.00030648792020991823 -5.182250462961364e-06
0.00047935661291332666 -0.0003333088193921444
-0.00035400028500899886 5.0345127428888e-05
0.0005488675495977437 0.0006739585852250117
-0.0006633170604738338 -0.0004256782249574709
-0.0006251776852332697 -0.00040187418211770404
4.901143188831022e-05 -0.0008038539389637762
0.0002302528306435075 -0.00029652113933629386
-0.00014509950228161876 -0.00011356332968276691
0.000435936898762288 -0.00024512035844293417
-0.00018690980354070185 0.00021137610108879837
-0.00011316486024562911 -0.0002856466719457021
-2.7186070001126772e-05 -0.00012850734265660124
-0.00021053721579078358 -0.0006717743991974743
7.3270385212823e-05 0.0004862126387195765
-0.0003495287264313511 -0.0001525079112759728
-0.0004224941303315673 -0.00033153901175831454
0.0009410057290143972 0.00021381457545323636
0.00038216769645163485 0.0003086611900136505
0.001507388070760739 -0.000501412577849363
0.00026749912075454334 -0.00023405406441680629
-0.0007704432701056698 0.0008014424083609829
-0.00018509180450468135 -0.0003472075174461805
7.479768244464993e-05 0.0012003511213678874
-0.0002144434812513786 -6.540488172468756e-07
-0.00022671573868859892 -6.049977544084932e-05
-0.00023712334559172104 -0.00041497683775286714
0.0014626225648337733 0.00039336651350691047
-0.00022192379246156909 -9.37425824932542e-05
0.0005326969802979133 2.4933020185324996e-05
-0.0006107459985349391 0.00025498125009151704
0.0005043015995456603 0.00015980452024413137
-0.00121986845958454 0.0005796548741733399
0.0003162964554669293 -0.00011818374422870783
0.00028125440357876203 -0.00017189217381293316
-0.00014943326411396893 -0.0005838809798316598
0.00015959642972243404 0.0003703327729551312
-0.0007246061914270589 0.0003078546600458111
0.0007587809231934516 0.0011672407177071907
-3.2331694060812396e-05 0.00015562623100703361
0.00019409688579359732 0.00040179079892496564
0.00013686449104665245 -0.0007022747588051651
-0.0005877796039980275 0.00027088003869414634
0.0003584334561321118 -2.3793503049353123e-05
0.0008533086870339246 0.000300974048059249
-0.0003098659856315409 6.83098805446838e-06
-7.916075874761692e-05 -0.0004579995940142832
0.00022459626658843422 -9.263904863018262e-05
0.0005097399971834755 -1.8549171177134423e-05
-0.0007372375367695014 3.746136375476812e-07
0.0007222792775014647 -0.0001557953391929769
-0.00016987003865445979 0.000503468353396392
0.0003531320615612821 1.835553568329783e-05
0.0006026583448113911 -0.0005426083511658741
-0.00023022557390556679 -0.000682419040085132
0.00047730611332009944 1.1715478153078586e-06
0.00016166705194554744 9.91750293061464e-05
0.00013233574024155216 -0.0006514127550182714
-0.00014727148443552995 0.00010777393210928694
-0.0007090754773763196 -1.0148513779920057e-05
0.00010365666870198046 9.329963141640728e-06
0.0006217971841871971 -0.0007801114910989224
-0.0002827342758894089 -0.0003290107386536663
-0.00022985290865950932 2.8290363425456143e-05
-0.00017588977796260862 -0.0012432821535049608
-0.0010420874326699623 -0.0002001944756633618
-0.0006633931180384119 -0.00029502827172388473
-0.0004032254457435569 0.00013431969753375988
-0.00016003173579186677 -0.00044057831927249165
-0.0001305749641139046 -0.00024451985638159585
0.00039320205784000497 -0.0004947613153395649
3.741319846069074e-05 -7.1353981884714985e-06
-9.821175738141107e-05 0.0007934312902372754
0.0001639593535718813 -0.0005275497138181244
5.05506963237368e-05 0.0010020632699609682
-0.001185140276476162 -0.0013945154308704873
-0.0004248579064339358 0.0002711143539161869
-0.0011502639252714262 -0.0006597798792558378
0.0001685781856991211 0.0002667659115706638
-6.738976076039201e-05 0.0005426555470868328
-0.00023193701616338117 -0.0006454492113337737
-0.0008051277829621262 0.0006893709861660207
-0.0008204455386674407 -0.0003155787628909154
0.0002747159804891866 -0.0007547505563237126
-0.00035382816753806197 0.00025095588820968004
0.00018975045356571827 -0.0003514089959975929
-0.00118204872232093 0.00011741454318816129
0.00043019319831965 0.000958755178350716
-0.0005602115893278845 0.00011123968047366171
0.0003967102629229145 0.0006025662334491654
0.0004460980577759836 -0.00026016005559157903
-0.0009979341789994583 -0.00019529789990067287
0.0005014536244427914 2.40507278566688e-05
-0.00040472354367961365 -0.00014082958244092503
0.0007395871207680803 0.0003601086880966596
0.0009313063513921836 -0.000197466183815456
-0.00018443609977805833 0.001007899937899083
0.0006479433329615008 -0.0009657849825758847
-0.0009934085048846002 -0.00025503659433815073
-0.00036539735375954054 0.0005389700741630002
-4.395035614125732e-05 8.982457766959282e-05
0.0009289002754235164 -0.0011907934838520178
-0.00021250318901279823 9.95828623295006e-05
0.0002668368203830333 -0.0004892099130947605
-0.00019337168001581575 -0.0006123569262837111
0.000346255665536095 0.00017215636271435998
0.00012818485364499873 -0.001192287710984656
-0.0004900581893901866 -0.00023901496126877724
4.0850579289105695e-05 0.00026048179058290276
0.00027876091100943257 -0.00015493979711284588
-0.00046457682756891104 -0.00012866133815482995
-0.0001847957608503454 -0.0011405443786088785
-0.000530296332285016 -0.000852684606474483
-9.595256835003107e-05 0.0004898354247653676
-0.00021571357484133957 0.0004539595855403465
-0.0009243374218398661 0.0006915726922755289
0.00020152801063366224 5.10070678203232e-05
0.000634298310198983 0.0006380058294217641
-0.0009250934781565843 -0.0003019536483905591
4.2313168373867284e-05 2.3017867815601294e-05
-0.0007638183051390204 -0.0006801998862674706
-4.970649266279877e-05 -0.0010486130270519296
-0.00019613179651458676 -5.438623904137475e-05
-4.198847862788814e-05 0.0007713640141168983
-0.00020045148201769495 0.0008100119717777683
-0.0002565315507537517 0.0007362172761806636
0.00022325481423259334 0.0007306983166536694
-0.0005293577095375036 -0.0009646292226288409
0.00044378941417865187 9.821600735364624e-06
-9.038994433322295e-05 -0.0004518318131614966
0.0007479341502840594 -0.0006283782365480092
-0.00030201930657957916 -0.0005765101176838697
-0.0004308140416184384 -0.0005940061582525802
0.0006517862398029389 0.0002832228410839833
-0.0003310879920988649 -0.00035415334536956087
-0.0003493929499472583 -4.1527234379070043e-05
0.0003026191431483388 -0.0001365806215001219
-2.9805332853521235e-05 -0.00023126927791850268
-0.00024058508718050617 0.000952901537613563
0.00013697484937459 -0.00035218337917576565
-0.00030583449385750356 -0.0002811837783884805
-8.215806619360344e-05 -6.639628242465274e-05
7.910072057595238e-05 8.726624729771224e-05
0.0003889770664678456 3.151557978291747e-05
-0.0004066003819767674 -0.00043597281581880316
-0.0003002476298077331 -0.00041084834092548474
-0.0008782174838672343 -0.00039959243192659924
0.0002639182996884112 -0.00042090131322451436
0.0004784197132333681 -0.0008729758125374703
0.00012825599952239576 0.0005974305020569734
-0.0006935351947844393 -2.3473203607399692e-05
0.00043843727252228633 0.0001702740442291254
-0.00011911679142377248 -0.00058016230233647
-0.00024119953684532397 -0.0004613917910319983
-0.0013607517202226212 -0.00048163560656032373
-0.0003590761245802089 -0.0005967105093173775
-0.0005127228281417848 -0.0001543898591122646
0.0007830512849510933 -0.001365327025913263
0.0006677855175003585 -0.00014124478587040584
0.0005619814946939512 0.0010218857358109976
-0.0002404677709785494 0.0005604759189307596
0.000997178575725652 -0.00037715698197604255
-0.00044943154604690797 0.0003070086300420108
-0.0008639553768747158 -0.0009166067879691284
0.0005726313087468215 -0.00040240122217677805
-5.753035195064274e-05 6.624983019217058e-05
-0.0005659257111826287 3.789730491844642e-05
-0.0003519787195001378 0.00037991298512432705
0.0011760062452335594 -0.0015504812907494463
-0.0010754659239166475 0.0011011083444385646
3.767120813695964e-05 0.00038161514144970104
-0.00034453006064150366 -0.0002272186051320867
0.0008208965487786139 0.0006987785601718539
-0.0005793152201624634 0.00033464570373109543
-0.0006783454397357512 0.000162401326305175
-8.546084138855448e-05 -0.0003862421594636047
-0.0010515638306896706 5.90713744343011e-05
-0.0004942544328348355 0.0004728320911491914
0.00035661632154673615 -0.0007314760989679766
6.584582479279335e-05 -0.00016232090797121498
0.0005432450571675148 5.322843879199501e-05
0.0006099555821649477 0.0002582323778509062
0.000485540584758248 0.0008658502403142871
-3.341629186093532e-05 -0.0005988618851589352
-0.00010360639949123063 0.0004120643054526663
0.0006476438974878146 0.0003794121026646456
-0.00015940587187478848 -0.00019580281672555532
0.000705440384264225 0.0001495561442423452
0.00011288267363146332 0.00046131701907234086
-0.0002060916694535914 -0.0003364466727535359
-0.0016217008520723075 0.0007718169956794161
0.00031237278249917044 -0.0005390239801632884
8.757258588317943e-06 0.0002151429238005977
