4.4760026877053614e-05 3.504617835115126e-05
3.912554653900996e-05 4.1904288028812996e-05
0.01173874783176652 0.0232472683731912
-0.0009175155260841706 -6.640357339383891e-05
7.701819970671361e-05 0.0002547580570079397
-7.77286812253914e-05 0.0009687116212856629
0.00017190639961098248 -2.731250992972606e-05
0.0005498572116200796 -0.00019495499841749427
-0.0007415965287722038 0.00010672454285269973
0.000614405926011995 -4.313945288358738e-06
0.001904267083661397 0.0005950522032355012
-0.00016410512730885386 -0.0012978396782918026
-0.000816571082246643 0.00022623869255159165
4.0701080547535366e-05 2.5499494350736596e-05
0.00017135528439189633 0.00020334050130102875
0.0003029803127635989 -0.000515138292025185
-0.0007823994713206984 -0.0007375422892701641
0.00046148893277447655 0.0004418460905865766
0.0012168725016024169 -7.72315000019209e-05
0.0008942301834921905 -4.511234037025099e-05
0.0009456082907018462 0.00011111977006604479
0.0010262452573111863 -0.00047797046819943596
0.0012222860670437717 -4.071572003000938e-05
-0.0016059504364253296 -0.0001746660939877876
-0.0005264383170311912 0.0004907994688655376
-0.00022103450513155136 -0.0006766148290309404
0.0011839801056310688 -3.555015693036647e-05
0.0006821752138282398 0.0004127380417609351
-0.0013131620731310558 0.00046520147801232145
-0.00044302944017450454 -5.002958483667752e-05
8.974071914643544e-05 0.0011759673891071564
-0.0013811085573199116 0.0010112929037741606
-0.00035979906533887515 -0.0008525265753714219
0.000753306202021894 0.000756670557882097
-0.0010716810576459341 -0.00018778874622348447
0.0007345259231871811 0.0009780321957615762
0.0005201913848773789 -0.0002477777978433904
-4.878170926960651e-05 -0.0005498729566156605
0.0002297629062881893 0.000335092145449609
0.0011774801377069407 -0.0006088125013004795
0.0001242187847252677 0.0004813351044939846
-0.001251207186140146 -0.000662593555961018
0.0008987862680481506 -5.5343145837429517e-05
-0.00023125334517870382 -0.0015682749800746388
0.00045508722032092813 -2.0383888618605275e-05
0.0001184382758258444 0.0013016810323080842
-0.0008772939846728536 0.0005891592329032701
-0.00013228285133311376 0.0010008618807073905
0.0005576935154666376 -0.0014289234754563743
-0.0009962597867062383 -0.0006748495730027726
-0.0011600507545755003 0.0006512434221959403
0.0001286795685110564 0.0007650980658341588
0.0012472703360492743 0.00018495625191070875
0.00037587362139029733 -0.0006099666357595213
-0.0009839952319954902 2.4644453839600927e-05
0.00023375585877606574 -0.00026589447489460365
-0.0003786387274947339 -0.0004269527888379192
-0.0005978787710703882 -0.0011202653198940464
0.0005784210765622359 -0.0011448361964722406
0.001063003567991559 0.0009576958500202551
6.80489749283861e-05 0.000704313526921568
0.0006195320774475357 0.0003553507118395883
0.00018753920269253728 -0.0001932655272337919
-3.2395169463881395e-05 2.149218110020587e-05
-0.00016701348123414653 0.00034905291545647303
0.0006191074639916322 0.000559910511701789
-0.00028586156223294834 0.0003794824838076421
0.0006711158386609614 -0.00014370632122235143
-0.0007866115686130119 -0.001269137528140052
0.0008375393145518586 0.0007788842782981799
-0.0007773689209299573 0.0003809408888218083
0.0012699540752025486 -0.0004761243249180928
0.00030733960426356237 -0.0014633194113801721
0.0002105527630010256 -0.0001731079275983925
-0.0006284550416455657 -2.5161664443070655e-06
0.0005279669083028298 -0.00035347095485025425
-0.0004380792944542435 0.0011247412586572038
-0.001254990451739627 -0.00036366880850007043
9.660528723519185e-05 0.00015682448539010158
-0.0009396917673785118 0.00017861732217245462
0.00010086195121460698 -0.0016648719367046928
-0.0010277559368512047 0.0002799258643556864
0.0005738281114839231 -0.001128108762521151
7.002217335885658e-05 9.955092515139234e-05
0.0008495350022844054 -0.0011428314102884735
0.00013891357474321605 -0.000337647222613254
0.0013121340694863266 0.001280634912108195
-0.000428197609810926 0.0004985564079312674
-2.8687060948891518e-05 -0.0009653027645451386
7.299908259598815e-05 -0.0008041917574381662
-0.0009383766891312332 0.0007828244348145355
-0.00034329053385197505 -0.0003451767434226811
0.0009041359510488232 0.0003443815860981562
-0.0006994918049855804 0.0004232129167160073
0.0006243298538744936 0.000679218990193486
0.00037920728978291896 0.0004244041574527584
-0.0010206070616910672 -0.00044998880799458906
-0.0007139490849778167 -0.0010995007041020828
0.0007364766291313935 0.00047631490298570377
0.0009064445900408066 -0.0005727022985999547
0.00023791296667310371 0.00032234993651897916
0.001539876409823006 0.0004622034849552676
-0.0004683609647666422 2.0951610994348455e-05
-0.0008424163467876731 -0.0004958574356116171
-6.0993140623669444e-05 -0.0009745197948230305
0.0003752731618088291 -0.00015212166041707575
0.00030469969597795486 -0.001143484843263474
-0.001010222526348294 -0.0005518088680769535
-0.0009763444030973881 0.0011635680644089756
-0.0005856457747659877 -9.678603087193194e-05
0.00099243463577596 0.0005757560734087695
1.8812227136930817e-05 0.00048489159625606974
0.00019915956469489888 -0.0002717786628617351
0.0003204460694342898 -0.00019353988006159001
0.00010700431394241954 -0.0005533184618384693
0.00036264925862689685 -0.000493887481588566
0.0004034749369637068 5.73969092298112e-06
-0.0003192517008258998 -0.00023346264071840998
8.971507678220831e-05 -0.0003041574709501153
-0.00021915973718281725 0.00046198726329843516
0.0009091427785173907 -0.0003751037720103912
0.00042268524654546846 0.000373033425223431
-0.0004569561907112024 -0.00043034931944577507
-0.00042839321752121697 0.00011658401552904464
0.00046115720406946143 -0.00021278598878892962
7.40986960161225e-05 0.0009645006813410017
-5.937015584417541e-05 1.0577531062336224e-05
-0.00039142727675661043 0.0007193512146247273
0.0004585652072252901 -0.00017935871763539614
-0.0007498571538117426 0.00019141126321933175
-2.4125312350741544e-05 0.0003227756719091108
-0.0005831886981977214 0.00039868888574945893
0.0011013194096708295 0.00047354580742317473
-0.0004452602550101332 0.0002548236877820648
0.00040504873510040094 -0.00017730376170575201
-0.0004263228176183926 0.00048289293712884855
-0.000862017396597113 -1.2647095762913298e-05
-0.0007015033656359184 -3.0358601672452183e-05
-0.00011869067939999247 0.0003655093552233561
0.0009818132509077679 -0.0004981403959803905
2.9911057616070144e-05 -0.0013996278542559872
4.4319053270779024e-05 0.000522110814214432
-0.0009628340492694603 0.0002891483237993982
0.0003067446592491309 0.0002766001211669122
-0.001042641022020102 0.00036975980947254503
0.0002590956932398216 -0.00041129755947633394
5.2178196632321185e-05 -0.0008936724328868091
0.00030825735262632244 -0.0003515346773778973
0.0007913105793512511 0.0005901369354922558
-0.00026950793708345125 -5.226707617543478e-05
0.0011416714127211835 0.0007401526754700651
-0.0001584077312319341 -0.00031714204604996367
-0.000565274793876109 0.00021405965522596464
-0.000837313615058072 3.924924028259529e-05
-0.00070822200216813 0.00018578745192083894
-0.00033212354215298085 0.0008946728580891647
-0.0001068641344631508 0.0001772373066467669
-0.0008127000155438054 -0.0015579334142853255
0.00020901513781361003 0.00031510769690544716
4.1035403203127715e-05 0.00017907815471578548
2.0464568599060745e-05 9.994495143860656e-05
-0.00018321670563509524 -0.000365029294714221
0.0005426371534320143 -0.0001992410437688447
-0.0009331318306880767 0.00016713042750669382
0.0005080320476301692 0.0005198603638676107
-0.000400653700230806 0.0006429833255673191
0.0002585165989287003 7.296031507693441e-05
-0.00029705096302459164 -0.0002515108741861626
2.4512645871854136e-05 0.0002792756335338146
-0.00013757586504283911 0.00048170967281047826
-0.00048097859313639863 -0.0004507530750542239
-0.00027674016187083513 0.0007401547998444948
-9.316452771189693e-05 -0.0006490022068940393
-6.055015297775381e-05 -0.0007784597011425485
-0.0007043601362415866 0.0006321819231559308
0.00012201953028354003 -0.0001557995962454674
-0.0003620967401114244 -0.0004677923122082671
-4.4041970985626044e-05 0.00048360843832721633
0.0008385266235208883 4.238311680179399e-05
-0.0004148589985547647 0.00024719825828989
-0.0007462724236605145 0.00018855412258543013
0.0001562173576645215 0.0001619486743033181
-0.000638622587586821 0.00018814137009105116
-0.0003778898893507866 9.629110329075256e-05
-4.192434199959155e-06 0.0011900925500811163
0.00013490002387592074 -0.00069530816386552
0.0008207892348115611 -8.06402979526276e-05
6.742166575234819e-05 0.00022544028920731354
0.0006502859220579405 -0.0004380932813874413
0.000299422059083916 0.0004970508400588355
-0.0006357264487645094 2.630922667864342e-06
-0.0002867306085974644 -3.0236963529216584e-05
-0.0010462163609140551 0.0006269870960604795
0.00019688353670448182 0.0004972144575362737
-0.0006146572222025037 0.000594921288114702
0.00018881677805043987 7.206102581169268e-05
-0.0005054480102711027 0.00023315804932179645
-4.730890751724232e-05 -6.141451375531008e-05
0.00055102498343772 7.05131369982222e-05
-0.0006317274258633937 -0.0008364392021202308
-0.00036694700108807365 -0.0007799574358332215
0.000447651830889803 -9.543130827076745e-06
-0.000436106360761978 0.001474067183498194
-2.460648472162158e-05 -2.3083630946842437e-05
-0.00041600481502612833 0.00011302089060827263
0.00038322587570713664 -0.00034441740203435434
5.372007775143605e-05 0.0001686008756209587
-0.00013651782763379226 -0.00046311168834889914
7.863569638590785e-05 -0.0003649709493162509
5.682595509359557e-05 1.0669548374139238e-05
0.00030252154598044113 -0.00048251859709730284
-0.000510846943318756 -0.0003814868518384809
-0.00036983425061447707 0.00013815867226587376
-9.786489738242665e-05 0.00010441685327560474
-0.0004402100356512637 -0.0016058649597691657
-0.00042512485973502707 -0.0005587863246459702
-0.00013068820264414114 -0.0006100177064008219
0.00012448405285098862 1.5763927083985116e-05
-0.00010293866271013366 0.00045755947465727156
8.530312974874568e-05 -0.00020726736791029375
0.0006741463459066492 3.443397435685202e-05
0.0005203473617583975 0.0005458107136587964
0.00038955130970806244 -0.00046133315775935026
-0.0007304123085675745 -2.157942575991281e-05
-0.00040133111542936024 -0.0002831014694553476
0.0006623384038229761 0.00025626535610106816
-7.350738852621581e-05 -0.0011600529557122803
-0.0005395384864555186 0.0005342017458201158
0.00015454393635525975 -0.0002800959717273404
0.0004024381650966299 0.00032897522891720395
0.000578307437715629 0.0005029479894231594
0.0006348037769987573 0.00011732622085048588
-0.001034951862505382 0.0010007368411229648
0.0004404592850134137 0.0003504533291844812
0.0006369324649886097 1.3605580601738073e-05
0.0007229831981329508 7.208919823596195e-05
0.001012121244491165 0.000987161905599646
-0.00037248927780097015 0.00018648663512239936
0.00036519774769056207 -0.00014087408176639068
0.00012279694271345455 -0.0008260625167330205
-0.001576288541806627 -0.0002981308344827875
-0.00038747423160997833 -0.0003187650244647667
0.00011976294542760348 -0.00011747750989921043
0.001256113438749043 -0.001380645412033099
0.0002853963790317111 5.380179625552627e-05
-0.0008281211129387974 0.00013011456570854996
9.426093954780338e-05 0.00029548823452123273
-0.000505819896256823 0.0008152524982591175
0.000944195877658583 0.0009555234558583786
-0.0001089522720138662 0.001398186167794561
0.0003606081117375304 -2.4327199790661763e-05
2.4437839818776787e-05 0.0005966890175060378
0.0010861493945808136 -0.0006345379653192642
0.00020333381436341683 -0.000799726048393773
-0.00010504655990066611 0.0009728731463588421
-0.00036012904668111334 0.000833088491182127
0.0008501327719699064 -0.0008407108924081166
0.0005077533825573884 6.845247821094768e-05
-0.0003445628194605899 7.736180187697932e-05
-0.00022591777663042903 0.00016727869974134633
-0.0003401030373841452 0.00024153722764598887
-0.0006061946123469552 -0.0002946821499893938
-0.00029712943380821074 0.0003442528666554395
0.00060662812469108 -0.0007020865575315669
0.00028870193249370973 -2.1971170499567566e-05
-0.0005187619311568606 -3.7031809771641734e-05
-0.0011091962922501898 0.00031138745839237933
7.685475069972998e-05 5.1786072180787547e-05
-0.0008779007880625472 -0.001539987753639359
-0.00022821903509832718 7.207705581430794e-05
-0.0012234356653910742 -0.0008011457266453558
-0.0011245824732182264 -0.0005168705601945728
0.00114483663317477 -0.0005703094705628217
-0.001193832153845626 -0.00030230901767374827
0.000683350265430922 -0.0011009125684817093
-0.0006808960871665064 0.0005520172814357159
-7.164645046069912e-05 -0.0005217056918917202
-0.00029470562652857813 -0.0009714210804424307
0.0009505450622873851 0.0008603796750421316
-0.0006942844522303568 -0.0011848020609688651
-0.0003960438533392617 -0.000971418732597153
-0.0006769281552341015 -0.0002554329864411524
0.000619345037270588 0.0001965636088533648
0.0004755957516930329 -0.0002078012267898774
0.00045528564884629304 8.912326570237923e-05
0.0007422223667560825 2.178104199644621e-05
8.170058829179984e-05 -0.00024022911037301602
-0.0008601317726916603 -0.0003069380281666563
-0.0009190424329481351 0.0011682936640679642
-0.000895218342123558 -0.0007233695557138032
-0.00012158594220526934 0.0006362191547774381
0.0003860598834697156 0.00014229711978368424
0.0008451606657825142 6.497198080848072e-05
0.000875766753834256 0.00010941717226483003
-0.0003010316259737842 0.0005329644063030287
-0.00048365531552453477 0.0001254291100575655
-0.0012889521231144398 0.0002109551763808688
9.684348939708069e-05 -0.00047705325303184126
-0.00010838936375662226 0.0004561320713429575
-0.0009712452803917694 0.00013452325893376974
0.00021151668539817235 -0.001048022207492212
0.0004976371489064497 -0.0005019856056373846
-0.0008763232265238635 -0.0007241772491888487
