4.3538065668196205e-05 1.637295544173952e-05
1.7995415047650023e-05 3.207146626223682e-05
0.033942650584515635 0.01966858927827167
0.0010666639700502843 -0.0010746748558715742
0.0011374554174192679 0.0004627777424716726
-0.0006595748248043444 0.0010829838932263777
0.00029296630378520454 -0.0011362449830131147
0.00015568201590552948 -0.0009320489733706299
-0.000160121185045253 -0.0005632804523723272
0.0004184932941422915 3.4085481359064116e-05
0.00010680535791111596 -0.000427548503698383
-0.0002253649164951949 -0.0008360125555368912
0.00024367545667761524 0.0008936986270431823
0.00019181006990454447 0.00018587028475956327
-6.867465624426187e-05 0.0014878646738907446
-0.0006051618454395121 -0.0003282157774792103
-0.0003606370469279175 0.0007197774832912491
-0.0008063122595281157 0.0005368649714058623
-6.2756511289926604e-06 0.00020298955431698561
0.00028716345359324733 0.0002606613603573235
0.00013212827951454868 0.00025134851854415784
-0.0005093066671610879 0.0005899113023728504
-0.00018349242387609324 0.00024364980465824105
-0.00039256875750157556 0.0015093854925757044
2.696084030406263e-05 0.000623382661676696
-0.00030706948022947574 0.0001667909901563445
0.00025812974941329537 0.001154391974904047
-0.0006532743978997503 -0.0008023167994231214
1.1246234680375563e-05 -0.0009238938897718124
0.0006470739218041179 -0.00013180484699268718
-0.0004185941419387493 0.00018122742277356453
0.00014254961575368283 -0.0013794991524739531
0.0009586702674934162 -2.4743961928007283e-05
-0.000563535227675982 0.0014149152582918197
-0.00015728134651475667 0.0006454728412046078
0.0005108099139517541 -0.001640288522694168
0.002832339177757345 -0.00045306054758765873
-0.00048679559331164096 0.0013793460233570223
0.0002281911650101301 -0.000501545480337764
-0.00034779439109191586 -0.0008058320556919203
-0.000289572036454329 -0.0007867221299249967
-0.0007108746805218279 0.0003158856902603443
-0.0009414879349699054 -0.0016721752254288146
0.0001645168467582331 0.00015464760369016323
-0.0008450955840206924 0.00043979519605837655
0.0013489097104310184 0.0008538815070020434
-2.3578479629563378e-05 -5.2682132175184244e-05
0.0014815154284541223 -8.310095473042879e-05
0.0003520645200260192 -5.1548843836723046e-05
0.0005659280496953391 -0.00038013400196873487
0.0016051540410252085 9.131393323826821e-05
-0.0009859114389996883 -7.194271355897991e-05
0.001111104584032214 0.001064208289173348
0.0004070158230765175 0.0009417835469448698
-0.0002271852559769904 0.00020021361297287718
-0.00023064240119575517 -0.00014383684669166095
-0.0001010621628573723 -0.0008216496973518194
0.0009221657517265229 0.0007342095492890319
0.00048654409882871046 -0.0017102821813539417
0.0005667376519491815 -0.0007943991340775354
0.00012519130273275542 -0.0012572209549257304
-0.000501346198225043 -0.00044106260044864684
0.0002265783489341884 0.000215043781245386
0.000498305666819222 0.0001944356024182037
-0.0008786956365981216 -0.0007082591418646677
0.00035699250671990897 0.0005602301207211058
-0.00039653129415765493 4.9914298071384195e-05
-0.0002183976618951853 0.0005642626291908232
0.0006814437162665686 -0.001185715440245537
0.0002231950750797456 9.017091360629112e-05
0.00011516185502608213 5.727498443806e-05
0.0005786296052595788 -0.0005848028497629406
-0.00046733601873003646 0.00028877230039766965
0.0007694899868901946 0.0011670838374076241
0.0003981933417101396 -0.0006560317143468136
-0.00046483707883520053 -0.00021311751717258956
-0.001187042654192127 -2.3210956535093144e-05
-0.00012031139829019468 -0.000278009737581758
0.0005566718494701128 0.00015096834936135625
-0.0003803370199675046 6.684775214289986e-05
0.0012588870670753871 -0.00041409466659707696
-0.00019313916250051773 -0.001143975365048162
0.00018717788573469892 -0.0011399026080598522
0.0003884289483804412 -0.000576291774834391
-0.00022370819274403816 -0.0017034869228482435
0.0006097974959095943 0.0004627401038631599
-0.00035184106205263195 0.0012094876354471083
0.0007475552097587598 0.000992240246843906
0.00019108148688667928 -0.00025733440406233276
0.00014340632637344626 0.0007912933454817025
0.0012274651634827884 0.0005401111064049383
-0.000838486164233269 -0.000602825381646737
-0.0003519298444380055 -0.0006144172319457559
0.00026979562223753084 0.0009812384009545772
0.0016046250574886726 -7.331150860391188e-05
0.0009106903689417459 0.0010404133683362242
-0.0001578258676114273 -0.00010692177931032332
0.0006615818643084708 -0.0007782625397948645
0.0004947745260133366 -0.0006259086894242758
-0.0007136913281797995 0.0007674551139818035
-0.001354377411169593 -0.0006371902098590946
5.566303431794851e-05 -0.0001284552314465133
-0.0010661578335141118 0.00020951558863195846
-0.00023204894503875686 -0.0006102624129418199
-0.0004216425724293209 0.0006249877350621208
0.0005702431604854314 0.00045998038808074015
-4.760261605866304e-05 0.00022419909590837433
-0.0013302055921455664 -0.0005374910137759384
0.0005497449202748524 2.0216430251336296e-05
-0.00032042867292986243 0.0002199696245005441
-0.0005657634291582819 0.0008494091503397576
7.851513860687289e-05 0.0006870882829182967
7.484529834108136e-07 0.0007321142356153908
-0.0003530183676512576 -0.001324895402092574
-0.0009639160517202473 -0.000166332843648764
0.0002759328983125588 0.00026295403582005003
-0.0007065747480712851 -0.001089175350237482
0.00033770588578649514 -0.0002721756319389681
-0.00042852950955477785 -0.0008604222333691687
0.0003432448449880357 0.0002704579964038684
0.00028639796874349306 -0.0005916217536730053
-0.00013018507536824992 0.00020164237387945087
-0.00022185335619241822 -0.0003987286934471448
-0.0010055619110489493 -0.00044623389147306473
-0.00023304331116833117 -0.00029369793286118456
-8.507998772521488e-05 -0.0009001492967624093
8.555159564310956e-05 -0.000370205578178466
-0.00012750109148341665 -0.0003316017373238967
0.00014609387804316582 0.0008379503115570206
0.0005262618879651983 -0.0002034568708480938
-0.00047696829859251967 0.0007623692436343435
-0.0008142131764172782 0.00015497676237408669
-0.0004741314094285824 0.000504305047540225
-1.8306113276130098e-05 0.0002114388130758699
0.0009498802854035805 -5.829847164087386e-05
-0.00015083491918487486 -0.00041561689328664376
-0.0001404098392505535 -0.000697842316050133
7.444579089103995e-05 0.0014683573930103979
-0.00035514275267604337 -3.564723482583297e-05
-0.0012368316371788141 0.0010606699419285206
-0.00041901944255645586 0.001013072270037268
-0.0007569284304691363 -2.6815264666201034e-05
0.0005101430565375627 0.00034029047821967814
-0.0006390783006324204 -0.0001284576278417599
-0.0003663756921975696 3.0474911622276097e-05
-0.00019838239948489906 0.0002592255162995889
-0.0008243160469306359 0.000806067304775446
0.0001448002111796646 -0.0007843142601510382
2.2506935785980322e-05 -1.4884165298172008e-05
-0.00015242873680173122 -0.0008841299757047548
0.0007308029045056393 -0.0013006489139358363
-0.00013240873394062817 0.00011911094021636374
0.0005073452833224703 0.00046239170145577843
0.0003956890219009347 -7.905186771121968e-05
0.0010076023365258894 0.0003222932337468544
-0.0003962008183482712 -0.0002256255064026009
-0.00021583530736317492 0.0002678898243641617
0.00027487553548494154 0.000510329776188659
-0.0005567422648346124 0.00026136131739752525
-0.000180570613016596 -0.0005732036437196434
-8.09170103712592e-05 -6.381450432072365e-05
-0.0004248314027599632 -0.0006730650542753193
6.381337519026119e-05 0.00022551611421830123
-0.0004874027477544376 0.0006113585255067515
-0.0004723599769011922 0.00017994651129624607
-0.0008119187895299427 0.0005618280480818063
-0.0005573557360094863 0.0010785733472795252
1.7556709667047974e-06 0.000328809855700099
0.0005930585804028832 -0.00018444784266342322
-0.00012948042728780446 -6.468637089600141e-05
-0.0007333824860775904 0.0005823540230974133
0.0005436565731900515 -0.0001465066536005274
-0.0004377445825051133 2.993129209722043e-05
6.871201785584896e-05 -0.0006328319932252364
-0.00018851783334689957 0.0006420979338874194
0.0012411654116632296 0.0003589771281430247
-0.0009887725341451573 0.0001240273013842035
-0.0004688076720270195 8.893389050799776e-05
-9.48974386072737e-05 -0.00041026093897791036
0.0001329924841043814 -0.00028529164215494046
-0.00027004071467781176 -0.00033585033132590324
0.00020558607345494526 -0.0009553424726467678
0.00027662417188479383 -0.00010659373097978506
0.00040567253803365044 0.0003668709880013821
0.0006284732979159182 -0.00024849021155833793
-0.0003717555102048457 -0.0014989886825112128
0.0007077620870211503 -0.0009081046518853844
-0.00034292767795846035 9.874687513343174e-05
-0.0005311773827230804 -0.0006624448228190926
0.0005053338559934967 0.0008916268556022732
-0.0006238443075067954 0.00021327485540200024
7.55708771953033e-05 5.9170725128738296e-05
0.0005401175489211216 -0.0006580422214314514
-0.000403651235063656 -0.00022161996380540072
-0.0003852844206537149 0.00022005041163979306
0.00030052871111073984 -0.0003245013478480399
0.0005530319419399907 0.0004908603634743956
0.000613580751182317 -0.000837910536224993
0.001153182833343156 -0.0012241082618457382
1.4370815629711809e-05 -0.0002293634612496199
0.0015092053320668927 -0.0007725768903342024
6.695941166789652e-05 1.3732579262833367e-05
-0.00018476880270040102 5.617958197672482e-05
-0.00016457061171307958 -9.751334887588676e-05
0.00022896212655188896 0.0007446071158618536
0.0010667062122652273 -0.0003339456273591892
-5.1583872942679084e-05 -1.3565920508121748e-07
0.000635818618465397 0.00033768388123504866
-0.0008429350818002469 0.0009499913895530921
-0.00021022120689175695 6.71969358000271e-05
-0.001260266712731253 -5.495293006388114e-05
5.525314968924794e-05 0.00016484269468590012
-0.00030669750190965016 0.0002907570526225786
-0.0002799816670882912 0.000596946979790781
0.0002237292190053217 -0.00047805167780870495
-0.0003303788799006536 -2.805388077260924e-05
0.0006665708711171271 0.0006128181121976217
-0.0004556071488587373 0.001001774150802837
3.5545574895726415e-05 0.00019014601860642993
-0.00018291031958356566 0.0005921894932902705
-0.00024878260763819694 -0.0005407099412046466
3.6097989597586185e-05 -0.0007033797123751562
0.00026339307929848483 -0.0001343908122488732
0.0008235134435640061 0.0005434294854186773
-0.00020223467125132034 -0.00019244209171102332
-0.0003740486921936861 -0.0005056816291332523
-0.0006293731985912422 -0.0003286160788937552
0.0008549918097133442 -0.0009703405907066486
5.157506794470056e-05 0.0001642002574477714
-0.0003524289535526841 -0.000741729446541353
-0.000344255134774071 -0.0007056277460103009
8.549371168567117e-05 -0.0008140087657280803
0.00024262994019258677 -0.0005066908374321569
0.0014847371205143887 -0.0006089844328219945
0.0007401775625275697 -0.0007159600658243777
0.0008009996211104919 -2.9941869666997562e-05
-0.0004456052052197755 -0.00016480874462262057
0.0002255644338517507 0.0003579879957133229
2.5681223292882503e-05 0.00011774898836537809
-0.0004462446038942401 -0.0006267287953243045
0.0002194311299167335 0.00018997171498237554
-0.0008452559551362811 0.00025075392772427353
-0.00027297182756738474 -0.00028249824075502627
-0.00013436215438364553 0.0005537676621583152
0.00029673306320987633 0.0007235256077554028
0.0005245962228985139 -0.0002599619224937285
8.33119982306883e-05 -0.00109179527580909
0.0003806573556671269 -0.00034487567785279095
0.0007191366002729002 -0.000779279939370289
0.000638026723514742 -9.048730307577993e-05
0.00029836070356569253 0.0012997254737220853
-0.00122061763662906 -0.0009033789615702232
0.0005760005166228297 0.00032100362523636755
-0.0010108862815315356 6.52682968001792e-05
0.00025988647086016637 -0.0006751911064201612
-2.8247713410159607e-05 -2.0291643510055534e-05
-0.00042736511547292416 -0.0003986553053802189
0.00015832231277718002 3.446813072448502e-05
-0.00023873160018240925 0.001018489613012962
-0.00020025481479611767 0.0004980651162940475
-0.00018512646028289795 -0.0005371040332073513
0.0001414126021524385 -0.00016944265168056014
-0.0007580786959765571 0.0005557326670691712
3.3402156157606224e-05 -0.0006662021851677005
0.0006924163500067603 0.0006357130594098277
-0.0001654281303538694 0.0001819149775876102
0.0008538067371217152 0.0004631126083352056
0.0006227669427756875 0.0008213696029758696
-0.0010501450628905495 -0.0001513968636656577
0.0003435422413845488 -0.00018294227796236448
-0.0004590233770036767 0.0007374015973502903
-0.000519017317331267 0.00028007894159807236
0.0008191421035480119 -0.0006310801157196358
-0.00010182202076049048 0.0003423063068120995
0.0003917826848928007 -0.0006335819337774949
-0.0005409535976843043 0.0006683682840783565
-0.0005999562694575184 -0.0006075966413762645
0.0001309868932991144 -0.00021380366395256322
0.0002650973601380616 -0.0009076324046632833
-5.159699229328377e-05 0.00041565859874421784
-8.781420849474019e-05 0.0007429588610021
5.286026520269286e-05 0.000283158506113354
0.0001577993092507921 -0.0006810195359877008
0.0014383057360022103 -0.00031492197393386456
-0.0002730192990975804 0.0005483056117908114
-0.000591651924321202 -0.00093011089910611
0.00010982281008247482 0.000720563237554684
-0.0007904043660214607 -0.0004672959149634262
0.0010611118550125245 7.289826674884406e-05
0.00024843370007983964 0.0008029622037178751
-0.00023216388325586408 0.00020069359986517985
-0.0002654879657907294 0.00018348473179829414
0.00012633399835785988 0.00033440821435761457
-0.00018208875086993186 -6.856653809867526e-05
-0.00018397069045049855 0.0006271227344989715
-0.000356840036141149 0.0002674952371094669
0.00023276571450483386 -0.0005026730337050299
-0.000792455942924389 6.682477748268175e-05
-0.0010930216254813891 -0.00018950641540563205
-0.00013815976158697787 0.0005537752083774989
-0.00018451795064774754 -0.0008701763248330391
0.00015569008361310352 -6.08188715260269e-05
0.00018357891126159618 0.00018879726363647573
