5.327537221233634e-05 2.0079826558378096e-05
4.4276259545710235e-05 1.704103154595321e-05
0.015374176645399513 0.02578568501337714
-3.386763526425133e-05 0.00044442577774195187
0.0002286542939270195 -0.00029046499763134786
-0.0009223888260270249 -0.00011685640774063788
0.0006780318765653319 7.605146097944081e-05
0.0006148287016778932 0.0006351947286922168
0.00013584846831923774 -0.0003063834044876432
-0.0005673467766989088 0.0005770637939376375
-0.000394410543050874 -0.0010449042858031192
0.0005446588441598962 -0.0008175513888590255
0.0003898971337143313 -0.0002958743790404183
0.00034199876920828066 -0.0007729504717327064
-0.00022135514986297626 0.00019976830760011605
7.916489024661429e-05 0.0003593019561474613
0.0006995893100816959 -5.3711172566278156e-05
-0.0004643423806226949 -0.00042223462650680657
0.00015213509590973438 0.001163654256357359
-0.0014898798480874292 -0.00019726511728223564
0.0009402079558458389 -0.0006201727546181859
0.0005626714383502423 0.0009460965189618177
0.00026243875482866765 8.9107946685782e-05
-0.0002453055600398626 0.0010089338257070293
0.0001810438970260458 -0.0004279472421799545
-0.00016143888081085922 0.000305420697667322
-0.0011239655945477671 -0.0006609437184474657
4.2542172325632334e-05 -0.00018666917356555254
-0.00013932104701535692 0.0005004217275494838
-0.0001541604608085094 0.0013979243693478052
-0.00030262620197121597 0.0009334706159839111
0.0015039830156192812 0.0013065768865541014
-0.0001840411502431081 0.0007070636158076034
-0.00041441141867673044 -0.00028533304879346805
-0.00036816538408510156 -0.00042707544422680135
0.0005541676582992359 0.0007273838629005478
-0.0009307868959869935 -0.00018087765789319264
-0.00044256960661212855 -0.0005635034043294514
0.0003260176456821716 -0.0005121095457310576
-0.00045872333919727527 -0.00040369890621779473
0.001082547638511637 0.0013689587986190762
-0.000706115305402316 0.0008927925045321163
0.0007603837756804461 7.957949690687599e-05
-0.0013651656872858005 -0.0004149221460551122
0.000263902686736428 0.00010606346488190788
5.814502066773712e-05 -0.001204498806513258
0.0013896704084403945 -0.0013058826949203697
-0.00034689277258306736 -0.0005057156573507687
0.00018610835672048883 -0.0007382912338093844
0.0012756251768852663 0.00013532942132560264
0.00014403864281856577 -0.0009059673898627734
-0.0013031451825070725 -0.0005544818550090343
0.0008516406395020508 0.0003028550469917214
-0.0009730194408867812 6.744215850207298e-05
0.00024993141513087895 -0.0001918010444054932
-0.00020027521266370167 0.0005850317552285887
0.0005153089076723205 0.00013958701615686303
-0.0002513704108360087 -0.00043901481550913813
0.001207758937970173 0.00010626506086531432
0.0002619671830142428 3.576150246641899e-05
0.00015268828918027478 0.0001384013073219917
-0.0005162540279371394 -0.0011798101763490557
-1.6422838110745796e-05 -0.0002542824971844859
-0.00047522370294467815 0.00011328901106275076
-0.0009427626692116836 -0.00020962158091126652
0.0002792373959671751 -0.0005879848660858449
0.00012809578476207303 0.00011887874142606236
0.0006203301810842586 0.0005072258370295969
-0.0006343146793029237 -0.0004574707746846036
-0.00048037053071789675 -0.0006504973643815551
-0.0008002697319740428 0.0007544415771755146
-3.7771243428495326e-05 0.00011335377597673866
0.0010166105696159445 -0.0006321660447544018
0.0008296278891968131 -0.0001957578965327997
-0.0001593789588381989 9.427453892574568e-05
-0.00019704388371080429 -0.0004041069852744304
-0.0012582812449826383 -9.714227995035707e-05
0.00039009935092675546 -9.827438107217692e-05
0.001943585885616751 -0.00014836687706343117
0.0009444756927407203 -6.496049843532187e-05
9.201331824700858e-05 -0.0002562358255513825
-0.0009562104762976904 0.0008934370223955825
-0.0006633847591509554 0.0005149311472346924
-0.0006255029914788903 -6.607999414875025e-05
0.0005233897114653446 3.100276996408016e-05
-0.0007349008736598038 0.0008508771277013301
-0.00013518481189627032 0.0006395186625845682
0.0002807106898994611 -0.000600345925658264
8.915859995356555e-05 0.0008459195651323568
-0.0003108035040241791 0.000934488376893098
-0.00041970783649665413 -0.0003112819040369397
-0.00019646208199804323 -0.00014088627424460262
0.0008335182399973551 -0.0006109083185644869
-0.0002208710768968105 -0.00014661980608030227
0.0007589948308154856 -0.0010828965458347152
0.00014691823814086204 0.00021892168834742175
0.0009884230110744161 -5.258925944527854e-05
0.0009798833691203714 -0.0005691703649632097
0.0009020280467163186 -0.000486013262477903
-0.0012578360253299387 -0.00044907203507266684
-0.0004936142831324311 0.0010111884477287214
-0.0006543946811835575 -0.0006245018393640846
-0.00035311019648584193 -8.346337403091373e-06
0.0014052571352017884 4.357295503451859e-05
-0.0010272344936209997 -9.918627178907735e-05
-0.0008022462574583071 -0.00033874023612307614
-9.234065822445262e-05 -0.0002063631459215525
0.0005566616122862876 -0.0003486153500889744
-0.0008789415894471065 0.00029647364034563183
7.120829750709356e-05 -0.0003519678024159859
0.0002679704277752812 -0.0002528419379952935
0.0007522701447960895 -0.0007999465609956282
-0.0003149414494163385 0.00039997754149653114
0.0002153494477645591 -0.0006689157518272902
-1.2286815886255386e-05 0.0005354293993012561
0.0007267232722582757 0.00020362498349664858
0.00039047672713842863 0.00022928841119666926
-7.03600342378408e-05 0.0004170797321098669
-0.00045407197638481296 5.7480171819238245e-05
-5.600186912568675e-05 -0.0001995107760124746
-0.00030105922169580414 0.0007384429018101733
0.00029135602373532425 0.0001193954626149111
-0.00015397744371822378 -0.00046282881794746804
-0.000579117663609758 9.381768894423498e-05
-0.0004126359094804884 -0.0003705970353310964
-3.153852245720607e-05 -0.00033449466129692636
0.0010613059513928796 -0.00012522459907150194
0.000440859818409938 0.0010384493042702573
0.0010499449443954288 0.0005144145276876995
-0.00019670298157628 0.0005637415875854231
2.2650924590310467e-05 -0.0009676353684641599
0.0002571049739995212 -0.0005244835894025575
-0.0009247176012203694 -0.0008109642187425749
4.500750883827877e-06 6.552243066873124e-05
0.0005957409952169689 -0.0006643469475465875
-0.0005625060120414828 -0.00017620844071113427
-0.00045834787098417374 0.00046961051136364985
0.0013003914626930793 -0.001208730160872576
-0.00011420084134064448 -0.00029976680659319146
0.0007119029463810901 0.0001871137605394621
0.0006842021688152631 0.0008141493628577648
-0.00025166458340222195 -0.0007032048384349185
0.0010895681962854503 0.0007266056169979567
0.0005277437936765571 6.759801066896541e-05
0.00027687464734741214 -0.0003300372325587073
0.0009748696833397315 -0.0003250695251441396
0.0008106604002583591 0.00011004210251935809
-0.00034982173035297525 0.0007159487462445984
-0.00017768577070159766 -0.00015450854356638467
-0.0004635408821641153 -3.544274543011065e-05
-0.0002598889318836583 -0.00013336618442364082
0.0009373650422947828 -0.0008633723632437655
-0.0008185368755659878 -0.00024404065445730752
0.0003665701645410291 -0.0007500380541034103
0.00035217119300268136 0.0003752573206925215
5.97035359999796e-05 -0.0005135378275905895
0.0002912929129221967 0.000459900130449069
0.0005290747570683624 0.0004121503946654902
0.00028018673054176465 -0.00010872252477192194
-0.0007822981625654123 -0.0003408532188070883
-0.0004876087599026234 -0.000124781487943029
-0.00048113043022881066 -6.526078983757404e-05
-0.0007935700260156283 -0.00012160086383772275
-0.00013462833400807386 0.0005089996811981502
-2.5457108670083657e-05 -0.0003076125572255084
0.0006934997355201524 -0.001586819130094621
-0.0004052504427031486 -7.612657751850503e-05
0.00021713141984822497 -0.0003286177693088561
-0.0005789072957869488 0.0003125035624992035
-0.0007400801567574303 -0.0009310187630028178
0.00024413742349025877 0.001215488908517366
-0.0002954548778204588 0.00011201861326403738
0.0009087583698430717 0.0008665739474100206
0.000985996340515743 -0.00045000365699736605
-0.00022022902099105398 -0.0008480032754007002
-0.000132113234660385 -0.0007278455456623558
0.0007033197262226263 -0.0003191315036918629
0.0009183265416137893 -0.001488925841932288
-0.001036094418458177 0.00016370851059343305
-0.00038420262410616203 0.00043751319541398143
0.00024211250567457093 -0.00021811319806266133
0.0003741321808796353 -0.0007771359647170203
0.0007023871576961153 0.00024436372407903457
-5.622920050884671e-05 0.0008073089929958327
0.00020745094952628413 0.0001359200433824799
-0.0004610097277781883 0.00032866012162308784
-0.0001836387086221347 0.0002343271510741854
0.0009081729762178093 0.0007843801770195816
-0.00030038624952222453 0.000128263764278321
0.00024376257433719305 -0.00043558240622145313
-0.0004120757146589736 0.00040991117814008797
-0.00019310604738526484 -0.0013485880125803484
0.0004205568060141461 0.0007825531786091826
0.000696442594858722 0.0006169961825281998
0.0007434546670249636 -0.0006725292521981139
0.000171523702517863 0.00027338977721890644
-0.0005140450732670854 -6.471945262894634e-05
-0.00010063497966945514 0.00016217418548570618
-2.5103270731363062e-05 0.0007021088687049141
-0.0006105205991683795 -0.0005852002105008597
-1.4974519457548122e-05 -0.00029740593622145213
-0.00041215533953664694 -0.0004732809997448923
2.6471732612946827e-05 3.083305005388751e-05
-0.0005111108195997303 -5.1541766079286555e-05
0.0010091844425127797 -0.00023912881927107735
0.0006157618349405774 -0.0005196243340634119
-0.0014796353681794444 0.0005272489302655207
-0.00011548554274683982 0.00017108443761273425
0.0007319459721207907 -0.0008211822668563715
0.00032562160047428206 0.0003307112487536358
-0.00035045906084173997 0.0003122689289798094
-0.00020687344468574856 0.00045221595256830283
-0.0009464000480388601 -0.001256560091321058
-0.0010320686784926075 -0.0006229433658544564
0.00082891701182401 -0.00013505442178472614
0.00023142139425104952 -0.00020829137032857007
-0.0015781966036261966 -0.0005118627009353808
0.00040663384904328023 0.00024501604837449725
-0.0003240398608524309 1.9363492305604415e-05
0.00011764210681651602 0.00017193472977827638
7.781515145733616e-05 -0.0008505714154176394
0.00012384164466049924 -0.0007366466377739298
0.00025676429584636003 0.00015057200991054227
0.0001221111801117361 0.00011020947125945256
-0.0010475762052688678 0.0002713660458747672
0.00022338325576637364 -0.00019831672080688153
0.00010124408705073241 -0.0005462837241515646
0.0005319620797947982 -0.0005371431653063436
0.00018200569536184352 -2.5703849740832163e-05
-4.282939218856051e-06 0.0010815714004205972
0.000411365774063856 -4.426381436588292e-05
-8.340833054523421e-05 -0.00032084695356683304
0.0009940203993978353 0.0002276101794787285
-0.0002838596728187422 0.0006413809917916082
-0.0001602746748332072 -0.0006412788514103547
-0.0011314285796271816 0.000852682735960944
0.000362216637791384 -0.0004169230367765448
-0.000979796098947714 0.000230987431557063
-0.00012401475737283313 0.0008510023612041501
0.0005272227919527824 0.001390032472890294
-1.7043652668205057e-05 0.000180244275273982
-0.00023771581230848832 -0.000621314208002419
-0.00016537719720567144 -0.0003990069559427409
-0.0006681194650059089 0.00012098131929316631
-0.00023172755555067194 0.000930307144451632
-0.0003033754391630224 -0.0004000029189621814
-0.00029220665652663876 -0.000362025670217961
0.0006933203232277939 3.311033997533377e-05
0.00020245179159654092 3.0207872069674294e-05
0.00017110508131243024 0.0007266099915830104
-0.00033464003283126357 0.0007040807920385383
-0.00021647387987363382 -0.0004591034827789814
-0.0003388470041404131 0.0002949040577333853
-2.386828451537244e-05 0.000461643990139121
-0.0002611743016614487 -5.9309908032603485e-05
0.00010523851936673638 -0.0003022368280994985
-0.0005618242102734115 -8.492350178187713e-05
0.000706306559966682 -7.451191337811265e-05
-0.0006980172895255907 -0.00033834593485947666
0.0004487902027614818 0.00032307104654535375
-0.0005339401389307163 1.9966405283841645e-05
-9.636143636001658e-05 0.000647563726812049
0.00040428777033257065 0.0005848533487681892
0.0004517193223019861 1.6093818081059722e-05
0.00029618802268646806 -0.000670553298518403
0.00023705399395652042 -0.00047183213709506603
-0.00037612687627508354 7.026152462886023e-06
0.0007855174447137458 0.0005341040638183083
0.000785761876927471 -0.0003947335343693013
-0.00017998232423848795 0.0007982620026433366
0.0005885763084490549 0.0007868281172370296
0.00010150964375287774 -0.0009103764473348762
-0.0004622353371154463 -0.000525693420273079
-0.0002880877669340396 0.0007042341692013568
0.0006632396267012154 -0.0006385140776655793
4.79256668258005e-05 1.6594668870919393e-05
0.0006543523800533543 0.0008265249207963344
0.0018558693365029594 -0.00010209978270980196
-0.0008331356128918637 -6.247876091391863e-05
0.00013472222659847012 0.0007530877282782617
0.0003775170777731409 -0.0006353365323376334
0.0004737449315976246 0.00021224674646790534
-0.00045502147508918566 0.00046307258241903344
-0.0007081154577714479 4.3382966103028285e-05
-0.00011822253325974555 0.00015634132343866333
-0.00046658658055262345 -0.0006622061919934659
-9.079675010062411e-06 -0.00043769653068219
0.0004907534241940747 -0.0013100336771408394
-0.00046819989264970115 8.997963409680406e-05
-7.007822720930931e-05 0.000292950675615357
-9.328452555334154e-06 -0.00016955322740367697
0.00013038324713620443 0.00026454749825616583
0.0003876070073314512 1.719736270303221e-06
0.0004224305389927879 -0.00040977184464757374
0.00039766017947078853 9.561198747699059e-05
0.00011409366818937444 0.0001352887308997302
-0.0002965525436501922 0.0004985146215058747
-0.0007619152772773525 -0.0003367602801212676
0.0006041270221506601 0.00017260607658347983
0.00013651311015536684 -0.0003444382167058008
0.00014927530106302974 0.00062294862071766
-0.00019416772798211412 -0.00039886840255731016
0.0011826215946553523 0.0004170163233935045
