2.1197628976988433e-05 4.362181126623729e-05
5.7199233259221447e-05 2.4934231488667088e-05
0.01933060045158249 0.02851682531777172
0.00017064787076438427 -0.0006128501583958181
0.0011683474171952952 0.0003788247922744803
0.00019282234048849034 0.0005306298529113713
-3.791667285934605e-05 -6.9842337642706e-05
0.00037266794081661827 -0.0003363593425498323
-0.0009871325063349873 -0.001075791736377549
0.00012445153047250862 0.00029834708128820427
0.000984849329749417 -0.0010039098123982041
0.000593580202250502 0.0010092910907718515
0.0009286868374631088 -0.00019655934811901052
3.804780203180727e-05 -0.0001382457396733546
0.0006908899664163316 0.00053295802040862
-0.0005163752823863439 -0.000831724066463312
-0.0003936332164614715 -2.162164362285653e-05
0.0012831899900816676 -0.0007106331134580565
-0.00014832833865785586 -0.000759447647933665
0.00028983904466517126 0.0002508934919359392
0.00023770844668690512 0.0008651769077603506
-0.00021732211072773283 2.773113753453339e-05
0.0016847097489623845 5.941513188132402e-05
0.00010469931016628183 0.00039125422290667777
0.0007095944106046624 0.00012982567915501003
-0.00032452047147331874 -0.00015493258122894623
5.181915324452592e-06 -0.0009362396273976389
0.0001239845739754751 -0.00010392376676314462
5.400494355545864e-05 -0.0009124993366915851
-4.9215911444323825e-05 0.0003550825140063359
0.0001230852567044522 0.0008243993672506695
-0.0004906373732515542 -0.0003428835875286601
0.0012334145118753925 -5.610545214756687e-05
-0.0004260509370710493 -0.0013647601271893144
-4.038536828881399e-05 -0.000913839000898193
0.0013538056519044894 0.0006494169009160915
0.00102485033268632 0.00013130251392777954
-0.0005752706913105859 0.0013407424218334872
0.00027961004069510854 0.0005766208060204154
-0.00015702585144115248 -0.0007538070655462565
0.0008418520464692866 -0.00043946966167454247
0.0016463869968984933 9.43343486964343e-05
-4.0125539445418964e-05 0.0008727425736453252
-0.0009492438117848984 -0.0005035708951165576
-0.0006800214056767826 0.0008541060551465984
0.0007080456238635111 -0.0004115929838777984
-0.0014449382702049476 -1.430922275532952e-05
-0.0009644408203772743 -0.0005619643785703836
-0.00013646274691825132 -0.0015209339926128974
0.0002635221941877053 0.0009707653381288411
0.0009610722137728921 0.00028635107856816376
0.0011958662509590115 -0.001330093350244494
0.0003999685222533192 -0.0004895481381885385
-0.0001334020839276378 0.0011849540874880398
6.10549698673813e-06 0.000939934807669152
0.00021918218982503276 0.0004591267036392767
0.0009136925304164857 -0.0010426335253645674
-0.0008192654144056348 0.0012466927958302994
-0.0004367167107213507 -0.0011760351157115026
0.0010039421743361292 -0.000528326533680253
0.000885470122508735 -0.00014922040053218103
-0.0005369828787751063 5.835026116931645e-05
-0.00013011344324927068 -0.0002821284072212166
-0.0003936511350729535 -0.0009483803167144399
-0.0001434715547880686 0.00023605319984801865
-0.0007701165311864672 0.0003091830261805452
0.0009468801369669612 -0.0010868929171779429
0.0009645054030951011 -0.0001965425472613854
-0.000828721331860159 -0.00028505265106329013
-0.0006877342704353218 0.0019859087801103485
-0.0009443047049198529 -0.0008128311675687404
-0.0012523981531071496 -0.00019832948924610467
-0.0003498669610165987 0.0005610727620388564
-0.0001993221730226245 0.00022723302893465274
0.0013370166365152614 -0.0002614280786240569
0.0012539401736546964 0.0004428011181900534
-0.0011448709796023058 -0.0006858364071135085
0.0002635510030461756 -0.0001705981228940355
0.0007054690908718156 -0.0004386989131626069
-1.4228253614460652e-05 0.0005361136742407497
-0.00039270611803249517 7.770398076150697e-05
-0.0008461593334549932 -0.0006130468505986699
0.0014882757957309523 5.027152470467956e-05
-0.0011156228973616985 0.00015016440205027295
-0.0002876980987809193 0.0002931221504438675
-0.00037812353801174254 0.002316772222812099
-0.0004276869632078869 -0.0003878862924898574
-0.0003110571781144929 -0.0005247071019928877
0.0006987926629255358 -0.0012963827887023495
0.0005179351388441674 0.0003917645449982843
-0.00014468455481009623 -0.00041327295213730553
-4.290715401014776e-05 0.0011944369055906518
0.0003641088300688662 0.00017289325134275593
-0.00021734642886629343 0.0008263514467578856
0.0003752541488201712 0.0004170728762989845
-0.0009881743558081675 -0.00159153981558197
-0.00014434396045939798 0.0007293763089423232
0.0003229340626340245 0.0005181061984820146
0.0004353065739823906 -0.0014290947793969516
0.0007772344505548655 -0.0006007494792729962
-0.0008213153882048662 -0.000491121881554404
-6.521114571799986e-05 -0.0005299325050327193
0.0007611074464294734 0.0015916840561419063
0.0003409726279527743 0.0001875675301451142
-0.000513438012950398 -0.0001827278247818202
-0.0001959314309470719 -0.00015296008794663446
0.0005363823957618334 -0.0006567435968005647
-1.626118129214514e-05 0.0005420048767673725
-0.0008667577485607559 0.0001251579594172072
-0.00015043600595542874 -0.00020348483429410554
0.0003178889462680883 -0.0007157179233818067
0.000527157417857729 0.00031945248610733507
0.0002815666118339745 0.0003794080164939383
2.0188422768743615e-05 -0.0002382602024693866
-9.202469342455317e-05 -0.00016979811892177456
-0.0005832530434790725 0.0007485403944106349
-0.0007951361103742504 0.000557608653741883
0.00044253768860035085 6.0089258202344366e-05
-0.0006657174327216028 0.00012639714390391273
0.00015726685264749748 0.001085159208124497
0.00023878590838191142 0.0005076875361474864
-0.0006084918948501661 2.527515391041045e-05
-0.000187911548693464 4.3116531047442333e-05
0.0005129460980611352 -3.813725163786358e-05
0.0006458342160745573 7.232301908075398e-05
0.00012969676014593044 0.000331162325125545
-0.0002451461246816003 -0.0006479189542841399
4.6766740656966286e-05 0.0007639781533589891
0.00046447961173322084 0.00010842528426734905
-0.0002598581465702221 -0.001349689896128059
-1.5232416233960192e-05 0.0007831504429725115
-0.0005445854005676031 -0.0005419249568524733
-6.921822846923209e-05 0.0001273444721686318
-0.0010048805386958458 0.00017334669706958392
-0.0002817833483339924 -9.457541748111383e-05
-0.0006696513656693904 0.0003368174661350115
-0.00015843365237916223 -0.0004731825807383833
-1.997712082754753e-05 0.000368971322881166
-0.00027571673291867276 9.85708807667384e-05
-0.00025554056186099985 0.0003307324275559098
0.0002030293769219988 -1.5228970093459973e-05
0.0006164058644770566 0.00038140380714065856
-1.3599667776343095e-05 -0.0006723509524701468
-0.00022331331902593693 -0.0006086453889366322
-9.849931772753485e-05 0.0009727569225947424
0.0004391308087247741 -0.00026693709527712166
-7.948803061700448e-05 0.0006085263797483392
0.00019121944874598285 -0.0006544595483409317
-0.00021979627811152894 -0.0007790087950496349
-0.0004909115543385549 -0.0006848771430400088
0.0006607984439965705 -9.900538987710199e-05
0.0003385803279480778 -0.000469886159099825
-0.0006787505479560468 5.5029114372400085e-05
-0.0006173875859103379 -0.0003422711184184743
8.079805158551029e-05 0.0009611643400745694
-0.00014175660273101307 0.0002908668206648603
0.00013647923909886796 0.0008917944739605578
-4.822851479170508e-07 8.864942937107701e-05
-0.00023063914902487988 0.0006819440117666147
0.00019000247677206122 0.00038908994243796004
0.0006423567208107137 -0.0007581969670476025
-0.0005104361228562786 -0.00028473945615861733
-1.719452542877523e-05 -0.0006227468544756635
-0.0004226478105770736 0.0001665566128550326
0.00016993898955976398 0.00013258543558645702
-0.00022731090687167478 -0.00021441479281595762
9.798622103378075e-05 0.0006433812308702829
0.00048429225433658407 -0.00022233864231827153
0.00016022065968784727 -0.0003796204369542205
-0.0010099558204490328 -0.0011352975832561564
0.00015519718486442185 -0.00010894136051443716
0.0006152794517577082 -5.1294375428691614e-05
-5.913571822058628e-06 -0.0006002827544625941
-0.0005177675931214818 -9.620013276612235e-05
0.0009085547199364302 0.0005635521983432418
0.001009609315518639 -0.0011287129301709364
-0.0004517096082003971 0.00022226622346333905
-0.0006124515816539214 0.0007763629983372819
0.0004906230086473307 -0.00018626086028013426
0.000692005089513637 5.1207741972984666e-05
0.0006840958662963619 0.00048441169385448463
0.0005340493898931328 0.00037073513934236476
0.00019898650415559995 0.00037150396343571984
0.0011446913138652504 0.00038037086318546456
8.984607518352396e-05 0.00047384019742761636
0.00034163608210426347 -0.0003875321436395119
-0.0008980096003093195 0.0006630232659188344
0.0003401844891249634 0.0005676577061155474
-0.00031367488539832866 -0.00031243103599622526
-0.0011264007437216373 -0.0005346504299220292
0.0008537107066996928 -0.000960082094905554
-0.0011140687743601606 -0.0001686673071155747
-0.0003728336151379491 -0.00046513882528515746
-0.0006112817523634846 0.0009759089411604061
-0.0005635556061463495 0.00040129831485786566
-0.0006709434934569625 0.00024114127441622846
-0.00047316132473055505 -4.098517301404855e-05
0.00030417831934251375 3.205106188823013e-05
7.85390865466621e-06 -0.001219217561269349
-0.0006547887575463899 0.0004513815977594092
-0.0005274716235075022 3.550733256935945e-05
-0.0006191445188921524 -0.000564157138793856
-0.0004942774948362402 0.00040089210807273573
0.0006125139775959256 0.00021441589896076236
0.0004670408662105987 -0.0015278673838000907
0.00021881226907229887 -0.00015631843437326513
0.000279346903330082 -0.0015050531850640725
-0.0003897403026106973 8.206898706809291e-05
-0.0001229379389926172 0.00038623872033764577
0.00024305710181681857 0.00013905044867316795
0.00012739092895580978 -0.00047008058038801
-4.5767960606522824e-05 0.00038875511096896087
-0.00010791839909161501 -2.1990432177829444e-05
0.00024319342268821158 -0.00021952095039453096
0.0015076290840628447 0.000649412723861474
0.00018790204219960895 0.00042112590977482433
0.0003890370440865571 -0.0003398312055476229
-0.0005308423281374375 0.0007207976189088772
9.396878729122948e-05 -0.0008477994714778457
7.70073816927343e-05 0.00021583958363022662
-0.000648565607019336 0.001424449534174358
0.0004378710576139761 -0.000995514964330605
-0.0012549893150510174 -1.1417219163790515e-05
0.0004059714371894436 -0.00047590390499965894
-0.0002965831999779258 0.0004911983210797584
-0.0002457980965236248 -0.0010276618696988186
-0.00010435816067116644 -0.0005491433260752934
7.320726970473097e-05 0.0003122825392747722
0.0002687976302839379 -0.0005343992821733904
-0.0001107001316527908 0.00022809182627544738
0.00011983768920512442 -0.0003809960604045506
3.936413114019891e-05 0.00022523218224370457
0.0005783318758750055 -0.000869526340007872
-0.0007757746320578322 -0.0009467575376613353
-0.0005215858307494018 -0.0005322742370354156
0.0006089927153021901 0.0001210362866713002
0.00042721825616536273 0.001187956829868677
-0.000585518203920719 -0.0006858969938055978
9.706878090136869e-05 7.339748608584041e-06
0.0013430584455753512 0.00022330915561167297
-0.000570886183176515 -0.00015367981373574403
4.872583052875466e-05 -0.0007624705522370809
-0.0007603485574407663 -0.00015579283105333328
0.0011403888463992064 -0.0005073730093535513
-0.000796431924117278 0.00019680464850760482
0.0005809959460073021 3.03776556210451e-05
-0.0009745089656736432 0.0007913657051144721
-0.0004591162606102932 0.0009815031353678637
-0.0007755734974294117 -0.00040734237967487253
-0.0001255632335307028 -0.0008825232902443633
-0.00043512835400267484 0.000712854594475391
0.0001560590786983639 -0.0003627119420060543
-0.0003445518229190437 -0.0006372482303723966
0.00022029665446477223 0.0003765157730064286
0.00040691507465695465 0.0011019254346537805
0.0005887800258872453 0.0010660902900763505
0.00010778809021263153 0.00010673559251413946
0.0006715005368166709 0.0006526153974860363
0.0006411259836550489 1.537599144765508e-05
-0.000441300718496924 -0.0003889734435090921
0.001701914865641591 0.0006482678767186028
-0.0010216878388526814 0.00045095562257530116
0.0011372847018428715 0.0002424390416613418
-0.0008193791682788239 0.00010247483279561831
-0.00011962202984476403 -3.879849015727093e-07
0.0007058165405536557 0.0005056196555694339
0.00014875728283985954 0.0005794217081031688
0.00010925511801961614 0.0011148410162203264
-0.00012581159503288476 -0.000923859386033221
-5.477928159139704e-05 0.00018807933230593723
0.00019567581865361286 0.00032610062639440305
-0.00020604374664959848 -0.00054366889813816
-0.00116656326471509 -0.0008088754506329198
-8.088566289724668e-05 -0.0007286465571276999
-0.00014921101505873196 -0.0007118096345537651
0.00020115393943855172 0.0005270205073367806
-0.0009732574809300153 5.3065939770234363e-05
0.0005450125051508703 -0.0008551211717388323
-0.00019048241909831926 0.0003044836446799878
6.908688639572022e-05 -0.0004973217469235716
0.00018849375066137036 -0.0007248224271547091
-0.0005865944599913906 8.741343709471929e-05
0.0004216206403065474 -0.000747147584265204
-0.00035850193536004197 -2.6467278172456565e-05
0.0002115994467477754 -0.00029653451463991076
8.222802733935684e-05 0.0004496973793576505
-0.0011437358981643989 0.00040976645333721
-0.0005475060003928104 0.0005603710753414504
0.00045468734505046477 -0.00015338641718613548
-0.00011687898334054261 0.0002678526810939985
-0.0001008622425348977 -0.000570484714861848
0.0004981112652076208 -0.0006557473893038493
4.5578157737848536e-05 0.0003103868030253446
-0.0003764920824016932 0.00041711356355044295
-0.00028534539602697174 -0.0009148307217052338
0.00022722978466539263 0.0012513635633659662
-0.0005107537032727018 0.0001363514402463835
-0.00031412877984608224 0.0006323195088755168
0.0009341210343517219 -0.0007128078046411299
0.000536031595035555 -0.0004192059230974734
0.0006083386326266071 -0.0005994596609894481
0.0003127825296161783 -0.00034078574875116065
0.00018567025265033116 -0.0013703842130783934
