3.882775873668614e-05 4.678536872340379e-05
1.807511098227217e-05 3.49261237513256e-05
0.024107589686762926 0.03215682755656551
-0.00042534982198684637 -0.0006567545493600148
-4.1030349690328775e-05 -0.0005531101923310814
-0.0008446611086625958 0.001410996065531441
0.0007986214039485332 -0.0010838937838010371
0.0002610885855056457 -0.0001249092356868247
-0.0007332100110600437 0.0006304442800166759
-0.00025218214048787317 0.0006757530465200316
0.00042713149961680905 0.0006276645235672772
-0.0005294654306030216 0.0004833038363678587
-0.00039747367470856595 0.0005764742298645376
-0.0003903602190097937 0.0006522211959237393
0.0007504038686412571 -0.0005953930304005203
0.0007835202296994079 -0.0005048557456892155
-0.0003186070176424576 -0.00029101768848705195
-0.00018846313901083156 0.0006841441321797368
0.00027196315628706257 -0.0003312891589079307
3.2800404758077627e-06 -0.0003606556283320473
0.00028773182230589075 2.0978095809886474e-05
-0.00040089317553605963 -0.0005990716982314441
-8.569697845332333e-05 -0.0008036220716992848
-0.00019963429902436318 0.0008781598945398368
0.0004943002276860955 -0.0008202707856309106
-0.0007473207481882579 0.0004953733848590554
-0.0011649628680738579 0.000802409535125333
0.0006547942010663765 0.0011311617369523794
-0.00041194525022091857 0.00046818855148389633
0.0010395473767291158 0.0005099273249849317
-0.0012261518891930668 -0.0003468714945847475
0.0008986665379127755 0.0010306700301361315
0.00022942422888833273 -0.0008103001882795963
-0.00027688742509648516 -8.458655478955449e-07
0.0009350766988137573 0.00038878772346271533
0.00010527744378442959 0.00012437832037717064
-0.0010124736557828695 -0.0007075536756115988
0.0003831521719549584 0.00020986588937374202
0.00031579430236106933 -0.000560144385207807
0.0001967712222658731 0.00018161114089013623
0.0003818621228851755 -0.0007147838960284677
0.0004178296130141057 0.0006578567268056385
0.0010471910494092615 -0.0006160089190974069
-0.0011591508852924128 0.0008457825160504861
-0.0006781246960165425 0.00045546565064501937
-0.00024385589065167436 0.0005474897039392039
-0.0010438818192832163 -0.00037147506851522465
-0.00014230493311472234 -3.2266825433056086e-05
-2.9543691646073796e-05 0.00042449263568078747
0.0001982603745852853 -0.000597597452601701
0.00010275114991683245 -0.00040379950538063896
-0.00040607130842045604 -0.001457579517086908
-1.1257685550499651e-05 -0.00041763229278726934
0.00021136428381401945 -0.0006051568996269501
-0.0009365569914716573 0.000707716046737901
-0.00010824222562706853 -0.00012887251792917078
-0.0004876795475509879 -0.00044584375766289105
-0.0006227320280935109 0.000858709322480325
-0.00028877557268562403 -0.0007172899139870694
0.00030656347337420126 0.0006156778969591599
0.001414076377417186 -0.00054960863305091
0.0005885729782743205 -0.0002314677294586402
-0.0013142067914451532 0.0007508810911807186
-0.00057541717173878 -0.0004193784388637916
-8.539830799511907e-05 0.00023751570184633747
-0.00047332233055260756 -0.00012076327505180212
8.010647815839558e-05 0.0012385136710197032
0.00023980705891463175 5.364873530316095e-05
-0.0012859117187359224 0.00014777053090081683
-0.000332548121438591 0.0008879369333694871
0.00010391802120019281 0.00023071295419714453
-0.0002471762164072255 0.00028885492360001283
8.354478119422252e-05 0.001368913705199373
-0.0002208130466073402 0.00015571317578082032
0.0004361294107490042 0.00029796748187155254
-0.001172153110100931 0.0004184324881069098
0.0012295364866236637 -0.0005530996139039685
-0.0006420509455937084 0.00125781609285181
-0.0006427377564537389 -0.00022535350467960816
-0.0005502771628795569 -0.0006823854900376056
0.0008533325220716984 -0.0016161633187924693
-0.0002537186508426835 0.000897085258777096
-0.00019483343598052734 -0.0005539553755724536
0.000159991595116854 -0.0005116021092124671
-3.36827432585319e-05 -0.0003470464190542552
-0.0003567993192824611 -0.0006120802508190143
-0.00010453281708707323 0.0007389015377279335
0.0005909249866858353 -0.0003278017124617689
0.0001932464115928339 0.0011077913627784417
0.00011266828603931623 0.001041631040896334
0.0007463889333745033 -0.0016459003545699596
0.0014007656124604183 -0.000930307749821483
-0.0003695910761990546 0.0011726411984281527
0.0011041237646339673 -5.084433756820835e-05
-6.105781723335343e-05 0.0019416162250458638
-0.00038742443223650086 0.0006787210241074341
0.00042600311973624104 0.0004745177897959653
-0.00030249426597446234 -0.0002975275510723254
-4.438623374436346e-05 -0.0005833628087074455
-0.0011507430031396084 -0.00022467451081997493
0.0003108969244763802 -0.0010455787429520366
0.0016390032551208856 0.0007121383530296332
0.000362021620316828 0.0003333512105882041
0.0014508663350791295 -0.0010027346428195462
0.0009819714810776954 0.00029176413599024307
0.00040710118387290935 0.0001725665213436157
0.0008372299051420075 -0.00021139894362143035
-0.00034002150202103605 -8.805707512256236e-05
5.309782167792689e-05 -0.00021468314575020305
0.000343124535109209 -0.0001557095955068873
0.00031717417617443396 -0.0008114343166129003
0.00019235107154610465 -0.00071302705255643
0.00038332825788634596 -0.0009748122970826071
-0.001376228921010258 -0.00047891914478777526
-1.4819400722459507e-06 0.0004875221269101228
-0.00047958949030608967 0.0002752123145301627
0.00040029816597886563 4.4062243823465615e-05
0.0003170402782635978 0.0004803057821085907
-3.5150838536315715e-05 -9.163152340536243e-05
0.0005020928256935278 -0.00035298049823892887
-5.02559152297522e-05 -0.0007634832357842066
0.0009308935688693457 0.00021256302196485363
-0.000328564903485779 -0.0010774753029803785
-0.0003122351112197269 0.0007693497236312957
-0.0002344161167638071 -0.0002183850742343363
1.2462329455311473e-05 0.000727559786825814
0.0009543228433895681 0.0006084729718854545
0.0001639832751718172 0.0005549737919696379
0.0012104066888988766 0.00010984288171687828
-0.0009841979677830985 -9.36154388606734e-06
0.00041219941212544524 0.0003112368575101959
-0.0004795246906094221 0.0014375767893409844
-0.0001922709341231795 -0.0004168595287360986
2.016818578977801e-05 0.001042012290893744
0.0007932644024058037 0.0003378667955491494
0.00020545682353783105 0.00017736299910952046
-0.00046733976473762353 0.0003229094630881168
0.0005871937127517666 0.0005459143210489988
-0.0007202582275008209 -0.0001458289503842015
0.0006004655193309221 -0.0005848911068856775
0.0008310045298509888 0.0002118364665427434
0.00038148012264808213 -0.0001533972254015564
0.0001270474164841092 0.0001756289177115963
-0.00026169935063282936 0.0011029028068703557
0.0003024405936520125 -0.0006731078373539176
-0.0008595626889070873 0.00036426492911402947
-0.0008797676697176123 -0.0007582472880867313
0.0007784692315269309 -3.452303529233799e-06
0.00021902176085591488 0.0010939044721432409
7.566091394078063e-05 -0.0007589042871806483
-0.0013155741509910108 -9.867659402272042e-05
-0.0009018692750118005 -0.0005091990833381471
0.0003614455311195194 2.4149473719607573e-05
0.0007759786761515751 0.0012744985925951906
0.00026104069371908774 0.0009696536164110243
0.0002472775805071064 0.00033950878441794404
0.0002869278508658761 0.00020969106731803236
0.0004403741291245482 -0.0006269708167513741
-0.0005386967737901494 0.0002913037271861818
8.837203763630546e-05 -1.8843451114387543e-05
-8.473110923809219e-05 0.0002131303446255175
0.0009940354311822517 0.0003543342385218058
-0.00010711893671472831 0.0006720866234518983
-4.174307745802435e-05 -1.9679077663439284e-05
0.0008225901879828167 -6.281329039454387e-05
5.840651801938084e-05 -0.00046397852290199957
0.0004608506546951591 -0.0002768558916063594
0.00010872811083769307 0.0005369966405050676
-0.00017099867499649422 -3.808791001044359e-05
0.00033759381217124076 -6.553079633163451e-05
0.0005566516737856866 -0.00043934834289414276
0.0003596318684110958 0.0004905959613379652
0.0002725375421023146 -0.00037766460536925385
0.00016038512393048716 -0.0006547368296082411
0.0001106632475103589 0.00013969142682520216
0.0010351161361522104 0.0015001330663708008
0.0007338648535092183 -0.0009757464020004324
-0.0001515596051878918 -0.0009629885732271631
4.712335070935251e-05 -0.00018737243889421968
-0.00018281691317347228 -0.0014830180718625166
-0.00017509726614700906 0.00030204614720283005
-0.00028037980736218777 -0.0001266770518741983
-4.256148324631206e-05 -5.534799483207478e-06
-4.543522221778128e-05 -2.3698707385173545e-05
0.0007505514781625461 -0.0002069731670310635
0.0007192278390990554 -0.001220987887359868
0.0003667327329306972 -0.00127410961970382
-0.0008146426762340588 -0.0007917896227597179
0.00024134135235992347 0.00013807674369526924
0.0007271861233453934 0.000312241523883084
-0.0004539995015873998 -0.0009970185941482828
0.0010961918668734695 -0.0005691309491831707
0.0016008578178995476 0.00014242753000987787
-0.0006435075182731682 5.706287779853743e-06
0.0009850365177069761 -0.0004905928861671219
-0.0002330249295937709 0.00010561633449731303
0.00029331297322474943 0.00040380682822612493
-0.00010934044521014804 0.00020681899858844948
-0.0006191140575340688 0.0007999710512566513
-0.000189682588503972 0.0001557194020571863
-0.0008425800791718262 7.74758270370954e-05
5.596949525571918e-05 -0.00043497921683956914
0.0004033771224779327 0.00033320481290806376
0.0009291337399755943 8.540695180827594e-05
-0.00032250781091861853 0.0004935514870131773
1.7625047931652894e-05 0.0005573363385022249
-0.0003733702388342094 -0.0002475003590123251
0.0003063294028337619 -0.0006243081658070244
-0.0005417997575436869 -0.000571154228315498
-9.538246917460821e-05 -0.00021666886803779824
0.0005548550133765283 -5.9184820218917716e-05
0.00023748764894100953 -0.000114547231270575
-0.00010356083404801718 -0.00017879461972407487
0.0009669708547694139 0.0005574108385600644
0.00018513499291760991 0.0001235577724258849
0.0005546823054408696 -0.00032991901695835456
-0.0003779882423127659 0.00020559307878471119
8.525159358560744e-05 -3.550969021026144e-06
-0.0008872401953451939 0.0005451707840030592
-0.0005426829961699259 -0.0003053725352728969
-0.0008773126307125343 0.00022073865714636497
-9.68674516095506e-05 0.000323572782913702
0.0005463525404699577 -0.00013207093062932734
-0.0007071839974219264 0.0007091995358248938
-0.00010299329174902306 -2.2507966101995587e-05
-0.0005155272635145419 0.0008581612392781972
5.131708395001435e-05 -0.00016774179575404751
0.0007469355714814638 -0.0006907654944205867
0.00019086586865615956 -0.0004731342018186066
0.0006478512581727562 -0.0008867834200255701
-0.0008102252798920625 -0.0004596016087915986
-0.00045445142990059784 -3.063377138160526e-05
0.0010854917990083819 -0.0011784245587388804
-0.0007386795102334616 -0.000982388441222439
-0.0002505609220613477 -0.001125637884980504
-0.0002868868105187133 0.000630027156558725
0.00023950132573228203 0.0009922386347857612
-0.000511870964779773 -6.589331803266676e-05
0.000120918553677867 0.0007809280665432569
0.0003619449920135656 -0.00035811725874885077
3.432579136599262e-05 0.0004127603079955077
-0.0006239207946133195 -0.0003269043914811561
0.0001416907217408795 -0.0009859243452422228
0.0002633150717460549 -0.0006078050530678984
-0.0004897529261899193 -0.00032125497736712336
-7.224039043919263e-05 0.00017201478960722594
0.0005423208814329618 -0.00033644942072662666
-0.0006948057425934082 -0.00040342775734670817
0.0005738426131502967 -0.0007637789265729412
-0.00011158134449249464 -0.0008498563976066668
0.0007400024172954833 -0.0003274801236582866
-0.0001945177396433156 0.0008620602120512582
-0.0003818361482724273 -0.000147501991148469
-0.0004502101145696963 -0.000153391356096217
0.00011394128625749966 0.0011130500516605406
0.0005527042237167731 -0.00018706469140217252
0.0005555658704262572 0.00019159569053328715
0.00023685662583351375 -0.00028633391484107697
0.0009500347336622328 0.0001633866001642913
0.0007175449420962775 0.00018263520230721138
0.0010649489267841497 -0.0007481921875826974
-9.825457664572145e-05 -0.00015884680910365848
-7.102998802991926e-05 0.00020505571238198703
6.535982718617688e-05 0.0005169966966475063
0.0005313207987749313 -0.0012583716015987683
-0.0006156233363929798 0.0009237019693789506
-8.636295021861145e-05 0.00082915937512204
-0.000255847981149537 -7.008156946379607e-05
-0.0004915262608824486 -0.00031482150772061036
-0.0004483974699623865 0.00031294736242209445
-0.0004343597629561482 -0.0008756662014599992
0.00014379983914457675 0.0003219556579795829
0.00015197197668147922 -0.0005746051954534025
-0.0001513998881326107 -0.0007875955713689634
-0.00014097114277048634 -0.0012858099699462069
-0.0007325027028525521 0.0005257447720661858
2.7942922871522543e-06 -0.0002888484801428565
-0.0009946381616972942 8.811111749269587e-05
5.081617353330216e-05 1.5933248393664684e-05
0.0003917974827986151 -0.0005564040058080184
-0.00040668875531834405 -0.0007138756225238765
0.0008213177379159869 -0.0001996564527848124
-0.0001574513365987374 0.00012364698074192914
-0.00023424260906584253 -0.0005541826050376034
0.0003246537260653932 0.0005138247476634393
0.0005038789280879993 0.00038063154297866624
-0.0010534390174111567 0.0005721609995119572
-0.00022179770555685318 -0.0001636518873640388
0.00017021810711134852 -0.0003645947494288742
-0.00029448452837970107 0.00031265506023543394
0.00045387064607661803 0.0008756487792210877
-0.0001921868115968344 0.0001797923864481311
0.0007459096898797594 -0.00034835969309310143
-0.0005367733431031974 0.00051162503048615
9.987403445126581e-05 0.0006611795385364819
-0.00012490033044451618 0.0007457211698501654
-0.0006801443004164687 0.0003540497143828768
-0.0006199045149933454 -0.0008194388713377719
-0.0008733922045249664 0.00015484394196037035
0.000171116218742416 -0.00033424050887052376
0.00044737103815875454 -0.0007545354589873094
0.00031128349512550395 0.0010298952625152097
-0.00029886830383952904 -0.0008764261213586905
