4.5661486773645374e-05 3.5092638382355715e-05
3.375845792636618e-05 1.5166020978663146e-05
0.02017263145198519 0.02320706579808614
0.0008205962340823526 0.0005900387341904283
4.3233013437968746e-05 0.0009730074735835293
0.0001490822735198022 -0.0002395561267557654
-0.0010309428800358976 -0.000608467649023761
3.23932715234259e-05 0.0008188314290866951
0.0007904778168781396 0.00019351489738099456
-0.0004525861844658768 0.0005958727100654353
0.00048208271212498495 0.0001628146240312654
0.0010767444317729019 0.00060655514556681
0.00018205748143876235 -4.091187457450513e-06
0.0014706747545375053 3.509700479521079e-05
0.0003722062995088482 -0.000711520798784805
-0.001046857097116977 -0.0003958262033274878
0.0016240981505494941 2.458440892694711e-05
0.00031639253232410464 -0.0006561658345056688
0.00018618889101563083 7.65619833909971e-05
0.00027066207806719227 -0.0002872379228408995
-0.0005215890532864838 -0.00041172352819966404
-0.00047163310993591866 -0.0002600763705611831
-0.0010476403402823592 -0.0013614929087915242
0.00012924034523157662 0.001726925032898046
-0.00040727613860438403 0.0004899068178569832
0.0007050664483756669 0.000503040097996795
0.0004217665851171259 -0.00042387702866247454
-0.0011797675202932867 0.00028295779843866525
-0.0009212748706755154 -0.00016473136664764458
0.0007588110840656688 -0.0006374571067886067
2.4680345058116887e-05 -0.00016467976828686052
-0.0011698124103078664 -0.0007386924838280522
0.0004582682785028023 0.0004131810395594818
4.513654516905812e-05 -9.175655356296952e-05
-1.7027286909223764e-05 0.001016308292881576
0.0005028776280969535 -0.0006193143482916532
-0.0004320414263512979 -0.0006332402121708917
-0.0005477382017887698 -0.00032757763479963225
0.0005149224816313434 -0.00012843951433820267
-0.0001932108073212785 -0.00029343212111252777
0.0008325397464369348 0.00017861657732177072
0.001312355951899136 -0.0007261270716821336
0.0006802594694016314 0.0005018723034342417
-0.00046765057361201635 -0.0004963558753224435
-7.857142101979274e-05 0.0008281379440896885
-0.00022492328537996527 0.0002006469507217366
0.0013885210061670738 -0.00045880760296444746
-9.536826409930547e-05 -0.0003960127069362228
4.661701703803996e-06 0.002301268666394643
0.00033738164496020703 0.0002189485574507795
0.0006366474438984958 -0.0011180238109820455
-0.00044746603665399835 0.0002863763752142193
-0.0011560492609505768 -0.00028419842835119847
7.724726924562512e-05 0.0008983285444554298
-0.0002507121732455774 -0.0003712757049689998
-0.0003195411245635684 0.00037947062041398334
0.000766635553948478 -0.0006758104412230716
-0.0002999028316037301 4.75921362174774e-06
-1.6312379520891003e-07 0.0004064340259749071
0.00039504587144509773 0.0005513084691994369
-0.0007217338791229932 -0.0016202699166364448
-0.000908474141059988 -0.0014657397853153357
0.00029884370635885305 -0.0007719898106652696
0.00047260916457321993 0.000499591912065748
-0.00011677609997027339 0.00024954546969982113
0.0011320600270787425 -0.0010565499443379476
8.431008992012145e-05 0.0010965849486248831
0.0006223659053690054 0.0009041578415021008
-0.00035946444816207964 0.00014690624632676048
0.0006599369357204782 0.0006042463393205501
0.0006417881825378507 0.0007259375803582742
-0.0011714231186084393 -0.0003615920848840093
0.0006148296708322977 0.0007390963016497608
3.7226592941314726e-05 -0.0008583134409329444
0.0007016827348942542 0.0011986143821880785
0.00035703856311380413 -0.00016627344662336574
6.124144535326985e-06 0.0009348236898316014
-0.00031088512262291784 4.0207671789502305e-05
-0.00027366016359307 -2.6706998439489633e-05
-0.00030186461822767375 0.0007990064935823108
9.795290389209454e-05 -0.0008354085772637915
9.206479380639925e-06 -0.00011193758215946497
-0.0006164989379619499 -0.0007839772844966354
0.0005614910680761733 -0.0002814298015391122
-0.00025125322446123855 -0.00047086834979455155
-0.0016074326237700257 -0.0010099764043232278
0.00037520053122217916 0.001009349667267898
-0.0008889148478103019 -0.00044008331976381544
-0.00035275992378502175 0.0010845600056757713
-0.00016550975292333725 -0.00016273038036562152
-0.0007182323995380116 0.0008564466445347455
-0.0002922126626888498 -0.00016605933257486124
0.0006408810923352471 0.00037325529775839565
-0.0006321184828706843 -0.0012422798173293856
0.0008574984729119382 -0.00015801147713667186
0.00028648355583271777 -6.464465046678626e-05
0.0004261911622583151 0.001460280939213845
0.0009299258200394066 0.000955792472248481
-0.00030003840857680897 -0.0013083046593910148
0.0004899543289039239 0.0004421993867608558
0.000987719537611083 0.0012394427440993478
-0.00036649057628767315 -0.0006415398314723322
-0.0012701653376785834 0.00034262230549590597
-6.765532378351526e-05 -0.0006807868763596537
0.0004893137045270913 0.0006878842194940337
-0.0005726681470376389 0.0008039832168679434
0.0009998367952703641 -0.00012496716937845787
0.0003973134903310899 -0.00010213656195242341
-0.0006787822170425573 0.0004030276722100239
0.00029584003849515933 -0.00013917897811284094
6.302596239669901e-05 0.001028281862614439
0.0008445427070186826 0.00035255242778787116
-0.0009795299812557514 -0.00015591887529584718
0.0003298399876158222 2.4272304975514e-05
0.000807362463168026 -0.000484153315513029
-9.737044919419574e-05 0.0004907319774719941
0.0002888159731715293 0.0001967066649168446
-0.00011321933303567676 -0.0009376103448762376
7.886904166317784e-05 -8.848701240998112e-05
-0.0007617046242147444 -7.020041788400825e-05
0.00016197594736468127 0.00020409681929515528
0.0006235326975782847 0.0003496691256105448
0.0002033402700072502 0.0002922272728852593
-0.0003076570725827371 -9.53754826896926e-05
-3.276859119974836e-05 -0.0002795912346932306
3.667948368394983e-05 -0.0007250756869007491
0.0006379956685278845 -0.00044514748479137584
0.00046487439009882666 1.320129338518273e-06
-0.0008717970263363489 0.00030712223807224817
-0.0002821485610492305 0.0005155019853263622
-7.338026026894778e-05 -0.0008792146504160304
0.0009487593271329265 -0.0011457982554058457
0.00025953694821452344 0.0001209644153030005
0.0003172075537081717 0.0006702069056024481
-0.0005252362225135517 -0.00013265000547291802
-0.0009334368723456514 -0.00040174559443831087
-0.0008489105361127046 -0.0007554946833757978
-0.000547777094021624 -0.0010444607961416176
0.0005256841975968857 -0.0005132151471273629
-0.0002217651950491224 -0.00040029724212283885
0.00010725908474213544 0.000422575714567694
-0.00021179133045123077 -0.00010108226316093624
0.00035711003618562156 9.281913178435338e-05
0.000132766958495079 -0.00032898749707302265
-0.0005154582892149847 3.5535328572258585e-05
0.00010368171717260762 1.7793070937348745e-05
8.012243504138295e-05 0.0012128220784131322
-0.0005841144889719367 0.0003897701202365276
-0.0005389551551254617 -0.0013439359524763366
0.0005204590835215136 -0.0005214680533726369
0.0003196050048337395 0.0005666261145707782
-0.0005557517837823617 -0.00019248571768011455
0.00027417097536418277 9.483604611643773e-05
7.850319875421619e-05 0.0006416510611232856
9.84534834875324e-05 -0.0003221966476790707
-0.0002820672408302666 -8.843120288629593e-05
-4.133023602247759e-05 -0.000721984162267382
-0.0002116442902207829 -0.0005429721102792775
-0.0012104241579811994 0.0005955050315276221
0.001098252725953356 -0.0004216654294287694
-0.00019288468371272987 3.363247021686594e-05
-2.5236106461366876e-05 0.0011081490767160952
0.0005437717198848013 4.5673202159097406e-05
-4.0510366444537444e-05 -0.0006018832844507733
9.653625977366573e-05 0.00018527121592817186
3.6989946845841737e-05 0.001000447630810326
0.00010322459128984714 0.00046065951810669403
0.0005141931725509349 -8.924009239762195e-05
0.0008304234122404388 0.00016564292237141413
-0.00044693117698331 0.00041370525719449156
-9.78840209075147e-05 -0.00047360699060533843
-0.0002745797321419729 -0.0006956627989359917
0.00042725682885823323 -0.00010852146763024686
0.00037590086423091006 0.0004029830908042381
3.887722299258691e-05 -0.0004470402138258338
-0.0006291703603818125 0.00024859035728023863
0.0010794033926356484 0.000490793329898233
-0.00036158631125867184 -0.00022722917611373635
-0.0009201043156703928 0.0005082969262329878
0.00013196176684910306 -0.0003824415099864876
-0.000336035631131771 -8.742765538582119e-05
-6.822395731879223e-05 -0.0005806649691576026
-0.00045007300389797667 0.0006263053301128285
-0.00019025792376697152 0.0006483651252221962
-0.0008337411431950532 0.0006031102617927441
-0.0004386690024906626 0.00024574205873768043
0.0006815018159622724 0.0005152479922718021
-0.0008033824418434893 0.0004029435424093691
0.0006721609939040971 0.0010389568412511232
0.001007024486285165 3.35888371699292e-05
-0.00123620532354917 0.0008366031397109888
0.0004755889814038888 -0.001144755892145242
-0.00043928630985887976 8.923238106471125e-05
0.0005800263363334462 -0.0001294943116825798
0.00016518885889598163 -0.00014861563120453468
-0.0011447534496791779 -0.00016880634602401296
0.0007729266511598626 -0.0005601786188714213
-0.00030366981384291755 -0.00015148110914871635
-0.0006588147396953981 0.00030701712383461035
0.00017413883927470004 -0.0004329856499124368
-0.0009280299499533697 -0.0009728223512424681
-0.0001268680826783505 0.00039722088697576497
-0.0008484204920384441 0.000721424360003847
0.0004873453615009145 2.012827608044988e-05
-0.0004523032549809706 -0.000315902335946885
-0.000946977504261156 -5.233977857454502e-05
-0.000272327326165792 0.0007328493742336988
0.0004535727159536391 -0.00028110100270805445
0.00037037990340289345 -0.00027514239752657413
-0.0006865065752126895 -0.0007790068952651916
-0.000619189526202032 -0.001046619798554004
-0.00012818631342691067 -0.0002408541716369695
-0.0009738127079985442 -0.0003978307856688398
-6.833325330837961e-05 0.0003294327143790011
0.0001578041417137937 -4.4226780204590956e-05
0.00041178605081005335 -0.0004206273354868304
0.0010118781267914666 0.00021342658864260028
-0.000322321438334284 0.00021443089680338355
0.0002203531456587125 0.0001752252959310956
0.00020938217354798093 0.00020490146572697989
-0.000155877959375648 0.0008483611806271714
-0.00037180981824041685 0.0005026431904975571
-8.966995577066992e-05 0.00047335809877922905
-4.232272933811441e-05 0.0008511423470318502
0.0007023766209122045 -0.0005385115624654308
0.00046131149775503153 -0.0011432115412118237
-0.0006887354376288691 0.0010499030448821375
-0.000682747200003598 -1.6320329939824915e-05
-0.0005946310230422879 0.0006045439170403837
0.0006386856412590242 -0.00017085392087593288
0.00029806687398592626 0.0004986131478203036
-0.00012045454332855199 8.992315755788356e-05
-0.00027537676079073377 -0.0005826445484925358
0.0003371187605762994 -0.0008047918595244673
-0.0002646281663455632 0.0009444837344552789
-0.0008490228083437327 0.00018430034463329308
0.0004342170942112849 8.85580811523503e-05
-0.0002734755523472124 -3.8320210082450506e-05
-0.0009092325727934879 0.0006735329659625473
-0.00011339651149659077 0.0008270168286176348
0.0005159791188233139 0.0002892533975712735
0.00046574070001371114 -0.0009748697579382541
-0.0002845765990322702 -6.758133331632092e-05
0.0003143398630270491 0.000330019423955939
-0.00013941405434682647 0.0005924103653667141
2.606772936153055e-05 0.00011052431914329407
0.0003736095718415854 0.0003598218568048258
7.132035881483181e-05 0.000427692071980803
0.0011781095527149744 0.0008701839144270269
0.0003790718496909736 0.00030816033907554003
2.3432748802036082e-05 0.0011127310843948742
0.00028136155773823585 -0.000491116577058745
-1.9960275142172113e-05 -0.00011515948619155178
0.0003346487153072458 -0.00036951290033660237
0.0003066202846568012 0.00015631750983844078
-0.0007399914417405789 -0.0006816846817133491
-0.000446576532439505 -0.00022457226492329056
-6.419497582563306e-05 7.057306302996351e-05
-8.197612768957573e-05 -0.001240208943364613
-3.466727818020827e-05 -0.0005545355950409808
0.0002623874539798856 0.00018779976959936202
-0.0005704268471195586 -0.0008387530521997978
0.0005510633252657857 -0.00021525437612315263
0.0006204472474593541 -0.0005757241458557549
0.00039177607463882283 -0.0008039158781471572
-0.0005969616474196407 3.2102335366336744e-05
5.6112712402032335e-06 0.0007638115375172733
-0.00038981374217116456 0.0006371419204720737
0.0006353328043265875 -0.00046736561375807265
9.398229330975648e-05 -0.001052386855944487
0.00036428367041756166 -0.0007302028623976121
0.0012807615946101097 0.00035230393249539323
-0.0007845680798456057 6.615285684998361e-05
-0.0004176720125276542 0.0005882956573376092
-0.00043843894060891924 -0.000607366188146762
0.0008487252807023313 -0.0008666441735746048
0.0008184196050298425 -0.00032980474091656416
-0.0005786286125349345 0.00034648750844118274
0.0002167209251087878 3.562747233915783e-05
0.0002569734182977167 0.000748012478618694
-0.00025732194364750695 -3.42544974681247e-05
0.00036096849039870876 -0.0009478758332815667
0.0010531648561249855 8.736666685352165e-05
0.0005451926386318473 -0.0007755586366339261
-0.00021540233709152145 -0.0005869527142835687
0.0006906436470151205 0.00018463824113454122
-6.000178760916684e-05 -0.00032878571729513654
-0.0006731324223617149 -0.0012302755069737849
0.00011519538132864479 0.0006753152141458088
0.0006712807608683822 0.0002265482229437653
0.00035628810712116596 -0.0007320584639209966
0.0006625907495765943 0.0007269189538333516
-6.565263920043997e-05 0.00023643543965854813
0.0003577160769957735 0.00042730205956292795
0.00013038600460049394 -2.176884519532183e-05
-0.0014742697879442338 -0.0005987341652333799
0.0017628830200227858 0.0007811320613879287
0.0001862020791377396 -0.001431789247577939
-0.0003548208835119329 0.00045172144182513126
0.0012788606199196425 -0.0001908800106071104
4.442856824277821e-05 -0.0002807892347654936
0.00037690135667453514 0.0008281475019990043
-0.0005191676301883685 -0.0005201980463368233
