1.083086388131321e-05 4.2725599056113195e-05
4.667915654674018e-05 4.6862781309404604e-05
0.028645921152210173 0.021215134112189952
-0.0006066129014717826 0.00048347091082676606
-0.001137087352303899 0.00031988971839321613
0.00025563409037866655 0.00027733741357853617
-0.00031593943803540114 -0.0002993221840352238
-0.0001347659230316393 -0.0008045973503486161
-0.0006480972929304466 0.0005407692878877523
0.0002132042861302736 0.0006540861024774155
0.0004393193722486959 -2.2884396283476255e-05
-0.00036716814498534775 0.0009000970839411482
0.0009540165645457872 -0.000379798619332147
-0.0014895769821231214 0.0009919099187686061
0.0007777567447557945 -0.0012061592749669555
-0.0009101559304406252 0.0004539239061347939
0.00029596416112504637 0.0008204964882842061
-3.251148707321732e-05 0.0005133457425003726
0.0014312315587415355 -0.0001716720190560775
0.0005612859720744792 -0.0010588237837217775
-0.0003093871740926923 -0.0015050136269538334
-0.001461114624461019 0.0008820876237508891
-0.0013906511813108027 0.0003901246055920461
-0.0008044234550434278 -0.0003746706084840882
-0.001335264302199284 0.0001437648324379995
-3.962414714022776e-05 0.0002096915317045903
-0.0006575248854827883 0.0004654262284219297
-0.001176884293509832 -0.0011337614422017009
-0.00032752125348895844 -0.00021927236207859308
-0.0004420755686225308 -0.00047126276856641463
-0.0006162043939028862 0.0005359315434233456
0.001155945096333743 -0.0006006355715738038
0.0005297312554123758 0.0005977227726189347
0.0006815951713934628 -0.00022046275506762875
-0.0006222698501240388 7.514776729200512e-05
-0.0009593758652465428 0.0011909447883922787
0.00023022479083785723 0.00030203525519292325
0.000962999385279574 -0.0007362773853263124
0.0002860949590907084 -0.001980219474530038
-0.001284048476307137 0.0009548823920566159
6.571522683865473e-05 -9.794467380934596e-05
-0.0007709194163543918 0.0007817262387287221
0.0008539946743646991 0.00012378822665816698
0.0012782876138044542 0.0002120931880588862
0.0012679016140887663 0.0006779983833565089
0.00024389528331670592 0.0007870240571406035
0.0006303422836688545 -0.00023644618947573062
0.0007403438474225474 0.0013680307501717681
-0.00012316436016522112 -0.0004890912295781016
0.0009059359788835856 0.001096823475014659
0.00011173631986372547 0.0002397175287452687
0.0008263676622131488 -0.0007777267112499887
-0.00013668147189103245 0.0007454978381496484
0.001486420853305042 -0.0014379460474957288
0.00025960702799285686 -0.0008951116405216382
-0.0002868028674492619 -0.0003453541312271779
-0.0010266430188177228 -0.0003657809724690422
-0.0011069538359038044 -0.0015156758538397686
-0.0007874454462718292 0.0004435871380500617
0.0002952026007081743 0.00037918773649169436
-0.0009790730873336165 0.0009084878046303179
0.0004204943407078571 -8.718317077504858e-05
0.0016462875389545127 -0.0010776309775596554
0.00035966989792939855 -0.0011573812149881118
0.001101751549708415 -0.00036202269191628526
-0.0003409184604608076 0.0013619220744927666
-0.00053817423082907 -0.00037247901012902907
-0.001214543926841506 -0.0007958246935960032
-0.0005239826964755748 -8.48909479678167e-05
0.0006023304016494187 0.0012610197122675997
-0.00041279717338098596 0.0005398427675601421
-0.0007319467254473297 0.0004222104094094117
-0.000898097921486398 0.00011365163632249541
-0.0004321851321375017 0.000373228475358638
-0.0013247223625057064 0.00021164527841634098
-0.0004147515718069315 -0.0012080174249965425
0.0008034269311410428 0.0007144049283835971
0.001128084308882269 3.887716097806944e-05
-0.00019859733095144535 0.00016996136909853003
-0.0006673050263766216 -0.00022652208736449414
0.00021265081285206034 0.0005223463485826075
0.0003510954266759902 -0.0007839698914563243
0.0007835272737300206 -0.0007070013880853234
-0.00042397683171069685 -0.00015366404454108024
0.0005633698997671582 0.00028580924111145436
-6.634668729239923e-05 0.00018845579400797642
-0.0005195465568847405 0.00012826792030451816
-0.0006563744011481369 -0.0003953702879972941
-0.0003266750706349036 0.00032477885682542806
0.0006005274888924307 0.0014943826697110234
0.0003246202345795848 -0.0014150784548324054
-0.0014191658188396762 -8.815632261589305e-05
-0.00017261129145823266 0.0005635184951939063
-0.0014105556437909107 -0.0007755840752055329
3.6987389302955194e-06 -0.0006026248349479891
1.1063583115040834e-05 0.001248817937549467
1.9961010737869992e-05 0.0004960352613690004
0.0006077561326675125 -0.001388385892005861
-0.0012322433063360976 -0.0005982438693661225
-0.00042153018036291057 -0.0007271160254806837
0.00043177179762819105 -0.0007902210921240802
0.00032546357944304103 0.0007829264921981131
-0.0005556460889128374 0.00038886704851202506
9.404888681438217e-06 -0.00016927153980435107
-0.0003042906324555787 -0.0007029154969321029
-0.0008850621411379289 0.0011044971951043139
3.7476932165260466e-05 -0.00035589291818343994
-0.0004445667519548401 0.0005582529986202489
-3.578320097256627e-05 -0.0005407931365192913
-0.00036289937539168174 -4.9872763055876575e-05
0.0009281194105849971 -0.0004941952604347129
-0.0008894493584621259 0.00042205216733131733
0.0006395854565942361 0.0009810384631105432
-0.0002495417823382803 -0.00026109522696891906
3.933900461348639e-05 -0.0006087800828155999
0.0005512771008012831 -0.0006301748778781916
-0.0006946675708528093 4.863828336666816e-05
0.00016153442392351965 -0.00022892607352770856
0.0007413138042755917 0.000414239345929831
-0.00045487864970426606 -0.00012594864306378584
-0.0007954594274757375 0.0008111716447952867
-0.000287902074629574 -2.5212301997668892e-05
-0.00042347033552720293 -5.1601018937006846e-05
0.00016832386649565518 0.0007768487467815124
0.0004438836816953978 -0.00035804782335639246
-0.0002637504556860606 -5.6730480503471654e-05
0.00037519126372287826 0.00032093658531947027
0.0004637069793796048 -0.000687137331892828
0.0001835426891413819 -0.0002557403721331807
3.739031389306246e-05 -0.00015654975501855757
0.0002068065121248388 -0.0006291345145901922
-0.00012204202386268435 1.0119004171283216e-07
0.0010591836786115391 -0.00023078049917916093
-0.0005260190711495544 0.0002147055089104233
0.00023798350967644204 0.000836459561561213
-0.0011563979283620933 -0.00047564837132127913
9.788436526267387e-05 0.0002974048046256635
-5.575109332436143e-05 -0.0009481831430583384
-0.00015230283060497596 -0.0003871563881398327
-0.00032839476114985487 0.00034873936597889485
-0.0005360031047813939 -0.0007249685957395096
-0.0003111010171704811 -1.982571685027272e-05
-0.0007874712682968141 -0.0005498191634975177
-0.00014512709418304845 -0.00026183068901100906
8.258512122472856e-05 0.00024689791347146366
0.00033852838803472766 -0.0007506189585710432
-0.00012170769245629168 -0.001077149703029229
3.829810944361017e-06 -0.00013622622627806706
0.0006231168773666486 0.00017120879417027143
-0.0007000574815757367 -0.0001672046539000202
-0.00014202545356759602 0.0008095310610847939
0.001136411947040339 -0.00029164169414300933
-0.0005384151963925307 -0.0003906898204418367
0.00019888036911713133 0.0005581750938913208
-0.00021205671747485702 -0.0003337906586628524
0.000932720343788477 0.0003438053649017896
0.00012402981767388498 0.00034875528529101305
0.0002867671747460559 0.0005138517881015811
0.00035221082547144737 -0.00010389096264131785
-0.00023177639608830872 -0.00010609367661756424
-0.0013676719204718136 -7.54388206722814e-05
3.9340513256645057e-05 5.1614445976313073e-05
1.5465328259675557e-05 -2.773338125547936e-05
0.0012964508389833847 0.00034068750958675837
-0.0005874311320813926 4.940526100140765e-05
4.126385907370626e-05 -0.0007463725374057262
-0.000521654053122012 0.0004974209717234938
5.726175608619254e-05 -4.515928327638019e-05
-0.0004638716994401625 0.00044541729975486154
-0.0008806317480911638 0.0005788777788447139
0.0007511062002675612 0.0009062458174510689
-6.401215559618169e-06 0.0007587937996329744
-7.2097247780836094e-06 -0.00010206592847223534
-0.00025424958019521095 -7.478421393276748e-05
0.00015739045889031706 0.0005246157614662708
0.00037644835321704577 -0.00019241176033960676
0.0002753983767551412 6.475105787528729e-05
-0.0006588781379631232 9.324265289207657e-05
-0.0008332831672545675 6.711908423464765e-05
8.430950218079735e-05 -0.00048337514142736236
7.18703872571574e-05 0.00031774046756403784
-0.0004380007501097982 -0.0011418343384133787
0.0003747844096154723 0.00016936556807984306
0.00030270645098432456 1.5089787791772467e-05
-0.0005262255208436181 -0.0001643676363275855
4.810319105456783e-06 0.0003520868283025388
0.000839545077387937 0.0007806372253932349
0.0006540455523360336 8.318503911357194e-05
0.00011912086300256337 6.0983484149319284e-05
-0.0006967098762180355 0.0007489145333346105
0.0007523348951019065 -5.459778254960155e-05
-0.0005449395094831409 0.0007083673595698225
0.0005206575583418114 0.0006285418439668237
0.0004663893437489324 0.0004190188392053164
-0.0005426988983978769 -8.633964827563279e-05
0.0006937083345971739 -0.00043253784990683505
-0.0009888126269649924 -0.0006407000199229151
-0.0001525988553475561 -0.00034539224802943735
0.0009282001035478511 0.00023719490392122247
0.0004347966745726006 -0.0007174841670810961
-0.00011927362755593797 -0.000753299447300249
-0.00015918023383253553 -1.256175657257876e-05
0.0003822946107297816 -0.00051416899568438
-0.0003645610032651223 3.6188103497080324e-05
-0.00031824298957319226 -0.0004494773887651677
-6.267835297147212e-05 0.0006113387079456573
-0.00014936381411498448 -0.0003799714251658636
-0.0008928606484831573 0.00018420070562468702
-0.0004456197256881638 -0.0005684157437963835
-0.0004477323090537509 0.0011816251400544686
-0.00032608578021740993 -0.0007877045237616588
9.862080956852513e-05 0.00015846576940004017
0.000690539691912372 0.0007964154921051342
-0.00042070878764191626 0.0005482818646878069
0.00040816505691887775 -0.00040479161459105355
0.00022369769775942142 -0.0008089558370302921
-0.0009419209908166629 9.014844444056822e-05
0.0007570916952532727 0.0010484086931620803
-0.00017459705817874694 0.00012057909764376331
-0.0009129283451387853 0.0007705514143377965
-0.0008797442528076825 -0.0005195162725632567
8.659068620198202e-05 -0.0010334780248801513
-4.428657707830691e-06 0.0005601276867565307
-0.00040461785803789016 0.00023799787786946055
-0.0007739007423165098 0.00043621038710336393
-0.0006747086397511262 5.656177446709507e-05
0.00029821765853663834 0.0004545815360258513
0.0006219685425835567 0.00016011453313137115
6.37424859738393e-05 0.0005780766838934032
-3.666683801805498e-05 0.00037291586349871896
0.0008914681303474269 0.0008621440831784808
0.000971488253995002 -0.0002932116070793199
-0.0003493328593859742 -0.0005280066790536714
0.0003809221880068938 -0.000942844282191362
-0.0004319429268477529 0.0006914537125356999
0.00034053497409609846 0.0006604548414728594
2.217711544352646e-05 9.46090223602086e-05
0.0014143855043357685 0.00019467925766594146
-0.00039097605392733197 9.072191351815451e-05
-0.00037755429562746413 -0.00012441564247097056
-0.0003138909112545816 -0.00030225595881037905
0.00026674491985546683 -0.0006701891231331294
0.00046418838063694404 -0.00024122212186975165
0.0002786108726029475 0.00022768073133514328
-0.00024051097029904907 0.0006947985354521179
0.0007682353571307869 0.000433616597477914
0.0008301293667556623 -0.00023546171172102688
1.2789645512414184e-05 0.000340488420259094
0.0003643664795911418 0.000444200411558344
0.0006684781743575962 -0.0005313139465123053
6.013940939789107e-05 0.00035857592639324204
0.0002814216472748243 0.0004891131771861076
-0.00030248239660217045 0.0009727995351019113
6.680872618536712e-05 0.0010311656772395155
0.00022554138122676218 -0.0004405122455234024
-0.0002406009225795077 0.00022246148076543646
-0.0004848570210947722 0.00011354743160684207
0.0004849521171691423 -0.0007740731175830063
-4.900011085231972e-05 0.0012577360474627256
0.000546052211107871 -0.0007802747092246907
0.0008268158931898017 1.452706844829898e-05
0.0005902287337773461 0.0003987951969357349
-0.0004496451815446112 0.00045761055792328803
0.0002243280605947256 0.000493831997016499
0.0005657289626432606 -0.0008268432012520965
0.00020849846277626574 -0.0006699726406294755
5.681722117014536e-06 0.0001479518096500428
-0.0001736799320156308 4.019588780045471e-05
-0.0005315102850958696 -8.280059924453053e-06
0.0013599158860021121 0.00017992430740429357
0.0007279241525334925 -5.2829397013362654e-05
0.0007950552546736929 -0.0004049450524044949
9.604689378394363e-05 -0.0003618173770569733
0.0002343167334983616 0.00020767090100204342
-0.0007658972401228894 -0.00018181753383855146
-0.0008318705862533443 -0.0008357001091827767
0.0006881461476893836 8.914661889418025e-05
0.0002884412545819578 0.000480038672525642
0.0012498923120856345 1.2879207412524488e-05
2.4506561459907045e-05 0.0002037321320079659
0.0003501551452998384 -0.00012225381087103987
1.8690191678218903e-05 0.0002831692041531294
-0.00022528701796239016 -0.0002446063705432637
-0.00018595684369808203 0.0007167333058496559
-6.712212403311364e-05 0.001461614448962556
0.0002547030207400466 -6.626093623566184e-05
-0.0006231176085544045 0.0007875387111128472
-0.00031972897624531676 -0.0007445282374117424
0.00013007584517781787 4.045643960457789e-05
-0.0005703147248368067 0.00021476773721719794
-0.0006650209716513598 8.429432940909008e-05
-0.0008169401215067056 -0.0001603122622860896
-0.0005214785260467326 0.00015808723420764043
0.0011979656718387555 -0.0006015242931000309
-0.0009349253467412654 -0.000522839750643637
0.0006633969675579284 -0.001371256343122805
0.00018809261047611926 0.000589685157896779
-0.00014403121025502317 4.608367468991445e-05
0.0004632513461448072 0.0006571147623910154
-0.0005608850394933428 -0.0006941882588069584
-0.0012423567776433787 0.00015280334592274972
-4.2524624889387896e-05 3.302336922795257e-05
-4.860187099035129e-05 -0.0006685892924114429
