5.606724924045684e-05 3.2949601112986304e-05
3.283686845457574e-05 3.207931030307356e-05
0.012306384340924521 0.029246140760489217
0.0001433315861991468 0.00024707344999593065
0.0017172880605432564 0.0012545279165819374
-0.00015618345420125287 6.851960940990798e-05
0.0009763090439524937 0.0013407631759048866
-4.777846471589101e-05 6.272337562488301e-05
0.00016241019445017608 0.001473708156054062
-3.638727611876485e-05 -0.00016908710819613738
-6.350962161197534e-05 -0.0001484307841297422
-0.0005366443387832392 0.0009004988218489237
-0.0007138559805901644 -0.000314008825462166
0.0011386542751153652 -0.0001733576209059757
0.0001569663372021445 0.00042700498311021735
-0.0008510041425871231 -6.744100079856707e-05
0.0005355378262629951 -0.0008272657555252294
-0.001069958425099237 -0.0004513824206230264
-0.0010889140864571302 0.000260639652374722
-0.0003557837049805426 -0.0002823772180409479
0.0011414609846375158 -0.000741985272047081
-0.001404007919948564 -9.248751097142564e-06
-0.00039153591227489705 -0.0007021913349202683
5.873726052920687e-05 -0.0015445822576668465
-0.0009470002613155418 -0.0003577025384732629
0.00047203779021779606 0.00041894538751039627
7.710688722353737e-05 -0.0009361952093332992
-0.000401484747952425 7.911762036767842e-05
0.0010333586108707252 -0.0008089317021940669
5.181837808464584e-05 0.00021050996647787847
7.039903085441631e-06 0.0006960005085313922
0.00040680332525307975 0.0007109090002180608
0.0004493337245366116 -0.0005245508674488413
0.0009918329268021253 0.00010509184876006215
-0.000592150937036357 0.0003744985196938706
0.0001725175162236894 0.0008499443013070067
0.00022330157508813547 -0.00015640009860540472
0.0006368666000051664 0.0006938556368871096
3.0380410244964876e-06 -0.0006025824856784601
0.0003960719683488293 0.00013528156325853477
-0.0005501228846570253 0.0003690663950654189
-0.0015961424338817737 -0.00047321295750124364
0.0003279919985405536 0.0003661962421556633
0.00036449644739436853 -0.0009791496330890752
6.829555535310184e-05 -0.0013928000668099172
0.0001622554934700476 0.0005577495734686829
0.00042772747577313474 -0.0004489357622659725
0.0008817479271239679 0.0005548985598555732
0.00013584424597982942 -0.0005723685434036575
0.00016562921641202562 0.0006021149197886899
-0.0004078709912560097 -0.0004624692820080768
-0.0005063504823715193 0.0003305934829169934
-0.00011710721109755587 -2.6354241868759086e-05
-0.0006357550358231613 -0.00017009594585582315
-0.00023832683994673808 0.0008337932590168221
0.00017927859291403333 0.0013959621031259311
0.0002054598412155135 -0.00035663315662795103
0.0005370500667919205 0.0009122346128280881
-0.0009167385338809523 0.0006036855220179249
0.0006827127402137961 0.0019786659757444866
0.00024251727497693812 0.0002903896926615582
0.0003529654755698035 -0.0009089925793859056
-0.0008227184458280592 0.0006482998890102253
0.0006499719114894885 -0.0009859295129263878
-0.000493306938287278 7.479965415368536e-05
-0.0005811678344259892 2.017102517923454e-05
0.0005957322955521351 0.00022796660452387876
-0.0009585417604357692 0.00019730354811262082
0.00030065896416753827 0.00034546407160525273
-0.0007940543047815055 -0.0005721917422585206
-0.00018505298041277573 0.0006746634991270737
-8.422239137514417e-05 -0.0008055019000317344
0.0007353738994464681 0.00026684915684647634
0.0008304054983701626 -0.00039095657911011677
-0.0008371439634386583 -0.0005154996087323464
0.0001992269489331887 0.00012664892946185656
0.0003722938174166123 0.0006563208281372263
0.0008203192216955135 0.0003162809770370674
3.1368005438451933e-06 -0.0012630036367387548
0.0003278335004824771 0.00025198375362918483
1.373296212529611e-05 0.00039887463663258103
0.0004514273056190491 0.0006860206351925541
7.219490471065324e-05 -0.0004825244087096187
0.0006488344457103695 -0.00045897095685655314
-0.0004632662460119706 -0.001581833697079006
-0.00033939087252849576 -0.000225818294341992
-0.00022724871701898728 -0.0005044637808715665
-0.00026168292479266216 0.0011814055053491956
-0.00033951723604456433 -0.000595332889291346
1.4882239208329557e-05 0.0008068953138600645
-0.0006178029643295949 0.00020804367961084762
0.0011592029514818478 -0.0004145459117520775
-0.0003026515830909475 0.00043312550750319477
-0.00011156201278875844 -0.0013615630888996137
0.0003121692740033093 0.00041147399648474605
-0.0005393315301900749 -0.0003527839621311421
0.000490851104045887 -0.00040279081046471697
0.0002884816513379186 4.737109114375466e-05
4.496892282368471e-05 -0.001267012710179687
4.2443847112852843e-07 7.111436767218976e-05
0.0010998771718366512 0.0006442238025007496
-9.066261418923383e-05 -0.00013137686437777262
-0.0010117802291799698 1.229492646522174e-06
-0.0003469872275094206 2.8536409315277214e-05
-7.410863100975595e-05 0.00016258913805629292
0.0006137374086590273 -0.00028169679983387427
-0.00023258619708146894 0.0003349273631375144
-3.4463683824275408e-06 0.0005905746221283539
0.00019558595131906955 3.847305497133373e-05
-4.2862790228018374e-05 0.00017647226256648957
-0.0005050152856847136 -0.0005658978930041026
-0.00020405695695531717 -0.0007385691284382842
0.0006593289726449951 -0.0004536972418161685
-0.0006321545997777956 0.000346372528651623
0.00040155789123394746 0.0003110694207405481
-0.0002994858837073535 0.0004460166626987077
-0.0007158769788977103 -3.5003347421064706e-05
5.8430999808384224e-05 -0.0006236779196188377
0.0008600311455797059 -0.00041466688291868007
4.486172552196845e-05 0.00031803042067857803
-8.516283098113772e-05 0.0006310876492167962
-0.0006345522859818594 -0.00015654462707768383
-0.0006335220416951979 0.00031801206637747134
0.00020808859980151164 0.0011314790657318311
0.00024009137284824417 -0.00021446530558609527
-0.0003199701269814623 0.0005313016416545941
4.365647210159072e-05 -0.00036480419514560517
-0.00019740943818051675 -7.854814766544134e-05
0.0005549404113239369 0.00037128195465071785
0.000295479341743357 0.0005334756252959472
-0.0002603559060674453 2.644979924332321e-05
-4.5236739290276504e-05 0.0003107603313710567
0.0007233869954691647 -0.00018623076561703986
8.459079446122153e-05 -0.000810258908580057
-0.0005385608580909193 -0.0007156700709417281
-0.000911738287768504 0.0015364060675002243
-0.0017849836087990493 -0.0002894360844770744
2.387093844079571e-05 0.0004788525836291249
-0.001850535722750064 0.00015198880266456227
-0.00017702138892041543 0.0002840827947466967
0.00014631501996766245 -0.0001633224544282413
-0.0006951056498098779 -0.0008359658897987888
7.985391721866493e-05 0.0008095815822910895
0.0006179185135679075 0.0006144722713522794
0.0002098661777710592 -0.000184570975950623
-8.644997512246347e-05 -0.0002660598258903741
0.00011359165383067415 -0.0009708592470034865
-7.282538768452265e-05 -8.382903280652362e-05
-0.0002554417423643748 0.0002050481919431652
5.3744658886722945e-05 0.00041056834273947557
-0.0009046362572408762 0.000609655705800606
-0.0004374743608921316 -0.00021781101594566638
0.00042608547901587247 -0.0007771059627276768
0.0008363077387029034 -0.0002831545970508392
0.0007617034726729399 -0.0003453209113611146
-0.0013059980578972788 7.007530309347599e-05
-0.00017256740634598853 -0.00037033695312275403
0.0006430818671072122 -0.000947682240634136
-0.0008408876393464259 -0.0004266235005272209
-0.0005003645669760594 0.0002529657861500081
0.00027972323904751193 -0.00016842942624568244
-0.0007513403990504859 0.0001742622686927572
-0.00017783148103951626 -0.00035003549642585355
1.5137761594584016e-05 -0.0006300927330519708
-0.00033288019670187714 -0.00010871753209310399
-0.0003641741032980241 -0.0005117307932110585
0.0016149787709539818 0.0007208462025049779
0.0005900577753962746 0.0004112167230476263
5.237738940387108e-05 3.1473320578750444e-05
0.0001084721698251339 3.502925752342838e-06
-0.0006006285614765946 -0.00013846417369086788
-0.00014167837853391722 -0.0007867715629383369
-0.0010347006697251995 0.00036757216201911247
0.00041511319887620543 0.0013532435253531142
0.0006458249168910117 0.000418648792696369
-0.0003699316496842505 8.622981194535312e-05
0.0002894096323647416 -0.0008417283301807051
0.0002774512663431529 0.0007626997127395243
-0.0012251896278096485 0.0002161593977480878
0.00024779205230578377 -0.0001879176465368626
0.000422078586550101 -0.000711289129634872
0.0011362544066025513 -0.0003276544370354743
-0.0003933149854573409 -0.0006933228756254747
-0.0005428189391626575 0.0008859758339101157
0.00047616170830639244 6.6093012119503776e-06
0.0006897152432788618 -0.00019662693968728863
-0.0005688547997415286 -0.00011596311355651453
-0.0006822625201448312 8.592735165513342e-05
0.0005712553131190633 -0.00021343425625493175
-0.0009746729357412614 0.0003855953830826157
0.0001509437813279917 0.0008205597380447398
-0.0003519939295105759 0.0004263297499125025
0.0002953611647757594 0.0005892968905875049
-0.0009460595611564098 -0.00019395718736538468
-0.00016422697531959905 -0.0004840441844550989
-6.423198491399223e-05 -0.0004378707845386102
0.0004109928350673515 -7.467150525272683e-05
0.0001264921486953388 -0.00033734750313584505
-0.0004584146396862968 -0.0003632383194674237
-0.00034323214920822104 -0.0004480581528103056
0.00025697270470808687 0.00023433268710071933
0.00043444778941511495 0.001172325561490325
-4.1554015943714416e-05 -1.1926163769186493e-05
-0.000936470610275765 -0.0011846926374643539
0.000855651203977829 -0.0010069673250004518
-0.0007758529388524911 -0.00018174241000561833
-0.0003810361010904972 -0.0007112431409015062
-0.000607068015074534 0.0008527550229146366
-0.0001449919596865548 0.00035495512094954954
0.0008146017657266939 0.00021214486043460282
-0.001156430532688494 -0.0009110665758149649
-0.00074108661112955 0.0003898917552571798
0.0005880552369154196 1.2331270826196643e-05
0.0003400205212890387 -0.0008808237860663008
-6.386964967113551e-05 -0.0002520191349999888
0.0007020203159006299 -0.00018145644964069683
-0.0006351981541470162 0.0003340916663599349
-0.00013474578308889527 0.000369652623638317
-0.00026809388901764656 -0.00036885732182267614
0.0006979391404217679 0.00047147372223410393
0.00013342840975007325 0.001504384164779279
-0.0005193187633239245 0.000368076498044471
0.00036490921332884673 8.638564238078643e-05
-0.0003352561146572239 5.011257785433964e-05
-0.0007368073042526994 0.0007609856462529336
8.832713231345488e-05 -0.0010406772147549211
-0.00039377632649741047 0.00047044551464147337
0.0008489699876977043 0.0006483403246757163
0.00037025452082587227 0.0001057865079773476
-1.503534187329563e-05 -0.0005908059517734562
0.00017250665972029034 -0.0002580288962033615
-9.16355700658801e-05 0.0004033570639568195
-0.0005393687040048574 5.046086986866284e-05
-3.0242708458529393e-06 -0.0001691757550579632
0.00023477504762850203 -0.00025296721756896365
-1.742689227174721e-05 0.0003871141833562843
-4.244899305424099e-05 -0.00022637448968562796
-0.00016250635808209697 0.001266875661281688
0.0014716158499016912 -0.0002584560076275762
-0.0002116990842271621 -0.0007696359754705309
-0.0005461880166063198 0.0004176961136628353
-0.0005753691831211969 0.00048007066776926564
0.0002096243275086046 -0.00026229032108970965
0.0004752334348282239 0.0005803152186921379
0.00037233615514393624 -0.0005180860847871288
6.514722703700402e-05 0.0005330071097423924
-0.0001380361891113097 0.0003141594388488895
-0.0008082995393331791 0.0006759027381067202
-0.0004189725566625224 -0.0007667576434364797
-0.0003853827729879127 -0.00014270974789311582
-0.0003489959127289016 6.59202151696555e-05
-0.0009571769145508142 5.522478728433759e-05
0.00021225736996513916 -0.00022001992554671062
3.642855703114541e-05 -0.0004203333492900495
-0.0002518683014907133 0.00039727445418655363
-0.0002454621391275156 0.0007878612050648652
0.0005476734492088959 -5.3392160792850503e-05
-0.00029109331759281893 -0.0008138893501530203
-0.0002640174497029264 -0.00023783286865545664
0.00017451539326745092 2.641790082483411e-05
-0.0002871740966428747 0.0004953962034979853
-0.00017990979572165663 -0.000985076421407848
0.0002077904945540168 0.0003407489853667999
-0.0008906609416768801 5.950551860980664e-05
0.00038427186644425146 -0.00014325704942557367
-0.00018027676821357532 5.690256997626751e-05
-0.0003563596617798775 0.0003887216236637498
-0.0003787530032004479 -0.0013399206093948695
0.0007131328598562891 -0.0003393580516878817
0.0004164888096531236 -0.0002998202110869605
0.0005841527289236862 -0.0006510760865268133
0.00017953547682029067 -0.00043075840042343546
-0.0004833097298558729 0.0004229026116811188
0.00034219308914375094 -0.00018847172697875788
-0.0007435728484847899 -3.532327556275556e-05
0.0006196155596903796 -0.0004785331659354997
-0.0005845424483135943 0.0004939817392362044
0.0007654303238649224 0.00030139813533378387
0.0008823703286170296 -0.0007030278319288403
0.00046766928116668253 0.00040041494923087503
-0.0001326486633135334 0.0005003816792723426
-0.0005632582217238359 4.418597435494972e-05
0.0005560513898676094 -3.395680031283767e-05
-8.825008675503056e-05 0.0005779246016703016
0.00022324681797242246 0.00043428525722625784
0.0002533177619446749 0.0005272330407802484
0.00014394351875015435 -0.00030232516435800566
-0.0005679929072745103 -0.00043555085178466254
-0.00039235718196220325 0.0002312583628012268
-0.0002560996141265555 0.00015539988843328643
-0.0005775346094303943 0.0008048754768742697
-0.0006280119825098281 -0.0008766547416796757
-0.0005924097269079398 -0.0008461746493366875
-0.00043043903693436406 -0.0004652037290140365
5.8068457748886444e-05 -0.0001156757919271855
9.126194877942599e-05 0.0005109988274725149
0.0002706375500589876 -0.0005783533196984974
-1.9237855471389584e-05 0.0007012471877717246
-0.000318967136528297 -0.00016041664213563704
4.255412770761318e-05 7.916649676837693e-05
-0.0007222897793058855 0.0010233362857861182
-0.00011407672613551875 0.0002400979749587652
2.0493969680541438e-05 -0.0010594563319066624
