2.9770999223062245e-05 3.231071535094307e-05
3.645411054223713e-05 3.8528379227195464e-05
0.023788522809111663 0.02055467252023806
0.0008507962347394687 0.00010785991688715405
2.8998233057130963e-05 -0.0004343665016895124
-0.0002678593316037734 -0.00014411259750143904
0.0005772705555886948 0.00042689092782633933
0.0003855855301123896 -0.00019365505486368409
0.0012540148170293228 -0.0001260206100518715
-0.001038812516926603 -0.000306577016857632
-0.00041036401549601363 0.0016995120565465537
-7.649847611166157e-05 -0.0006411135853587618
0.00047807673155722487 -0.00025484583682621435
0.0010262107124397043 6.199754772190186e-05
-0.001460313548609989 -0.0005210638042291401
-0.0017912372376129718 -0.0002231128846195394
-0.0004285996367292256 -0.00035533953793279524
-0.0011454326405231543 -0.0004652062576970857
0.0017916890787034417 -0.0011585074470953618
0.0005179229655940298 -0.0008863275020679111
0.00036394764179116355 -0.0005509978253534387
-0.0012019850156881021 9.1720845834751e-05
-0.0013683220876593211 0.00018431323772626662
0.0011627684656591616 0.0006432581490525733
-0.0009656260826449329 0.0008339291745879962
0.0010703069753456149 -0.00023696014705722318
0.000568469930806487 -0.0003477669490782261
-0.0001845023880071493 -0.0004926516289500748
-4.9348013004450736e-05 0.00017343401936693837
0.00036885508179703986 1.8285811625530735e-05
-0.00044298869004733054 -0.0004647491991975266
0.0011425788119920574 0.00037280196176210076
0.0009364843066504946 0.0003688118734513668
7.893946300477502e-05 7.57105726189519e-07
-0.00037074556667378484 -0.0005460805903090923
0.0007974526252419964 -0.00013645025454909777
0.0004237544386034993 -0.0007922043342059402
-0.001282603868345031 0.00012863076638877343
-0.0007721274275903838 -0.0008314822599918296
-0.00031235482412879986 -0.0011614621014192552
0.00045826751354179524 0.00040471407499395064
-0.0012320105656678313 -0.0011528896407106473
0.0007739011819659952 0.0007545841984996852
-8.707265307364507e-05 0.0004030649327691122
0.00012098939315160736 -0.00014722113717909448
-0.00026518676900992393 0.0005569541229154424
-0.0002145621521988543 -0.00014017981157452998
0.00019347378010415694 -0.00011953733950334219
-0.000628835996407582 0.0005801107523095792
0.0008574106341502882 -0.00012115778568862308
0.0013063717677229544 9.308408332896346e-05
-0.00016256260410957052 0.00041043904667073473
0.0008506212082997404 -0.0002547305652581917
0.0007081404427322142 0.00018839043728411642
-0.0005724580714118487 -0.00010147886117441686
4.556769884511464e-05 0.0005626128498701037
-0.00012406202462236822 -0.000442970907428266
-0.0010276584617276597 -0.0004417642969736568
0.0005561287126862707 -0.0006031455311832048
-0.0006873161990556067 -0.00011102865087012807
0.00018350803113906562 -0.0006875158509934232
-0.000565163456407332 0.00017993702843981785
-0.0004254156284944445 -0.0002807958718652047
-0.0011375185421144097 -0.0009765384848374933
-0.000306110155407627 -5.188567064252299e-05
-0.0005145287256734427 0.0009021660319420723
0.00047295241210802724 -0.0002325045376893362
0.00039265018661149294 -7.599077197205282e-05
-0.0003548034445151078 0.0004052206208472086
-0.00047189541420278444 0.0002083009555523475
0.00011256980512447811 -1.9811042249326027e-05
-0.0010651989484807896 0.00041670278698788547
-0.0005421162264378741 0.00035627122184315216
-0.0006833472769424348 0.0004019984355938188
0.00023174453258736306 -0.0009561391019329153
0.0008161715523916272 -0.0014192162690846173
0.000281095678570784 -0.0007205211506935754
0.000362289551624533 0.0015336676975533127
0.00041377418674503957 -0.0010855170414132416
-0.0003490718559225242 -0.00027713693491190775
0.00010144224267071913 -0.0007224478805136962
-0.00042255952012776077 -0.0012134225367496675
-0.00044429662227870415 0.0006745941002257209
0.0001944481445435231 0.00017254342219185672
-0.0004537210027928254 -0.0008995936435175348
0.00029904799514000565 -0.0004092787500717188
-3.4011146122979565e-05 -0.0004129340804304624
-0.0006041248127979305 0.0002772550407318706
-0.0004330708991018242 0.00016036480716183943
0.0004571408328266952 -0.0005936275071621397
0.0003200832953555346 0.0004422274142579277
0.00043880923723680726 -0.0004020477648884701
-4.8849522661255705e-05 0.00048237981571355623
0.0007652998229445188 -0.0005056373418254607
-0.0006466410795774385 -0.0004891722748622749
0.000373994650740114 -0.00015155069946938456
9.048108610712072e-05 -3.960594844376901e-05
2.0968018347847472e-05 -0.0008533352228059283
-0.000488376506555776 -0.00021766506603633699
-0.0008195121879636059 0.0004053856044950746
-0.00011615703063402453 -7.903188865655536e-05
-0.0010020292240467508 3.580094955148276e-05
-0.001190286003637444 -0.0005904222604535137
-0.00026979054407157767 0.0005628377913394945
0.0005568376473395212 -0.0005400214295376883
-0.0004965525279204158 -0.0004313937838482598
-0.0004315886993490006 -0.00011027733846121132
-0.00040338360718550614 -0.0004980767103211555
-0.00032687724799930094 0.00021226883304447877
1.0463025838537352e-05 8.224599152516999e-05
-0.0003314733039233058 0.0006147481923506542
-0.00016769846170001774 -0.00031986353149055164
0.0006287422117837386 0.00037320446127307353
-0.00026938056898902777 0.0004025470606680907
0.0010274415788622746 0.0007916806706541735
-0.00044649061075795806 -6.329430444793699e-05
-0.00105827544465884 0.0017529528160705379
-0.00043843315018885057 0.0003963850313766129
0.00022954729802435184 0.000643261230740746
0.00031329464688013435 0.0010056453191453073
-5.6304216475047645e-06 0.0005725439451558226
0.00021808335423449126 -0.00012283462877370492
0.0007400339967586935 0.00024341475099665306
0.0005905571177907958 -0.0001925515038798908
-0.00017780340746634452 0.00024105465828726022
-0.0011761266472559574 -0.000469497718500692
-0.0011922818821729817 0.0005181268152182827
0.0002500599950498276 0.0006827637496550817
-0.0005766329576048218 -0.00047886939549906914
8.527938781057328e-05 -0.00015090638832048782
0.0012604485337497937 -8.272522904510179e-05
-0.00038557333734238114 -0.0005182531341380381
-9.061142527300582e-05 -0.0005833817137994279
0.0005396078210573627 -0.0004179539021503975
-0.000282259977302354 4.091190597027295e-05
0.0007180008458231327 -0.00016439634769138174
-0.00018261126498740052 -0.00024333720408055383
-0.0006038412132569392 -0.00010147897405175949
0.0004480038368948601 -0.0008975316976181586
0.00015682093833988385 -0.0005179143923166065
0.0001364163668843695 0.00040986213721928985
-0.0004160161633717538 4.538281210007002e-05
-0.001154530739125802 -0.0003263667460200325
4.465697132437695e-05 3.24593480571977e-05
-0.000995134598963021 -7.190463520031106e-05
1.1241935758173496e-05 -0.0004759675951961275
0.0003554107326606685 0.0008449373392470461
-0.0003642095005431366 0.0007879861266360148
-0.0012870318999474188 0.00010699184139936017
0.0003448549723207822 -0.0001220376753664249
6.535357302681614e-05 0.0005636293073376874
-0.00021664359016842626 7.786684410503561e-05
0.00048065405514141445 -0.0001810677923379676
0.0005490181195412171 -0.0006212530871131281
-0.0001291939317179784 -0.0005016544749788244
-0.00021315378191617409 -0.0014952988165536283
5.2335007235192615e-05 -8.138762883087439e-05
-0.0006162685336211751 0.00024672013420737283
0.0001713664784272819 -0.00044787859930749835
-0.0006263919214478217 0.0015357699405630267
-0.0007496492805070058 -0.0008846090383991072
-0.00032115132069359564 -8.771465259571814e-05
0.00042355884439533164 0.0006234425061370503
-0.0002122090247223064 -0.0001414955268301217
5.329523829812568e-05 0.00019580435704260238
0.000878859677351715 0.0012950405290451745
0.00035063948158407224 0.0005525229277094984
-0.00018410321775606453 -0.00023113093690662977
-0.0004880342491470915 0.0005939979182175802
0.00041194313864446007 0.0008308123117003671
0.0005429823212667761 0.0005172971778093557
0.00038021507030282453 0.0006961467277938011
0.0008145641480689768 0.0002849129407749264
-1.5091786293744934e-06 -0.0008071146856801224
0.00012571433587917153 -0.0006391109572337443
0.00027037003279791047 -5.873051831772389e-05
0.0008836795488461667 -0.0004390993289186026
0.0002508293956460661 0.00012211039189744612
0.00017422397670421554 0.0011990833536478626
0.00023928867476437864 0.00013929901287074677
0.00024905676193471096 0.0002589141096452853
9.540277931324696e-05 0.00021711248604623258
0.0005571292812890039 0.0008908405292220509
-8.63518013341569e-05 -0.0008257411611118751
-0.0005059135940911614 0.00040279613840841155
-0.0003889795039794976 -0.00044454815843985576
-0.0005050472457282857 -0.0005647023412133672
-0.00026234326366187505 -0.0006692455685095513
-0.000598383632292635 -0.0009039643587819257
-0.0004845274060224456 0.0006414044819904865
-0.0005449730905995186 0.0010022982197668198
0.0006758667198590785 -0.0007742690097456065
0.0008056503040991302 -0.00023167591318777608
-0.00024644316171495897 -0.00044507052141029704
-0.00021212680814454606 6.0848799793918516e-05
0.0011053076149581764 -8.506167472633549e-06
-0.0006574772614566255 0.00046215566508424886
4.377540784256168e-05 0.000265240692743919
0.00039314214075883246 0.0006504563172298978
-4.3043486323540596e-05 -0.00036529748312464456
4.874864909472664e-05 0.0005700590509326249
-0.0006247525106939737 -0.00042322562514343523
6.34339815769357e-05 -0.0005142841685517496
2.1255854995396736e-05 -0.0001283192776790077
0.00015407794513409945 0.0012726161896369726
-0.00045748961108402946 0.0004932078590500509
3.563403507961449e-05 0.0005384607525702166
-0.000809414775851957 -7.417995899334887e-05
-4.7890396837862644e-05 0.0004969796555129888
0.0006716290545953955 0.0007001773892305154
-0.00011500635710058659 -0.0002224728008542785
-0.00036300327686050873 -0.00043996833264386986
-0.0002712870250217169 0.00039468076697141326
-0.0005096793248035797 -0.000486272469461739
-0.00033457843273003944 1.2050194879652715e-05
-0.00013823102192662455 0.00143224736216204
0.000569888024488136 0.0004834505542147302
0.0003294992657414039 -0.00023979126391546825
-0.00018679730150894953 0.0003931270137005435
0.0006338941761394978 -0.00022150941000027526
8.963438896058243e-05 -0.000173530192575321
0.000844929670375781 2.5696150189762373e-05
-0.00014143674250434755 -0.000935401896428453
-1.6153760577259992e-05 0.0008848034627943485
-0.000579360000682364 1.8509197569821938e-05
0.000298042902370789 0.00035639866311141524
-0.0010086562773604594 -0.0002994930276312416
4.1313358846413714e-05 -0.0011467612274446979
0.0004099275481869342 -0.00043065856271059
0.0002272225852882825 -0.00044799798016084366
0.0002544737185245532 0.0001842602787126798
-0.000615921939340063 -0.00068671297311346
0.0007251461061798814 -0.00022733342196066704
0.0006503832228406514 9.079648156422329e-05
0.0005724586367024745 -0.001423916410171636
0.0008018751558963092 -0.0011611674896240235
4.8087387977214404e-05 -0.00027979849635445986
0.0001903473567616393 6.396468822333093e-05
-0.0004985886953622583 4.3802851536303545e-05
-0.0011263106038482298 -0.0006979878643378854
-0.0004380237162360997 -0.0003645711108347985
-0.0009057966424074747 0.00011471779602726992
0.0003828490721699686 -0.0004339166720710629
-0.0010846780622344849 2.043226325722729e-06
0.0006422613860458187 0.00019041740706796884
0.0002037613178399634 -0.0007130759965317569
-2.2812696461295514e-05 0.0007990074055682559
0.0008306820303110771 -0.0010175944684487365
-0.0008637196415868379 -0.00046371346623127156
-0.0008678946238219753 0.0005375709391071269
-0.0007703810250723228 -0.00022842293561282286
-0.0009251356736772432 -0.000484347465989395
0.00029781754027668296 0.00029770077322046365
0.00153584392228578 0.0004947638331938172
-0.0005837823240358202 -0.00044984121527099285
0.00042480102524260183 0.0003460183462593893
0.0004918872302454161 -0.0005762027403259422
0.00048389407059078106 0.0004524168745499858
-0.00020280178973946966 -0.00044667394575054713
-7.388395171545125e-05 0.0006086435345666818
0.00026836603139198246 0.0007596588356060871
0.0008567323810036357 -0.00023485506825085341
-0.000565288528723877 0.00019448704452461405
5.657846339662899e-05 -0.00043229664656431585
0.0011510356822674326 0.0015722457869980922
-0.0008529656264589896 -0.0003184741380618487
-1.2187306221045056e-05 0.0007121345118166366
-7.871507413689429e-05 -0.0002106343506248478
0.00031414204745759016 9.563126154560124e-05
0.0010913822551406724 -0.000694274116845592
-0.0003794460307254715 0.0004373496383217093
0.00023552199213228207 0.000834524046451632
-0.00012152332665068371 0.0006016634604942277
-0.0007619178845758199 0.00045990289593707647
0.00023684021445938158 0.00016470476761567572
0.0006751774409334431 0.00013487630673083306
-0.00038626577360602565 -0.0003798678313691934
-0.0006494635144584686 -0.0010751830282186966
8.492645099640823e-05 0.0012613059897934428
-0.00034230693470217987 3.580313971301227e-05
0.000605210026672277 0.00045704762932634454
0.00031566675243432723 0.00018611633659059026
-0.001115753909856646 -0.0006019138894276096
-0.0010294148517510317 -0.0002691387744268594
-0.0012048181527686498 -0.0003973940849545946
-0.0002876686067149748 0.0001261626408297372
0.0005362014366282302 0.0008343216371929656
8.297872689775896e-05 -0.0001331403810025239
0.00022459558581210018 1.4511732131291265e-05
0.00048515453479717194 -0.00020376334737198164
-0.00045437683692763645 0.00013616962709052534
0.001031458773579742 -0.0008759944485088742
0.0005432106744117096 -0.0008965142756767002
0.0005285324521953389 -0.00036497734683554347
0.0001756105534036721 -0.0002952509059007958
0.00044662843342174215 -0.00026259972412086686
-0.00032406293309131696 0.0003211672437319131
-0.0004727608164694073 6.693176958999152e-05
0.00048413362188443114 0.0006655025890791741
-0.0007665210826884214 0.00038964588690289774
0.0007153764826092158 0.0004045994514994315
0.0007733051473583898 -0.00020863855546972578
-0.0010560275985596976 -0.00038629892902946483
