2.513936483527808e-05 7.039900316569522e-05
3.7634605627873866e-05 4.820639420270356e-05
0.014973363160306492 0.03931616927661528
-0.0006441194701494525 0.0006838679797160623
0.0008772322374795776 -0.0006190129762865125
-0.0003655974652003507 -0.0014236733144628937
0.00035227871274374356 0.0005214373203960414
0.0022956404193359196 -4.915499383003668e-05
0.00025494879408629017 -0.0007963685070919909
-0.000421827622783722 0.0009817075368556527
0.0003635501967253975 -0.000821120693137463
-0.00018341879415504226 0.0003625741422941555
0.0011689221326843 -0.0006684645652344409
-0.0010018508212652805 -0.0007970473052712442
0.0010802662282376585 -0.001613306023326833
-0.0012795506475274379 0.001139636165053966
0.00017981931439409938 -0.0004599143123350489
-0.0003245065336298274 -0.00023163779711132105
-0.0008058185742112134 -0.0007064980963636166
-0.0001815876004183477 -0.001123525877372232
0.001517678937924464 0.0006415566345668068
0.001039766591801731 0.0006782768210745094
0.0009957971968068923 0.0007557906995735732
-0.0015473270015196917 0.0008172955943324771
-0.001162195453051471 -0.00011511862912260757
0.0004527791228091513 0.00012612050216435517
-0.0004139379996937631 -0.00016562868936194342
0.0002469093080480307 0.0012165935167371533
0.0011538653344340304 -0.0004174518004772804
0.0008588151214513868 -0.0004801380122408435
0.000501794379623926 0.00098448096330766
-0.0002654666363601152 -0.00024313811544746057
-8.21325440162203e-05 0.0016231685141407815
-0.0009327839307486458 -0.0015790746656708413
0.00018741380862148018 -0.0005969158608089561
0.0008981596909248933 0.00040552902474888134
-0.00022051946575975346 -0.0006710359123115362
0.0009365092372284822 0.0007051062556295444
-0.000978755414983534 0.0005298972805361174
-0.0003097599943625168 -0.0013153504931269768
4.438420586096468e-05 -0.0002989672305901323
0.0012257894503370891 0.001832414919968443
0.0002304689565457869 -0.00010928488938849335
-0.0012171470088930003 0.0005388056750794515
-0.0004918697472758094 -0.0009310002887505841
-0.0005145802273323216 -0.00045305818186599096
0.0007652834171049237 -0.0002880178759478441
0.0003406956854757132 0.0007113800224546165
-0.0001630612845071468 0.00015711173414194565
-0.000547997530623127 -0.0008187026527740983
0.00012109028144121341 -0.0006844801343361051
-0.0008335645153970796 -0.0012636866034427994
-0.0006166564223618259 0.0007457502853637087
-0.0003856467559582536 -0.0009278698692876864
0.00047712383346760866 0.0006925283689332224
0.0014414274750302468 -6.7049468991672585e-06
-0.0002425869236952732 0.0005398865275087544
-0.000811941335736222 -0.0010245314977979257
-0.00036909610826505184 -0.00023146963560920133
-0.00039809756379190604 -0.001362737313307068
-0.00021585132897546458 0.0012051397265829484
0.000539102075192682 -0.0006015783062890373
-0.000538749597508236 -0.00018606922879097152
-0.0001731753104948156 0.0008453259840177745
8.811894431086714e-05 -0.0002683549955336558
-0.00030539115452588955 0.0005009994357015404
4.411074178759882e-05 -8.733973426829325e-05
0.0007332176384206029 -0.00023948462201424272
-0.0012785622038168302 0.00024589001226095453
-0.00022733597154797632 -0.0005798851926400578
-1.2348024660138443e-05 -0.0005428748965455801
0.0011134331631380602 0.0006507119822487719
-0.0007208517324305464 0.0010691451855703391
0.000447504116355313 0.0012260186423070506
-0.0005199326915894707 -0.0003667278960680965
-0.001277425622708862 0.00026687122065712816
8.999481279656843e-05 0.001281170528255682
-0.00022071910076169188 0.0003386577509402494
-0.0002036023175499169 0.00011213708213049227
-0.001284485552827665 0.0004594098584659802
0.0003266354775038539 0.00026536015969140525
0.00017460128038217028 -0.001094517153003378
0.00010425698512472263 -0.0001655565669491484
-0.0009019310578272468 0.0008514367297921437
-0.00015507562879496994 0.0007503945083443857
0.0013164733885487644 -0.0007019398370657477
0.00042925668360742624 -0.0008344677851094338
-0.0011212749777855706 4.10468554431373e-05
3.497071954434382e-05 -0.00010327630886049074
-0.0006802857928999518 -0.0010675410148000015
-0.0007821108492010206 7.929391089632803e-05
-0.00022636697477912166 0.0003013328166899803
-0.0005851633106450893 -0.00045807537317773004
0.00039953223539788025 -9.548689893780997e-05
-0.0012505361619220055 0.00035558933928717644
0.00040131733896810244 -0.0012199258682018634
3.619331906018431e-07 0.00017137727609028343
0.0010128907081537772 0.0007881225377106296
2.8013193311733907e-05 -0.0008424300541194432
-0.000207625474849246 0.0011646725418169388
2.4450800599917705e-05 0.0009726265060880292
0.00018744990405593844 -0.0003230145361997844
8.374261759128364e-05 0.00019339810382982165
0.0007754135004376961 0.000889847876660155
-0.0005826344486513763 -0.000534912125483681
-0.0007903628753837377 6.540130655209387e-07
-0.000725252603990798 0.0006088290879131
0.0006610721273774965 0.0003655522940536662
0.0005056967078691949 0.0006425222405499782
-0.0004244064246145581 0.0014797165241781072
-0.0003448828392291224 0.0003815907067763775
-0.0012007035111408098 -0.0009220192192571936
0.00043077007477222777 0.0005438703247646557
0.000911369590332829 -0.0008616807360093344
4.667549037038479e-05 -0.0003007856681943484
-0.0006366485509652476 -0.0007521663159753135
0.00028003288489714784 1.5132626359180464e-06
-0.00013562177708117452 -0.00012260751944841782
-0.0009886350843378673 -1.6534749448103956e-05
0.00016312567180136862 -0.00038365658182194356
0.0005880552647467177 -0.0004086315957364896
0.0007177095537353568 0.0003668959409257509
-0.00021857357484946844 -0.0008636906794516766
-0.0004116407229604057 -0.0002495441123651668
0.000674251901930055 -0.00012351140202386925
0.000793348023294601 0.00045410320450262433
-0.0013901850350409148 0.00034550858992498225
9.759148534627708e-05 -0.0004969434364125787
-5.4451465753005605e-05 0.000608906736569032
0.00018488179122433076 2.517753663039075e-05
-0.0003859748520469007 0.0011042698430411605
-0.00013970364019362449 0.0008291091169731914
-0.00013959695834688508 -0.0015541225426969627
0.00029669991844948523 -2.954218812033188e-05
0.00043267412860280676 0.00014090883725684057
-0.00016067736310011624 0.0004595064079740972
0.00013763391879689766 -0.0004536028131662686
-5.211039859980192e-05 0.0004374438912000494
-0.0003986221672414696 -0.0001991793097426377
-0.0001310681785264216 0.0004572307108628382
0.00014261772155619497 0.000611080696595094
-0.0007802016369670675 -0.0011561548446773517
0.0009729232592269057 -7.866941326274597e-05
0.0004136981957383413 0.0006637031841145741
-0.0004195002466930729 0.00023456777072224043
0.0012577720008038911 -0.0001603717252442637
-0.00016502142904013578 0.00020675393095322028
-0.0015839921296568079 -0.0002423389847406537
0.0006580526288094029 -0.00029432176645030454
0.00037874797366445724 -0.0009790454637065924
0.000530776073311307 0.00010785890893690032
0.0010019882405649283 -0.00042518358644931867
-0.0010125049050685477 0.0003142219133087544
0.0007772773054378087 0.0007258689395466605
-0.0004858314085149377 0.00030364073913887965
0.0007078848712494284 0.0006709852840107262
-0.0005008877649253729 -0.00042515183941310665
-0.00020649999239470592 -0.00019535258977759323
-0.0002846139346713533 0.00029435749197161864
-0.00033629279366646564 0.0004646533251433076
-0.00047927506131064366 -0.0006472222077135164
9.921800113272446e-05 -0.0008236813127282585
2.027698661582506e-05 -0.0008048227532560009
-0.0008907202588479355 0.0007106279226230121
-0.0007021781415696163 -0.0005754711179927164
-0.0005766197843304325 0.0009723177472328741
0.000624601282149385 -0.0009350558575798044
-0.001083760330538774 -0.00038025380653404007
-0.00037311154157090284 -0.00024370494332481596
0.000680453417967074 1.2323047210018301e-05
-0.00015466573964249093 0.00016239589769057776
8.928309727755318e-05 0.0004617954400390648
-0.0004114485365832312 0.0011085905037205997
0.00047348330583231484 -0.00016907814959673064
0.00018092754560066092 -0.00022909455113516856
7.314175143324047e-05 -0.0005655536617615789
-0.0005911191185843912 -0.0005915325995430283
0.00042482265357200445 0.0011232818462075236
0.00046293452611161355 -0.0004411592310385728
0.0005636916788019689 7.064181295877619e-05
-7.4029981786245174e-06 0.0012157410772725573
-0.00016722599037504747 -0.0005539971300760928
0.0002909935097699998 0.0004100207722933534
0.0005780911720389914 -0.0010903180815945372
-0.00034437447131761443 0.0002667113528767791
0.0009055389680300808 -0.0004984890327473322
-0.00033591454738320694 -0.0007519618203477886
-0.0002323345166026245 8.697460864272766e-05
0.0006883598133348621 0.00020211854799914058
-8.165461205621634e-05 0.0005841575392746884
0.000346399783113795 0.0006747504233464281
0.00022432475139901983 0.0007503912253623321
-0.0002572160914177968 0.00015528109342876636
-0.00021136972902777347 0.0001985347806484197
0.00016930570124315032 -4.004872699739256e-06
-0.0003859608495352937 0.0008950026520671028
-0.0002106197913390665 0.00041310667333821824
-0.0007796749774176218 -0.000218193928887545
0.0005196162426586454 -0.0007168290819228405
-0.0006570678921967881 -0.000616541353008564
-0.00034248166509016827 -0.0006144959775836881
0.0006540847142517382 -0.0002546419191231231
0.001243428310056968 0.0007222275289523778
-0.0003233167720949158 -7.571212339267402e-05
8.655834876538241e-05 0.0005559899140580562
-0.00037391909116973193 -0.0006910709469933747
3.0156298396422643e-05 -0.0001615226134656914
0.0011630430357183006 -0.00012068025289199388
-0.00044267307185840517 7.575331998011557e-05
-0.0003812819019792832 -0.00011514197318349291
0.0005231282975661182 0.0004882087648143626
-0.00019132587217582465 0.00011964206536862896
0.0001271937821518498 -0.0006948493573034196
-0.0004248277888653168 -0.0007125861185030104
-0.0008721849886887051 0.0004401154839839019
0.0005874029155147996 9.735741438596563e-05
0.0005142510272854486 0.0006007476229113828
-0.00024384462006591526 0.0002790898963078508
-0.0004917624745227392 0.00019980864082882872
-0.00032903301991508353 0.0008537511512260198
-0.00013902160077187652 -0.00040483454054591404
0.00048276228226061383 -0.00044938678784472194
0.00031916209674768436 -0.0003329601874442818
-0.00033492215483120057 0.000724133551838105
0.00011552301162729796 0.0007923153792348776
-0.000426696300948535 -2.8564464222919172e-05
-0.0002096052723913294 0.0015142075063983127
-0.0004343787843279531 -6.906610015597666e-05
-0.0005159992480554474 -0.0003905656674239071
0.0001585919701731498 -0.0008036023213696048
0.0012253393237514646 0.0003457177954156966
-0.00018397514709935647 0.0005100872709059167
-0.00022905387253650708 0.0002046771912538837
0.0003496753492841495 -0.0004622791741496155
-0.0003184998435094359 -0.000531400417215936
-0.0005979439132543743 -0.00038567658364276503
5.895369266176117e-06 -0.0001849482103523112
-5.991819498479494e-05 0.0006654628788897258
0.0002573550617761347 0.00011898888390939103
-0.00043335082590052466 -6.583186482051952e-05
5.6634167893449615e-06 -0.0005350739924845981
-0.00023840142374682857 0.0007319149406648031
-0.00040750972793971395 0.0007148897296076884
4.727776687266258e-05 9.795359665256294e-05
-5.3702355717201356e-05 0.00025972282151680537
-6.636625376830789e-05 -0.0009466038107520477
-0.0004968131212321252 0.00019621686331860888
-0.0006244874286973882 0.0003889936077886111
-0.0008631600283688229 -0.00044442230083006234
-0.0006737481129036357 0.00011163521074145137
-0.00019897465653113914 -0.0008468918469371676
-0.00024921511342892094 -7.138112945035164e-05
0.0006225411074257171 -0.00010592599059499229
6.34947307831125e-05 -0.00013698007510509527
0.0008974490345935793 2.4312907852431252e-05
0.0003257132856932161 0.0005254440049035623
0.00017521573543494842 0.00041440421060698075
-0.0006755443306883342 -9.150452409313784e-05
-0.0008100649986299874 0.00035043873335839637
0.0003631934935034167 -0.0005693261448988904
-0.00029971666533743044 2.8176831086143958e-05
-0.00017414371183727294 -0.001084122225634066
0.0003309201303233346 0.0001492451727893037
0.00039849164417603847 4.67029085231288e-05
0.0004568206301207841 0.0005644512030167403
-0.0006617898916787906 -0.0004937144344895507
2.7665489575683142e-05 2.6538024120108226e-05
-0.00022711687394300366 0.00040497390678668576
-3.2922104896258415e-05 0.00045304810152795683
0.00030618483767168346 -0.0006420691133694555
-0.0002120126263198332 -0.0006762607005712203
-0.0009709410418997774 0.0008546937353889566
2.7534657327014327e-05 0.0008784866529204179
0.0006381690643310201 0.0002333953335739711
-0.000928540124440295 -0.0002903098378600056
0.0006244371375943647 0.0005983336454626768
0.0006543549538198287 -0.0003876317105415511
0.0002338154377892677 -0.0009178508201297569
-0.0003865733576601915 -0.0010707707853217295
-0.0001716510900911171 -0.0008265842729818664
0.00014989648814934034 0.0004330941337970287
0.00021012837239423095 -0.0004214014682787305
0.00043861381623784714 0.00024037610622106782
0.00048155070617611663 -0.0010249158816217018
0.0005027620320597209 -0.00035793164484652137
0.0006425808599359849 0.0009170857846960406
7.869714555500193e-05 0.00032907141378104
-0.001190413161170687 0.00025321339696645555
0.00042518717654319786 0.00023005463817149253
0.000575211921405011 -0.0005146321618793552
0.0012433541063851077 0.0008426840933210696
-0.00036535190961485537 0.000973882979880777
-0.0008343757536516121 -0.00018023710885834376
-7.34233324951096e-05 -1.3980856322382852e-05
-0.00034384875994503166 -0.00018883777972580895
0.00016956658706605607 -0.0008265147051455213
-6.976075221294338e-05 0.0010895015797317757
0.0008012943851391839 0.00024082844278146387
0.00031592495371221514 -0.0007237200939228926
0.00022322213974559186 -0.00019985804270655284
0.0006821978878418529 -0.00011680575706685385
-0.00031504598012314895 2.884021540745315e-05
-6.375741386485837e-05 0.0008953843860228023
