1.5440193501687876e-05 4.6759214770577154e-05
9.580383919921275e-06 4.150559392594951e-05
0.017890107779993794 0.015235453675958846
-0.0005666280433052441 -0.0005672895226981896
-0.0006073533533776222 0.0003786790900094029
0.000644944350282254 -3.609797021202367e-05
-0.0012865643869007875 0.0005011051428185418
0.00020154760589931238 -0.00013008319037463337
-0.0015477796986999763 -0.00014910629772524428
-0.00037761491915102446 8.716678902218228e-05
-0.0005261987459945523 8.773326025260695e-05
0.0004944714113997578 0.00012295754097981195
8.094793164820105e-05 -0.0006474531256399986
0.0007685899777931384 -0.0010367593913560356
-0.0010209072526152789 0.00043476222790434285
-0.0012653922666156126 0.0010507159561641659
3.8296166179997674e-05 -7.466179402778769e-05
-0.00018093731905902155 0.0009003663609999698
0.0005378223814787302 0.0005367039149235482
0.000399721214249194 -0.000946779944128133
0.0003796472802845765 -0.0008697400039080811
-7.662198764001913e-06 0.0013631262669691626
0.0012776389386955907 0.0006635807267171631
0.0003206218109407226 8.62884537306939e-05
0.0007387062381088314 0.0005115913793511456
-0.001000650112565252 0.0003296221929465417
-0.00042490047210395524 -0.0004892227113442487
-0.0002810905936478802 0.00025877429043086667
0.0011499131890050339 -0.0009294181707573218
-0.000757732054833187 -0.00034441522805611136
0.00018223784735954578 0.0005676886220858126
0.00046509191167078877 -0.001575512766314724
-3.8641111508918125e-05 0.0005600104917581726
0.0011447697507549575 0.0008739702554763953
-0.001391220468733402 -0.0005110063014797102
-0.000255261075304408 0.0008453212552809303
8.4609415020528e-05 -0.0008375089923460933
-0.00015439709672662776 0.0004460505386204814
-0.0007046756897520285 -0.0005742167454952442
-0.0004126079689900089 1.9473830309330223e-06
-0.0010628428153691225 0.001633852603208652
-0.0006952002205215315 -0.0008612773900695348
-0.0012144475072268389 0.0006787795230434014
0.000311705090452742 -0.0005692537941674484
-0.0008754925820042754 -0.0004357349333350894
2.724800493488406e-05 -0.0004472339632417203
-0.00012305515569431612 -0.0017730233240282733
-0.0005795545531688205 0.0005571932807021305
-0.00023432815244956261 -0.00023287754153191435
-0.00036319556984212766 0.00029753836999741576
0.0009991289258300033 0.0015939791183141217
-0.0003352867308961618 0.00036958564793693936
0.0003034827072631569 -0.000541140232006665
-0.00047692428115523716 -0.0005733628173201829
-0.0010387774214142833 0.0012387046394239463
0.00101122027296516 -0.0008131169643299208
-0.0012345442547213128 0.00021277953768473838
0.0006339493043158236 7.482677299624521e-05
0.0004512776198068671 0.0007282779422238389
0.0005871806450361075 -0.0005181237167824704
-0.0003437804485413888 0.0006121244177308404
-1.2172111066339119e-05 -0.0006277561734829648
-0.0008465282181808132 -0.00023955053092746117
-0.0011161717800981122 -0.0007829158020336149
-3.8644302639301475e-05 0.0006596142973904989
-0.00016942378577377348 -0.0004126019283256096
-0.0004958775389962889 -0.001067563930964868
0.00021088771718436812 -0.0007449411670655827
-0.0010348731978430028 0.0010536640781932042
-0.001021555113265453 -0.0005841283345762932
5.6754937417012496e-05 -0.0003556306577190228
0.0001588841967011068 9.227246466397235e-05
-0.0003933912931661305 0.0012513909011368394
0.0008188239721182398 4.272076801670562e-05
-0.0004940139921064743 0.0006011878682303802
4.245145294281278e-05 0.0003283304900634528
0.0007927267016626609 0.0015932008366347245
0.00014139971596982982 -0.0005294547716409859
0.00016873209221816984 -0.0003361574311071933
0.0005205585067155122 -0.00025889374472164785
0.0019052047260254943 -0.0011134892861254756
0.0002285074742787904 0.00024590311206806247
0.0008672711882389041 -0.0002858366733107105
-0.000803945489494327 0.00048447045034007917
0.00035596498872342644 -0.00012555040594941182
0.00041101211984162424 -0.0019493834086730935
0.00047889616814651654 0.0011309539776080087
-0.00030572667866659816 -0.001811914472749901
-0.00021167790243751468 2.3957282647975105e-05
0.00068176485782881 0.001065846793606613
-0.0007731423139709733 -0.0002622963700788867
-0.000948421471790007 -0.0007301624366409361
-0.000689586862456115 -0.0001455670433483203
0.0005983607697045054 -0.0007817385530672149
-4.832739235814705e-05 0.0007417937705659002
0.0003410531547001124 3.301907869731284e-05
0.0006030906348781513 -0.0003898671767149725
0.00016997582796000145 0.00022112811236577035
0.0008700791689675235 0.000501826470810216
0.00021972000771757123 -0.0009609233930458437
7.729436717311409e-05 -0.0009397656033579162
-0.00018719929615824063 -0.0005860707989510009
0.0008562260022378866 0.0003266145001862895
0.00012225394488338872 -0.00038898081898584256
-0.00021725287289332912 -0.00044882304836674203
-0.0013353122858815042 0.0004185034038572114
-0.00011357864226163614 -0.0006074259642366977
6.392245311453218e-05 -0.0002656929457383245
-0.0003894792453966984 0.0002823050765613223
-3.338463353089482e-05 -0.0005441583264526867
-0.00022711194263577835 -4.554766195206689e-06
-0.0010187994680136035 -0.00012098909331585383
1.5665358950558845e-05 0.0005529563716942478
-0.00017409594639893595 -0.00016798452646392924
-0.0007860423813355096 -0.00043183410062702383
0.00047548144234769773 0.00021886025923658473
0.00034615552895835906 -8.851462082306223e-05
-0.00040844909268673217 0.0011691625619560727
-0.0010884152758441387 -6.605783491860724e-05
0.0006890403112749143 -0.0002799276517056334
-0.00024741192949271837 -0.00024574532851291214
-0.000218985615291475 0.0001665058147514961
-0.00011393176203667769 3.1191136150232744e-05
0.00045446547093123594 -0.00020759892659563694
0.0009911173173026754 0.0005614533638236334
0.00017981229282676832 0.00011783268069622547
0.000791300668167427 6.801436801717265e-05
6.422911933693001e-05 0.00039387575479402266
3.2457762022251314e-05 2.1713427275064983e-05
-0.00037422702254980434 0.0002701243123133612
-0.00023096355579043688 0.000876626419858591
0.0002809471261310395 -0.0005003432879497474
0.00012228681926442536 0.0005527473547286796
1.4397252116574263e-05 4.584359279707091e-05
0.00032757038552184807 -0.00043142627049000415
0.0016111432930998712 2.376816527156932e-06
-0.0008742792999107017 -0.00105796020351051
-0.00016091222077953426 -0.0004127909417006444
0.0004639129136288272 0.0006285757266927395
-0.0002275186436295021 0.00015577711444599707
7.616848807081782e-05 -0.00018452158588554864
-0.0005410989967703909 -0.0007743297067182582
0.00029570775098063736 -0.00017455552302509566
-0.0006917831681558238 -0.0006231733671338042
0.0010583253738033057 -0.00017580692157231835
-3.24013514054873e-05 6.440896882852641e-06
0.0005145597786221291 -2.409793198755671e-05
0.00012315271825198988 -2.3655103342904163e-05
8.273772552425319e-05 0.00013628378105095144
-0.0004011375373852377 -2.928853085053194e-05
0.0004052387635108501 0.0001271103400347187
0.0005263245259083244 -0.0004125917922025924
0.0004955096273610362 0.0009634727343263225
0.00043386462652490016 -0.0004702545258633029
0.0007433930275321407 0.0006456310277304506
0.0002939056000377883 0.00027882344005411244
0.0005263937637277484 0.00041795752554319544
-0.00013194277045270564 -0.00023470284311361467
-0.0003083683948837087 0.0004894624513098215
-0.0008762136048562488 -0.00038143987627699743
-0.0008196692430270184 0.0009241762757087034
0.00018491787289919375 0.0007287705061066618
-0.00032332800854979873 -0.00016085336017955597
-0.0001252239000102054 -0.00017021230229178445
-0.0003349065528338529 -0.0005885874408299036
0.00013955837307514114 -0.0005948250539166704
-3.321509374849337e-05 0.0005449281323339957
0.000901283196037541 0.00043767974012380665
0.00037152029331253075 0.0003852418864874722
4.972827639439877e-05 -0.0001874880075172327
9.782914897123396e-05 -0.0003382771044226836
0.0015097339965891732 0.0016988139918091103
-2.0670535039725144e-05 -0.00016547585701052493
0.00022640189770037155 -0.0001369616409533329
0.0007354646217886581 -0.00023920820462990788
-3.24341808812026e-05 4.767942374616527e-05
-7.864011379733215e-05 -0.00025360966476849255
0.00039206351148915935 -0.0007137124413795928
0.0001676740716418625 -0.0001781200811944888
0.00040508720886615646 -7.609334952702639e-05
-0.0006744169261694773 0.0005588485952137309
-0.0015703165669132173 0.0002305039276886539
0.0003719031619019226 -0.00031976761969564776
-0.0005050181111703988 -4.105847362363242e-05
0.00046001908727080147 0.00045082918319651935
0.00020520782613789228 -0.00034691973664086967
-0.0005929328347748543 0.00038051879578825413
9.978744919501412e-05 0.00012446093322252046
-0.00013262384335605275 0.0007951967227345589
-0.0002540176905792324 -0.00013938802248762006
0.0008056928372845373 -0.00037757170710472443
-0.0008231659087037479 -0.0005774158660375933
-0.0003936955531142637 -0.0006044024070781183
0.0003198214291873698 -0.0006977481831368663
0.00019846465355868528 -0.00036013064700912527
-0.00033550489840403756 -0.0009793489331051796
1.7189269156187634e-05 -0.0004618402998111472
0.0006861058064640648 0.0004765522368914716
0.0012117683699344856 2.267643255037252e-05
-0.00021151404580285483 -0.0006612149061618701
0.00024445757898336603 -0.00021120610035563664
-0.00012718533604172836 -0.000802370838254609
0.00017272897730310113 0.000522441489871763
0.00020038915190729323 0.0002185320419173706
0.0012223380383543148 -0.0007117239653548076
0.0003501553031504085 -0.0008465221599460107
0.0005141829129279476 0.0009313620118097633
-0.0008938522144728059 0.0004068420488997999
0.0005496476200565412 -0.00021919522107342537
-0.0002139288867236005 0.00033316368576630706
0.0009731034951319536 -0.0001334139110206213
-0.0006163791104586216 0.0008371617091656248
7.824806928946769e-05 -0.00010101461538675416
-0.0001576928879713557 0.0007576125433212916
0.0008550720171596448 9.12929680033699e-05
0.0008109793999489625 -0.0005933872493039464
-0.0005450912230068781 0.0003538359830511234
-0.000897822703493233 -0.00017021824939108287
0.00034045959719494984 -0.0010277464454265136
0.000948025195160857 -0.0001547354211010222
0.0006978353219782673 3.642692648573931e-05
-0.0003600620776521444 -0.0007767754416826643
0.0005468983651077351 0.000618301573905208
-0.00035520975563230943 -0.0003133156641624786
-0.00012936326820969337 -0.00041205057263606065
6.981328605235002e-05 0.00048489516380122275
-0.0006358977456760259 0.0004918262110905899
0.0003805334617271955 0.0009340587725451069
0.00022087209448036214 0.0006347469783138
-0.0002257012875713164 0.0012351362482944848
0.0007937035518386185 0.00021711820912256394
0.00020936516456765945 -9.509003393655094e-05
0.0002725783680352024 -0.0006411640514426613
0.00031690800135709626 -6.025154298494069e-05
9.916629081353698e-05 -0.00042839374018893435
-0.00025994875640812285 0.00035650726349188466
0.00022566931731298146 0.0005493034742946681
-0.0002975479878773261 -0.0006419137066793788
-0.0003202918520490518 0.00025080066342275946
0.0008348895866133366 0.0003229055171015724
-0.00013504199902928955 0.00042158926173039874
-0.00011920247986428694 -0.0007532129003249677
0.0004003597191838056 -0.0011690353015662751
-0.0005326709040619536 0.0004573716034315636
0.00019776951094757403 0.00018343178508132676
-0.00018086014412618562 0.0005278756346722404
0.0008456623241560881 0.00035084025712633693
0.0009810765553813845 0.0006017382661548366
0.0007263127136059459 -0.00027452201572040027
0.00044484166655067194 0.00022308015115352658
-0.00019722931716539767 -0.0005593914076411465
-0.00026207001457808775 -0.0005750088964040953
0.0005368257998613783 0.00013375880921572206
-5.651675817933659e-05 -0.0001724901878138603
-2.103117609021396e-05 -0.00023853887355599737
-0.000883081875828256 0.0006275033320842971
0.000495098824990106 -0.001708890869347135
-1.6019790539427567e-05 0.0007397235599993656
0.00028684358879674406 -0.0001481239224029388
0.00011429824034262034 0.00011968167759291958
0.0012247609126881198 -0.00041834890467697914
0.0005211116861404041 0.00022037940187757602
-0.0001887680026735782 8.283641290712562e-05
7.885745350638068e-05 0.0007819793688291394
4.327044003975294e-05 0.00040455975283633166
-0.00011730107119027594 0.0007604207032605858
-0.0010935145912139097 0.0010148250192281159
-1.4453985022078915e-05 0.000116505599224828
0.00018150109976043096 -0.000523277946413457
0.00029282579225086 -0.000307018968651809
-0.000773309896075851 -8.769159760953117e-05
0.0002523068884720055 0.0006614259010150685
-0.0006137107949281412 0.00015359973242471962
-0.00023943726173480983 0.00012606797328811945
-0.00019669153328729118 -0.0002714277193786309
0.0002759824330446995 -0.0005200388262865896
2.281440192924557e-05 0.00045021901720891194
-0.00026817167195651733 -0.0001261258626574153
-0.000671411278861023 -0.0007497578317704916
0.0008063510064945817 0.0006301026995481088
-0.00033705079427895856 0.0010244007868888015
-0.0006722532632101556 0.000270425601367032
0.00015794508247371925 0.000567965685347007
0.00040193721481922133 0.0002130000438162904
0.0008751232054322681 0.0007159720357042429
0.0006171178189638348 -7.133065625879646e-05
0.0011967242191083382 -0.0001588880207977557
-0.001499383383589342 2.1620281155003036e-05
-0.00014331154316212863 0.0004024460488804336
0.00024013676455920182 0.00020014312465267524
0.00036902771360699746 -0.0005393047057665713
-0.0003625377585599058 -0.0009204488718346145
-8.254084536379105e-05 -0.0009136845807682344
0.00028877286114878457 -0.0008842042369988173
2.4217061183895812e-05 -0.0006121589443488518
-0.00012012943491807049 0.0007888764384056912
-4.872337729538801e-05 0.0009607092050796973
0.0001927724246883344 0.0001733221368411651
-0.0002814435369573134 -0.0005277948090706163
3.27040429407031e-05 0.00016332999028313588
0.0009583141173242623 -0.00046798073076903844
-0.0006789092043373715 -0.0009503166957698266
1.2813164061734866e-05 0.00031621301673178374
