3.442524984759741e-05 3.703555015463445e-05
4.155807041209819e-05 1.831553491115767e-05
0.037695264178217495 0.03512842226086934
0.0009072482279612802 -0.0003617947544682884
0.0007691638058105961 4.831586826405009e-05
-0.0004879185015475727 0.0004918552818120336
-0.0008109257550453501 -0.0003296309785941135
-0.0007371915214337546 -1.9381112924131166e-06
5.335014179613786e-06 0.0007623156474918514
0.0006764212070216627 -8.867908364686619e-05
0.00037075438780074903 0.00042594970022516004
-0.0008096917333206547 0.0002973202895502235
0.0006919717624404303 -0.0004517619353485033
-0.0011686828968636583 0.00021656826977794138
0.0007685158843092746 0.0013641430277950208
-0.0008301829041275745 -6.125098521248344e-06
-0.0005128285426016313 -0.00040536359609535396
0.00035436691110644783 -0.0009019880967893454
-0.0013223802806789284 0.0021134880603767142
-0.0007134676031022196 0.0008792308186829099
0.00013943529624270103 0.0012023642987594137
-0.0011767378569367743 -0.0005048387155554808
-0.0002761846813022029 -0.0006432916391740614
-0.00066356924263967 0.0005836715749620459
0.0007515137223801309 -0.0003288829896526691
-0.0001981750806570799 0.0010019155111506937
-0.0007147833843770312 0.001540672064172811
0.0005380570428462429 -0.0004900020169630901
0.00020117545826980174 6.20311008512359e-05
0.000552831687535271 0.0001446891086629139
-0.0010524807675107192 -1.6940425192290597e-06
0.0005561298694540211 0.0003068833463020717
-5.729830676945789e-05 0.001300005591014226
0.0010176015070268495 -0.0008119148987620752
-0.0004498328693937914 -0.0006328781849578414
-0.00132285236857697 -0.0004649153295588864
0.0008828713374896271 -0.0002970162101255121
0.0012312807862113542 -0.0006141707960841048
-0.000643026416815843 9.898852646202263e-05
-0.0006206511050577408 0.0007051706481919915
-0.0003588246347986541 0.0007435589327882971
-0.0006585457484172042 0.0007194360009470882
0.0005990263487499237 -0.00047059548955887237
-0.0005439182432024914 -0.0003166748741503027
0.00015475952870857838 -0.00024553301745159034
-0.00034891533063756007 -0.00040017551213138966
0.00024196956985626545 0.0001901546296670766
8.458466993165814e-05 -0.0020192153310406038
0.00011889182224431488 0.00045004456323466
0.00031420088340354416 0.00018641233467729925
-6.619183572459454e-06 0.000810362223688417
0.0005914892561432284 0.0016349460877440258
-0.0006128060432285961 -0.00033561221195042184
-0.0002781786042954848 -0.0005502586539714644
-0.0016485457115148594 -0.001007401020940932
-7.61907301003632e-06 0.0015578745910163688
0.0006684358651578532 -0.00020007079553558183
-0.0003841567527208839 -0.0007395307350050383
-1.440090578708598e-05 -0.0004160828472455877
-0.0006536951298996587 0.00010900858001027905
0.00013627605663257315 -0.0002508646128905073
0.0011798989729854329 0.00041164888811764835
2.2811954670503975e-05 -0.00089184949833033
0.000798980147112783 -0.0005222971815545623
0.0006188418259528573 0.0004273994946843039
-0.0007505271549805748 0.0005084325750104712
-0.0003029995288911438 0.0007399517930383512
0.0008127676900841551 -0.0015464377010620451
0.00045531992998937103 -0.00021870473692776538
0.00031243828948282633 0.00028883218545526154
0.0005156166357564203 0.0006728147203112412
0.0006821897102109713 0.0005519930611836142
0.0004719054090493706 -0.0007867965786856772
0.0003133992359720167 -0.0007613963204773271
0.0008000280812749146 -0.001893000484554192
0.0006149258197773179 0.0004660977073593633
-0.0006562491529741796 1.3791568567823974e-05
-0.00019317667450334172 -0.0005980162414391178
0.00036486460746076963 -0.001059663221049577
0.00036857414354780823 -3.932844775273645e-05
-0.00014760526725166717 5.762125630453182e-05
0.001496740116107375 0.0017179895476088943
0.0007739597342498404 0.0010093111970530184
5.1636763509538916e-05 0.0004038500989084639
-0.0013343502780141093 0.0010021252791299093
0.00019790350921935598 0.0002976010394572405
0.0005178095654785142 0.0008356874371632139
-9.00616935868372e-05 -0.0002981698598453311
0.0003837272314943034 -0.0006547845588441153
-0.0006179784449167264 -0.0019878535606627835
0.00019499111175474857 -0.00038883577689647123
0.0007192134881263625 -0.00015361009712030273
-4.755427803381252e-05 -0.0007864214108909755
0.00021092646311756888 0.0005685917272788511
0.0003084670216252217 0.0007055533253934124
0.0008173776061863905 0.0008523755656960994
-2.6462150436736837e-05 0.0012763754866757665
0.0005771014999143104 0.0013016051833473954
-1.3273378237302733e-05 3.854523548017876e-05
0.0013980067629604618 0.0004906181879939273
0.0007276321086178767 0.00027635222262719354
0.0004241532750116433 0.00020533129922900505
-0.0010418415045698344 0.00015275927153437184
-5.293297097886244e-05 0.0010482595580242145
0.0003976478969881208 -0.000441738773847918
0.00016624800600126803 -0.0010449259232797354
-0.0008308074849770578 -0.0008676318277515212
0.00015475957214802273 0.0003001992177225113
0.00014834570774078688 0.0007203196132574868
0.0003608715853812298 0.00040492881845382444
0.0005661397838230992 0.0007740736994499214
0.0003685138592065889 4.360681631667208e-05
-6.8865640502187065e-06 0.00036345741722163514
-0.0003718599210057281 -0.00028958857868813855
-0.0001830209380658364 0.0002149142938083436
0.0009806634088333989 0.0007467856819637433
-0.0006238307581775103 7.492521368767069e-05
-0.00044702059942174066 -0.0002672077010880824
0.0001950791268214996 -0.00029058401004537825
0.0002341251294780877 -0.0004129237025752444
8.1220745903268e-06 -0.0007975539226929178
-0.00041439500432999835 -0.00038203099651908627
9.373726656774855e-05 -0.00012003580274656014
0.00041088643047048696 -0.0008250216129180413
-0.00037760469915876395 0.0002949079396911762
0.0002746301829596881 -0.00031952151600748535
-0.001080642145395688 -0.001047612556095544
-0.0008569353607768606 -0.00036587798616711094
-0.00032699681136829923 -8.65885112982517e-05
0.0004241463886539639 0.0006487016013217849
-0.000370425849998717 4.135874260737678e-05
0.0003650577850659039 0.0004178624117699896
0.00031114471076657506 0.00024447564985126153
-0.0011273637221988033 -0.00048297876812703936
-0.00017011777096311473 0.000437599713140071
0.0005439460976673063 -0.001045409066635325
0.0003846109969151745 -0.0010103356293276803
0.0007762791224785524 0.0011797765831772647
0.00023400555993284596 -5.7069339122162506e-05
-0.0005880182856017446 0.00018691584063547012
-0.0004521556113767775 0.001018257396608633
0.0007367778400134411 -0.001113395188142346
3.300052808891884e-05 -0.0009595535916777663
-0.000834529419310418 -0.0002337230629243479
-0.0003855466503036958 -0.0002929735163491962
-0.0001162849858378664 0.0009782393159661017
-0.00031147863664738397 -3.411649634028214e-05
-5.096336064572992e-05 -0.000301740406735736
2.6483909397527684e-05 0.00013758681599325908
-3.1209460082718585e-05 0.0006577396708233726
0.000579919831534138 0.0004111699949483409
-3.2866419410921087e-05 9.813473503101219e-05
0.0004771804042183468 -0.00019823371863509693
-0.0010847915301273204 0.0017709871790556155
8.937150365791516e-05 -0.0004130002867612571
-0.0002549043899071249 0.0003561670431181228
8.770964204830174e-05 -0.0011226455198612398
0.0001449497168976618 0.00035895684106132823
-0.00015309660278125115 0.00039332070238452403
-0.00038171740209554735 0.00046916980872752453
0.0013972697662016909 0.00027096522636398064
3.988815521138433e-05 -0.00036970159145046814
0.0002805758201771976 0.0003675749597801895
0.00010978731253178777 -0.000157931242902973
-5.9335130126782776e-05 -0.0006124277551312841
0.00011678865050494277 0.00020838116496610363
0.0007980201933324198 -0.00020737704969707056
8.252735686229394e-05 -0.0007099382263141401
0.00017487977923522047 -0.0007300078572684827
-5.205044509519099e-05 0.0007007186864824069
0.0005181336504183327 -0.00032389329601907623
0.00023053592380325668 -0.0009476346916232041
7.174846893550584e-05 0.0001580017914729539
0.000882493428734268 -0.00019323051565113444
1.2794422663357558e-05 -0.00017532240152401583
-0.0011183186830758041 -0.0005358666350380601
0.0007884085036782776 -0.0009114587339458635
-6.000863096623384e-05 0.0001384722489489722
-0.0004886521454386263 0.00046814221627831823
-0.0007560527395045291 -0.0005826704124518424
-0.0006486589141476732 -9.019153432521972e-06
8.291131678122756e-05 -0.0002316890419765769
-0.00025177632650740867 -0.0005547360544353205
0.00025496475739138024 0.0007852438972881049
0.0005747415356205376 -0.0006984146630687676
0.00013093795132599275 -0.0006466621903780274
5.889717676523936e-06 -0.0004962530404268702
0.0004888793367946251 -0.00013991662678439914
-0.0008542358778044062 0.0006106438160401838
-0.00015232211290015392 -0.0003069252412333505
-0.00025957637481603457 -0.00032151128123871154
-0.0006369381036738199 0.00034926938736384264
0.0007688254319909814 0.0008459019324217958
0.00043545551050438254 -0.0008279669294294596
0.0007875329354490552 0.00018138710445642702
-0.0005945699508113088 -0.00025559030052236837
-0.0009413688482360151 0.0001541609485071341
-7.003738425054595e-05 0.000794503966569717
-0.0007783174070368441 -0.000745067540204459
0.0012418219998667956 0.0009514002122050785
0.00047675576632587427 0.00022266729523308384
0.00046176814410815026 -0.00010619031885299012
0.0009497673807860464 0.0001359612511143475
-0.0004199098941465427 0.0014595515248346231
-0.00048014301600523787 -0.000527073029844359
-0.00011855898068814328 -0.00016580692790777178
0.0014353646523785 0.00025252190379818773
0.0003382458581685236 0.00012925927610753444
0.0003370583799260176 -0.0007734055283325279
-0.000369053297580912 -0.0004632290643169311
-0.0003722844584178751 0.00046446954901218686
9.426202926569992e-05 0.00017964837184649289
0.001061612678965049 -0.00030315056639804383
1.4189164770558904e-05 -0.0003240455974567855
0.0006182251190651257 0.0006905735620872089
0.00020093503181485637 0.00033486691042287073
0.00013521932642646356 0.0008022439652259402
0.00015162080081420167 4.296047591083211e-05
0.00020437602051641881 0.000181533792543884
-0.0003505415315224306 0.0004725782866869918
-0.0007067025513365007 -0.00020904985145798235
-0.00041170366316947005 0.0003542739329396493
0.00038402386324831766 2.654434811841175e-05
-6.893597718241324e-05 0.0005343482617762999
-0.00022705593026999053 4.307407554897028e-05
-0.0008970049235358069 0.0006547146635411332
-0.0010668829112801342 0.0006514229200714266
2.5426241631998722e-05 0.0004680886708716039
-0.00020927995403194246 -0.0011330872336027659
0.0009370513227240142 0.0004891005363299787
8.874750572068661e-06 0.0008907260053759824
0.000495830424945166 0.0004042135701093734
-5.7789972183293096e-05 0.0002253036112043284
0.00044734853684865535 -0.00041306379092506223
-0.0003198216993080704 -5.267608202581114e-05
-0.0004096616749745428 0.00016387006816295603
-0.00028441153104878165 0.00041946657337194087
0.00032498860230228147 -0.0001441391655272284
-5.656447994818541e-05 -0.00012299018356263413
0.0014000297396939854 -0.000812024536034821
-2.7265860991650264e-05 0.00012269418261958597
-0.0006770172418802738 0.0006550509085555084
-4.574501110313098e-05 0.0012214726466044528
-0.0002014118310637212 0.00038696587816920247
-0.0003583544335535786 0.00013562722057098266
-0.0005210756022758446 0.000534440453464959
0.00016435852796846436 -0.000873432573787248
0.00045463254143817376 0.00020888632030632026
0.0008197497284925352 0.00023458680779129632
-4.756048899948752e-05 -0.00028716634748880547
-0.0001235885690331982 0.00021580348555775962
-0.0004553371534243638 -0.0005901354839253774
-0.0006679842337600355 0.0007682265783988778
-0.00019550033569192368 -4.692843320572068e-05
0.00042599664089143296 0.0002267064236587201
-0.0005572701893602238 -0.0003992522931840167
-0.0007222547340921306 0.0003250403522642515
-0.00039310152161034647 -0.0004565494688861046
-0.0005432145884596985 -0.00010261802851294137
-0.00022161147198093806 0.0001711913603040087
-0.0010185220130853486 0.0008856500046383609
0.00033644806453365396 0.00023231237381615276
6.560007565410441e-05 0.0002788014223668695
-6.208143046770848e-05 0.00025537577710359123
0.0009177297198303477 -0.00020968671509394716
-0.000125359123023423 0.0002586149347468802
5.977584149506884e-06 -0.0008463607454931994
0.00034538669361365603 -0.0003285098301037561
-0.00015105958053270106 0.0002510315953461044
8.599426455920914e-05 -0.0006125537514886231
0.00037960999137442086 0.00037909316261452964
0.0005128302155666265 0.0007921407798225102
0.0005105397714406241 -0.0007162269373701547
0.00029111813420203565 -0.001119106962751698
-0.0005923151838914404 -0.00032570537856384805
-0.00046537714680884064 0.0003305235759965079
0.0012084396389759576 0.0009286928133385426
-2.992438819724041e-05 0.0008712081407966325
3.3440669787021234e-05 0.0005215783215497892
-0.0005250268565694428 0.0005237347039701483
0.0003159621319271397 0.0003591890626973537
-0.00017302857064885812 -0.00037218458965885355
0.0006107456639485934 -0.0005298823502123701
-0.0003389630163665259 0.0006650866228453331
-0.0006378011603860779 -0.0005359564347257158
0.0011980768172766849 0.0009089288597282319
0.0012774271756717795 -0.00048470633296845636
-0.0002817750758102023 -0.0001914685326245612
-0.00039286902750274916 2.6289833523688674e-05
-8.233919658620353e-05 -0.0016370629491225539
0.0010276572609852598 0.0007139199560508129
0.0006450082311042577 -0.0005979716937227213
0.0008347566199667162 0.0004362404520353586
0.000340655647745042 0.0004794103516051406
-0.0003442683439423622 0.00034076773202552246
8.914893270149263e-05 -0.00024509767323274765
-0.00023255027124151318 -0.00027268486469415344
-0.0002468736422512547 -0.0004008915317667636
-0.0007582912536992207 0.00012574214048222533
-0.00018467083059769677 -0.0007612301133045176
0.0008070362342374226 0.00011002176712666812
0.0003970329054962455 6.171111002669799e-05
-0.00012614733894857918 -0.0007932334186283032
