3.813545560157092e-05 5.08393531762302e-05
3.125513082134471e-05 2.4600320655712054e-05
0.023646537508077135 0.022676700389203438
-4.407213457770746e-05 0.0005018921273434083
-0.0005780144238682584 -0.0003615694336257595
-2.2131731997630623e-05 -0.0008880507100584205
-5.509080386210203e-05 -0.000907058599180276
-0.0005206218486691314 -0.00019619406066134328
-0.0005085362549344945 0.0005706174938804072
-0.0007544451480744237 0.00017150394634887062
0.00026649175656017236 0.0007284515379076597
-1.4787663455009183e-06 -0.0008659267130065909
-0.00044223630815419084 1.1801188549992502e-06
-0.0010200580028460078 0.0006796032157242641
-0.0005541191648619763 9.820151921832737e-06
-0.0006111329493423712 -0.0005899477705172074
0.0003561725760940686 -0.0006081835179174288
0.00043385469988953534 -0.0003512486852918257
0.00027658410082721086 0.0008243020339634904
0.0007576776809487083 0.00017106212554098942
-0.00042703325805611695 -0.0006512563019080334
-0.0014465881284086892 0.00014446547000528492
-0.0002490208020355591 -0.0006789374916827623
2.2444742747172296e-05 0.00018554758133969567
-0.001168505681734602 0.000510907330868616
0.0001228545024335355 0.0003206415327571821
-0.002028329360513165 0.0005863838834131012
0.00013683319283999543 -6.315965011616177e-05
-0.0008023409598924702 0.0002699485825737513
0.0005175372492640505 0.0012571444280059063
4.121720716796269e-05 6.936955858275562e-05
-4.501652509452492e-05 -0.00177434522434922
-0.0006369165566428665 -0.0004040002014686429
-0.00035429645159803776 0.00013578381427396957
-0.0004933658169825306 -0.00020343230839646532
0.00038524187415942115 -0.0009682655880118325
-0.0005818509538858442 9.613161122170612e-05
4.646247792191589e-05 0.0009629165441734326
0.0019330086924788834 -0.0006030486233665519
0.0011849943597448773 -0.000225208884496799
0.00019813689175085669 -6.525975304262109e-05
-0.00018905412960811422 0.00017369589360990883
0.0004769431158684144 -0.00044770383658781175
0.00030150064764962556 0.0010007428922188322
-0.0005426995827729674 -0.0007097978095039034
-0.0002478985420385703 0.0006152426236758017
0.00045207900572689317 0.0005253683903311187
0.0008808436835563243 -4.811032602398485e-05
-0.0007018085152334086 0.0014116838346841304
0.0007333379709646994 0.0005064685656267935
0.0006678843009670358 3.527584368065272e-06
0.0005091355865502194 -0.0008880053853469986
-0.0018803093933068042 -4.257222873480817e-05
0.00016946034330400907 3.132258033062882e-05
-0.00017400488501319327 -2.7935976223095657e-05
0.0003571867137894831 -2.685039719612782e-05
0.0008003613413418897 -0.0005175378435250168
-0.0007232613780996208 0.000295365785288622
0.001412778774458194 -0.0002502512041709923
0.0003826489536646522 0.0003911129116461835
-0.000719617224882946 0.001341587641789028
-0.0003250616449457195 0.0004199771143351067
0.0005255039207913183 0.0013604167951852353
-0.0003802311550837115 -0.0005071395662537697
-0.0002601055204269089 0.000756619289288626
0.0015135324798766622 1.6872401594746302e-05
0.0003157305688977719 0.0015693882597265993
0.0002617442678890701 0.00038755600353213205
0.0008140276799643706 -3.767155004552611e-05
0.0002610464748960696 -0.0006827006266576273
-0.0005605446681611274 -0.00024537573618000215
0.0008703482235360238 0.0006795207175353245
-0.0007052222480664343 7.9356270954443e-05
-0.0004400974583860561 0.0005636634713297149
-0.0005347856057563608 0.00046856110121831594
-0.00034510318104729394 -0.0012688975472146932
-0.00011620259641935936 -0.00011256488650572345
-3.174797155329555e-05 0.00011260564871874751
-0.00097353081183087 -0.00029158524290132245
-0.0002775386085924807 0.0008303938044940965
-0.0013194559576704679 0.00016074644588714312
-0.00015441903836679093 -0.000893930834574667
-0.00035032038420475785 -0.00043459394169503314
-0.00040482202525118314 -0.0007061086900541475
-0.0005749237500460674 -0.0010925574429787737
0.0004591112715012305 0.0010538434020855739
-0.0005536469696796145 -0.0012688861601847258
-0.00047706566569693783 0.00012106211065607637
0.0013666830655572684 0.0010528126209645673
0.00011711483932104294 -0.0005517301000904894
-0.00036246357606202365 -0.0012230080916558073
0.0010038675445778209 -0.0005731017103569145
0.00020196268191812055 -0.00016414979073395397
-0.00013601289125368893 0.001378841284635956
0.0002631043750682585 -5.489599653685631e-05
-0.0011048375499078515 -0.0015366211554193802
-0.0005080454984088745 0.0009781537368157148
0.001098816264539368 -5.3132149087588594e-05
-0.00012766303522433492 0.0005378663779010952
-0.0011847476077484283 4.02416520183509e-05
0.0009472444753542029 -0.00010211137233197521
-0.0010970381990184942 -0.00020089034783890323
0.00041576431637502123 -0.0011073934896714088
-0.0003742360091460236 0.0007529016958607127
-2.3332690496617407e-06 0.0005291511417374685
4.016638328575526e-05 -5.694846292187001e-05
0.0008023791522878964 0.00041355359546783535
0.0002928803202128255 0.0006689269042605284
-0.0009296457104441838 -0.0006403884739173637
-0.00019613469267339647 0.00033043104838094813
0.00016902256910102556 0.0005057619654545561
0.00028168511993639285 -9.84513032591776e-05
-0.0002473460481158878 0.0007776326820071253
0.00018404022690314846 -0.000989962068574918
-7.784156857522345e-05 0.00018078921451856716
-0.000697595474401098 -0.0005134171265846155
-4.683051339143474e-05 -2.993391834904686e-05
-0.00029030310284839067 -0.0009700095481823385
0.0008678220225411975 -0.0002786275017491209
0.00011793282507613451 0.00013170928759415697
0.00048081479414703647 3.207750248628738e-05
-0.0006215277569947814 -0.0004676579283577693
0.00036452686470037483 0.0006404888793669698
-0.00016323266634837906 -0.0001884787784389674
0.0009567049484632245 -0.0002888464162217188
0.0004937595321323067 -0.0006806244508132781
-1.9036284266750376e-05 -0.0007040881507643471
0.00020025753510412436 -0.0002649223411972176
-0.00011011114421163286 -0.0004922635351327617
-0.000423880907376999 0.00020384565695812706
-0.0001811491264023019 0.00027770320412333203
-0.0010292628633715188 0.00038710460742779625
2.3308292817445703e-06 -0.0002544273198831787
4.9251695692233015e-05 -0.000588167529613613
-9.135774275371547e-05 -0.0005557077755015074
0.00044159185262006935 5.987999631698671e-05
0.0006188123682524248 0.00018789303520351237
0.00015053171709480015 -0.0001284686816468138
-0.001399796257168474 -0.0003283164229068225
0.0003351805981125908 0.0004231905743786326
-0.0008013253938122379 0.0004354066399861257
0.0001547376252149528 -0.00042541901871606316
0.0011315910900919967 -0.0003654336759800341
-0.0005194205590889413 -0.00043592098632024565
-8.762566355988208e-05 -0.0004937041805173304
-0.0010040264342297328 0.00030301610089658923
0.0012388363754400771 0.001089264788251911
-0.0006537816171874141 2.7206069488664595e-05
-0.0004861656775848601 0.0010458023661074757
0.0005240709311816025 -0.000832706690455914
0.0005772765445208536 0.0006245347278467033
-0.000398370196565101 -0.0005019956773336503
0.00016211665482327944 3.830829683373796e-05
0.0004749835653471316 9.68915283093195e-05
0.0004736240390300299 0.0003073305308068341
3.9718209803486746e-05 0.0007880272592733909
0.0008064658787937379 0.00017572189065518667
-7.897054660226377e-05 0.0007024322992206701
0.00012477531049431907 0.0003004847818519513
-8.737835536902993e-05 -0.00022633938944374298
-0.00044140592863260204 -0.0005673616222482129
0.0009317191620298625 -4.8952690283056485e-05
-0.0005711590471465562 8.353023589454254e-05
-0.0008387935193366879 0.0002450170181280486
0.0005455199017561649 -0.0006472325917685768
0.00048819295392905264 -0.0006523387777685626
1.5376490441083903e-05 8.107367749982323e-05
0.00035759269817917653 0.0004321268418747747
2.358948986900086e-05 0.0011484889931153261
0.000778378675954443 9.309628494258342e-05
-8.073082277501001e-05 -2.2171652595380348e-05
0.00045900724360008584 0.00016596262856943123
0.00021678629150090757 2.0516570241742807e-05
-0.00017897541151129658 0.00040348968450892934
0.00017150678545768295 0.00012510223740974517
-0.00012716718319842436 -0.0002716453676330468
-0.0005083600823699457 0.0007277578477086728
0.00024228014815185864 0.00016462537665918965
0.00030106240515151634 0.0003895298948023469
0.0002521569449287158 0.0002557649610991217
0.00047902377543370794 0.0002611466405160467
0.00013238551909831945 5.2114617886681533e-05
-0.0003485655382338165 -0.000927720066222399
0.0012037851859624286 -0.00025171727098464774
0.0006065831258523395 6.306191804321383e-05
0.0001623777269839474 -5.7123392659369065e-05
7.848907417388466e-05 0.00011692184334735513
-0.00035606933767426044 1.2004199155223594e-05
-0.0003611302716281199 -0.00024193928706429932
-0.0001387106603604926 -0.00029746898617344966
-0.00035386923325207833 0.0003631822141476273
0.0011841385275943956 -0.0004743808916803904
0.00020560648760065036 0.0006705381556097253
-8.249723906468511e-05 -0.0014417951624933702
0.0007198179773491613 3.0014624325817428e-05
0.0004352808540077236 0.00015382238462284005
-0.00032717807816954556 -0.00037021707193617056
0.0004298520598852167 0.00035629452722157147
-0.00011793539499529505 -0.00027025318584316267
0.00018616827113992766 8.186028698712237e-05
3.195672951640319e-05 0.0004218916098626984
0.0005715355032201918 0.0003926725477012093
-9.72332676683816e-05 -0.0006619811181790735
0.0003491208701245572 -0.0002704530311188608
0.00034270152206873194 0.0005028124272730585
0.0002020453289759702 0.00018473791758351647
-0.0007443322430534117 0.0006232080112265974
0.00015703188510173298 4.417971603000112e-05
-0.00014463971366689024 -0.0006019796631528308
-6.726843580386677e-05 0.00017545786915316538
0.0005399406710577663 0.0006238254228055791
0.0008142327014152373 -0.0004927554159895082
0.00018114532974970545 -0.0006792732238895404
0.00025266122468483237 -0.00032514188958578414
-0.0003507835401520705 0.0003784347818547528
-0.0009995035977122427 0.0007274732782517942
-4.8500313411395035e-05 -0.0005790200235444951
0.0007767893093996855 -0.0006896993985642257
0.0010704532558173216 0.000480320140796665
0.00017752768357861534 -0.0005109307164125665
-6.581094850534437e-05 -0.0003621851834418913
-0.0005215251884389885 0.000602119680702959
-0.0005849161466398497 1.890636985863621e-05
-0.0005295207537120564 0.00045660053098713684
0.0006466369402786007 -0.00016355214167032068
0.0003319408203621628 -0.0005262308278191709
0.0004922551482015797 -0.00048730022048643556
0.0003402987666869564 0.0002374107368647446
0.000365842595555007 0.0003109484028881872
0.00044497240985158124 -0.00038686820418955086
-0.0005924023923279135 0.0006261723145885304
0.00022944528409459043 0.00032017034480775173
-0.0002797997963448271 -0.0007536833350373001
0.00039121560136274957 -0.0006023411241799057
-0.0003513592840961806 0.0006804430456947271
0.0007447481381174294 -0.00029004087799969983
-0.0001618862389356607 -1.573117246987429e-05
3.1370137880457424e-05 -0.001139683774442645
0.0001578954467103993 0.0003647131043845688
-2.005674176965618e-05 0.0012524077970344515
-0.0005772934300998291 -0.0010693871999877785
0.0010350885189877694 0.00037801503373859297
0.0007149617896630435 0.0005063583641120667
-4.092960645502395e-05 4.591111056564624e-05
4.276976747843677e-05 0.0007705968421557588
0.0001678859664782774 0.0004209681920516817
-0.000247898825396985 0.0008107650453936633
0.0001133655343841651 -0.0007176307042875361
9.993536800625566e-06 -0.00017971197662781412
-0.00011402091784448531 -0.00013418474010733872
-0.00011505163971512201 -0.0006607938497868431
-4.965688647317872e-05 0.0005437657404683229
-0.00011125128736771775 0.00020371622112030607
0.0003505299275547111 1.0340582400424031e-05
0.0009667251529733165 -9.122252248231027e-05
-0.0004329002362128064 0.0002628599109502172
0.0005177414082684561 -0.0013753010558508038
-0.000289218457866414 -0.0005723043670800862
-0.00029398347257501167 0.0007833604535944696
0.0002686862715227037 0.000673851470778977
-0.00013294975911723824 -6.699822596416938e-05
-0.0013697092738546776 -0.0007795032814254366
0.0013826973430125498 -0.00033509546163924115
0.0003538414621038233 0.00027326544957946363
0.00025255306373106424 -3.529149595617046e-05
-7.793899683338408e-05 0.0005475512831977548
-0.0001730563463270069 -0.00012016953854298578
-4.7923911188711514e-05 -0.00023013780029113243
-0.00023496344871999202 -3.5555518174676803e-06
0.0001041940933005742 0.0003132626591909123
-0.0004629213174729038 0.0009235931064722502
-0.0005424636250467877 0.00032951311372752845
0.00036966092697535277 -0.0002747573826230473
-0.00040510474601824944 2.1025297056166526e-05
0.0013514802172314353 0.0004969003794066862
-0.0007146357526367073 -0.0004930081706658001
0.0001365008147608362 0.0004528893108947097
-0.00011404634874530423 -0.0006791113863286886
-0.00018226115912612414 -0.0006063282310084419
6.963328050663737e-05 -0.0005927392307293335
6.500228569208034e-06 -0.0002424746422397516
-0.0013024217296743997 0.00017018798191402703
-0.0013291951608228715 0.00025369949172825943
0.0005429397581649943 -0.00033224172883758473
0.0005613465507998845 0.0003669129304737937
3.2190356031961076e-05 0.0006174758990625415
-6.310444388208098e-05 0.0006626009424004314
0.00010000467603950968 -0.0012460293556339956
0.00035074282225084453 0.001533327508763847
0.0013407164671036837 -0.00023760491010718852
0.00028722873307074473 -0.0005506071236676354
-0.0004302116551660971 3.86145119513813e-05
-0.0006110219948581464 0.0005306595400345091
0.0001573130005237111 2.1837778389007402e-05
-3.0404264097639647e-05 -0.00012856001885943092
0.0006082989168680376 -0.00010094932444765673
0.00027433580979743143 0.00015804741222967048
-0.00037569201434614114 0.0004828945334139661
0.0005433797800256226 -0.00046416635980200244
0.0011629007298238278 0.0004338468648674346
-0.0002768429125123281 -0.00040237885857802297
-0.00022954492431339016 0.0002771825527982551
-0.00040969226663028444 0.0004936323490110944
