3.1910714839972966e-05 2.482396648886602e-05
5.497210464993879e-05 5.163489763910251e-05
0.01579316825631663 0.013936707007113832
-0.00034268893852683135 7.600317455282467e-05
0.0009816009720558412 -0.00021601237056840833
0.00038647499062410747 0.00030088540276532465
-0.00031079184596061524 0.00023023340129503688
6.717733704305178e-05 1.273940632769654e-06
0.00046605886217896574 0.0011142518681197336
-0.000474185937110786 3.495892344939032e-05
-0.00024083043119458498 0.0014050175647464865
0.0012424280475019469 0.0003913776567665161
0.001373634993905593 4.554689624664752e-05
0.0016323938081055994 0.0013549905588533463
-0.0012610155540721101 -0.0004352787343445577
-0.0001937841175504866 0.0008178044122962035
-0.0007114466104556495 0.00046801304712485635
-0.0006746532017620511 -0.0002425437507490125
0.0008431876736317086 -0.0004054430159934906
3.424008187608428e-05 3.438451161344132e-05
0.0004738278602025897 0.0003817510365352992
-0.0014113059424478568 -0.0014677833412726474
0.0012192484409498244 0.0006104299518398392
-0.0006798450396217508 -5.495438822741011e-05
0.0005185722539631861 -0.0013797854608870986
-0.00023580437010982795 0.0009142686672710408
0.0010640717852025549 -0.0007723912536001711
0.00022601462836738427 -0.001435566400004049
0.00016933841525035743 0.0003180867314637348
0.0011711531339427767 -0.001057676882584224
0.0006633754038447959 -0.0005530708939435568
0.0003044119548851603 -0.0010333666617245588
-0.0011360036002744601 0.0009215540563985578
0.0005653207251040168 0.001334126000586327
0.00013297073661464262 -0.0005758254853930246
0.00013910958641236753 0.0010597739661092186
0.00022660517711005547 4.433467615845192e-05
-0.0004253840372911762 -0.00019498944430322676
-0.00024314466709346683 0.00016226615731922969
-0.0007077845935191528 -0.0001869365319603071
-0.0010398894583539017 8.240126056834075e-05
-0.0004234990771963797 0.0008076158249549078
-0.00014433661475367845 0.000443624501403304
0.0003062706845575956 0.0007362062380178209
-3.0225300830409895e-05 -0.00044793627217637564
-7.797921768101238e-06 0.0005736037493405018
0.000620606741778855 -0.00037338758401700466
0.0011084901088744892 -0.0006531183178861218
0.00023477349547727487 -0.00038803872154210135
6.063984773201765e-05 -0.00048503363791850947
-0.000829185417095579 0.0005314464167056217
0.00014911317092264277 0.00045592473740070524
0.00020651387457643828 0.0007973089876980538
0.0007154394771893516 0.00015954409824664068
-0.0007090718575023062 -0.0008249693890542895
6.941091576543766e-05 -0.0013380494553609805
-0.00013200292497514505 4.0524769067354925e-05
0.0004578213792365343 -0.0005583911203692572
-0.00047048128705561276 -0.0006714709427448533
0.0001428559389933085 -3.8825534215614634e-07
-0.00034052375320907716 0.00042430067661618145
-8.776943486027815e-05 -0.000488460938865405
0.0004790159236805923 -0.0016491091964022954
-0.0005627656103246493 -9.415461770866107e-05
0.000393678459931759 -0.000664887510210579
0.000348779489917959 -0.00012409818200810418
-0.0009605288820710315 0.0006738059420501025
0.0003163658018006285 0.0005306644934052211
-3.414252206107477e-06 -0.0018901992234422894
2.849628346470518e-06 0.0014650992424911382
0.0002853716657728406 0.00021626143322153897
0.00010426947225263484 3.903350566481404e-05
-0.0002626350539595706 -0.0006004884977059429
0.0004155637111180016 -0.00026202675334492307
-0.0007785260709750684 0.00025579681953072977
9.116178333175336e-05 -0.0013128899218436151
-0.00021097273091917268 0.0003070962654849164
0.00031335149580404877 -0.0006309705962313371
0.0002930984508119722 -0.00043187437712772874
0.0006321506233888396 0.0012066130187796864
-0.0009639268884006583 0.0010088674859293054
0.0010867526691892275 0.0006831584004150177
-0.00014812056032862861 -0.000446842141861887
-0.0009335115602926099 -0.000520683173886394
-0.0002687581110881769 -0.000330951614641547
-0.00047494035573189135 2.974043778208898e-05
7.86692290985693e-06 -0.0006874111143205415
-0.0005653112871739643 -3.877507961200664e-05
0.00016441865795202858 5.27439443587679e-05
-3.848520313358511e-05 -0.000201595260942995
-0.0011591390978691477 -0.0004546631072071962
0.00102005577786279 0.0006110202710798795
-0.0013873146594647204 0.0002942584896723442
-0.00014547636420606926 -0.00038173965571721216
0.000644317976550081 -0.0002914431784044724
-3.241071051554727e-05 8.366423889010276e-05
-0.00021981378741794383 -0.0014768816145789205
0.0003502339089257763 -0.00034276668086112376
-9.278293667087785e-06 -0.0009559636086573207
0.0004850446705178625 0.0019039391321926129
-0.0012114229198360975 0.0007323336788225157
-0.00040895533198707923 0.0001301679913526217
0.0017255800795021176 -3.4784987247733126e-05
-0.0014695490816303497 0.0002457812559266839
0.0010029804169267196 -0.0002841127282007744
0.0010139499675875733 0.0003040330950983865
-0.0006627023406555252 -0.0004640455261821347
0.00038737288294481424 -0.00042258360975546555
0.00036274829775731824 0.0002857249052448003
-0.0003525492655434574 -0.00012284226572118544
0.0005843992150987714 -5.6322930137455474e-05
-0.0005276110443387234 0.00013714691668468995
-0.0004242555134428781 0.0005607615442282676
-0.0010356630192592303 -0.0001121216230062785
0.0004962603661014448 0.0005419583313388489
-0.00021526297089577168 -0.00013296439704956286
0.0006549596560858711 0.00016922205842607888
-0.000105121155814627 -0.00030648147381197777
0.00014483156639259517 0.0005326549182505109
-0.0008650246765229385 0.0003143236129137078
-4.910607359438342e-05 0.0005339061437033326
-1.8760893557778998e-05 0.00040174924121344567
-0.0002801538488000327 -9.795517202172015e-06
4.777656057965436e-05 -0.0005842419007532845
-0.00048221349789036994 -0.0003098093103452264
0.0008989273127096034 0.00010874882120961016
0.00022384501266910271 5.0346801989813964e-05
-0.00033007867293633435 -0.00017961054810251435
0.0005599573482385968 2.900656575669776e-05
0.00018535523413681703 0.00024946878450638296
-0.00036423229567637567 0.00020759259384246434
0.0008253680405371699 2.0900828288987108e-05
0.00030600906036287685 0.00020440596029350385
0.002062720033063161 0.0009502966872534343
-6.509047422100834e-05 -0.0010627450676152853
0.0005574754385647839 -0.0006881278416546043
0.0006232187001599086 5.3078877845184865e-05
0.0009283650926168262 0.0005414429867607924
0.0006383843502584153 0.0015032397879161494
-0.0005241977935324876 -0.00024141503659025305
-0.00013210041613682285 -7.146230266837653e-05
0.00022947803124204308 -1.8466843822621287e-05
-0.0001852296098144105 -0.00011542157913446564
0.0009289662724938398 -0.0006625859025074579
-0.0005049124435023478 0.00081942131037988
0.0005443324366758026 0.0001004572978126078
0.000969146020841402 0.0006528272828005532
-0.0003807343459214854 0.000655370176884769
-0.000600597491259168 0.00016913042235974844
-0.00021509214172084817 1.3604085199373495e-05
0.00045900676018794794 0.00016262489987093986
5.807948759543957e-05 -4.6614714790647425e-05
-0.000882366138315814 0.0002862013345422454
0.00012616985605495065 -7.272376148851137e-05
-0.0006669137151107298 0.00026577609154205585
8.704447850452595e-05 -0.0007471826389223219
5.770663820671355e-05 0.0001548034253632134
0.0006446523318167856 -0.00013351218168056395
0.0006766420792490679 0.0006144416247524471
-0.00029361302030604224 0.00020052279514957204
3.896843218364714e-05 0.00022431385784813602
-0.0003751750214311841 -0.00041944502012466767
0.0006512201580540447 8.209789952804372e-05
-0.00018795490776254596 -0.0006780286586972222
-0.0004684686512288209 3.926768147365172e-05
0.00024566438393578815 0.0003019986279744017
5.7487855514073036e-05 0.0008978379112491098
-0.0005243000360364177 0.00020729780056340683
7.057584024392233e-05 -0.0004061168147009168
0.0007797634545958695 -0.000503785758271354
-0.0001464158522242635 -0.0007888029055739883
-0.00037978375968094604 -0.000741193940658309
-0.000239321933439685 8.775745638439186e-05
0.00022581098412809516 -0.00020332114876554837
-0.00022196785887118538 5.151265237257902e-06
0.00045907009007304636 -0.0005287183184113497
0.00034145004434134866 0.0001872348510088772
-0.0002703000897884518 -0.000356874094965548
-0.0005370148771127921 -0.0005760396155507982
0.0006984808726579903 0.0009144941778400543
-0.0012317589797123027 0.000714202217436062
0.0006245250087971028 0.000394316621175159
0.00018357126601794055 7.530452449001734e-05
0.0003129317356858605 -0.0007483684872523594
-0.00046879253463420485 -0.00021347511035253361
2.6285539036668975e-05 0.0007938998113427079
-0.00031730570888988135 -0.00014590785176888608
-0.0005555548901767101 -0.00044075908872585125
-0.0006168216264712037 0.0009626601256953868
-0.00021033933856335723 0.0006979821778889106
0.001207499107730237 -8.813466478590747e-05
-0.0005081732120554957 -0.00042783774058782677
0.001641178693215938 0.0001732750125743623
-0.0006687444137380244 -0.00042160329767803743
0.00044460641085279943 0.00037581854164833554
-0.0002727415442868467 -0.00022128561203334663
-0.00036460298185050395 0.0007318333621585178
-0.000872004993290508 -0.00030488938845259727
-0.0008059594283424475 -0.0005435857229153622
0.0007411345183204614 0.0007371315414040598
-0.0006096396374239777 0.0001533320596650519
-9.965735502237262e-05 0.0006264897705267884
5.761639694751461e-05 -0.00015865603725643418
-0.00044068997709805874 -0.0015223256907442699
0.0012384470595101385 -0.001019704071506092
0.00037586870735069236 9.572896050718594e-05
-0.00025651252274705666 -0.00048162453717851185
0.0007132539381803485 0.0009096167744323218
-0.00030758874222774706 0.0002034037550345041
-0.0004484954674859216 0.00041367442470739403
-0.0007536374180502248 0.0006357375117093672
1.2465061399965241e-05 0.0007068833874513993
0.00042603461647554335 0.0004520334829219112
-5.899491628965137e-05 -0.0006934609814627459
-0.0008808660111468754 0.0005164393363305881
0.0010019433513036573 0.0003538194722190065
-0.0012994705200516678 3.5170538964039465e-05
4.669049910898886e-05 -0.0008896906812771197
0.0006707891710338799 0.0006017114690451924
5.9653065216222775e-05 6.08575625012873e-05
-0.00013663477440957044 -5.506366258707105e-06
0.000537263576853105 -0.00011393813646592593
0.00017887576881897815 0.00023061575492223986
-0.0006636112430940332 0.0011060569524710985
-0.000906382561477509 -0.0005374538542560114
0.00043083261080015457 -0.0003335492885820911
-0.0010880809129108142 -8.83172312693583e-05
-0.00025939452946325376 0.0017668774971800435
-0.00034917992141642913 0.0007061520460457272
0.0009153926959541298 -0.00040538739189219047
0.0006073724452008097 -0.00012418357263642942
-0.001173280082680358 7.22587922856775e-05
-0.000367528795299209 -0.0005534053797758553
-0.0007793692125672466 -0.00037895074973248423
-0.00021711066749900286 -0.0005877652714064782
0.00010326638008573412 0.0001407238368407934
6.126563620402451e-05 -0.0005327938148515394
-0.00011971012070314078 -0.0009257549449709733
0.0004273845640240114 -0.0006007656996714546
4.2553926312242965e-05 -4.929029172856703e-05
-0.00062135601961242 0.0007762923234298156
0.0006964558172465231 -0.00017003402650471791
-0.00037630663423027336 0.0008943883809640688
-0.0010318358144774222 0.00034241404419253795
0.0002580670443490357 -0.0004269006924579014
-6.772487054534578e-05 0.0010005925893581769
-0.0001595512610318539 0.0008234719558801254
0.0006476278070422963 -0.0005937917984826256
0.00023847088955996688 -0.00034128828390621844
-0.0007979324037050715 -0.00023197880277189115
-0.000467799896112656 -0.0008551539310452754
0.00045779951778457146 0.001129063421984722
0.0003038960791739264 0.0002685647687824332
-0.0008089517143618181 9.988829032941966e-05
0.0003214679311332545 0.0005673812847972502
0.0009751700646972483 -0.0005103892961708615
0.00025786277281735235 -0.00018267289412804544
5.7392960486224737e-05 -0.00013888483324560764
-0.0004172557628426218 0.000956467325743783
-0.0009933345256058987 0.0004015400683347624
0.00038456093673669417 0.00032982922422955497
-0.0008358229735251376 0.00039176475953216916
0.0008462560961597971 0.00035980128357686976
-0.00044185922406956023 0.0005848425146842386
0.0003522154589673213 0.000981431166815298
0.0002777620605847009 0.0005052729177951832
0.0002877197801420356 -0.0005139773948342372
-0.00043543422627308534 0.0005995085707902308
0.0006094685446366204 0.001233403423813591
-0.0007657487988031588 -0.0015271002580873358
0.0015459715254074514 4.156308233759521e-05
-0.00045121780634768655 -0.00032445315384779273
-0.00014859410599577452 -0.0007835356689838597
-0.00015071085577662553 0.0005094702452657089
-0.0007055955433759915 -0.0001566150982554439
-0.0001183408935133048 0.00038045874837812425
-0.00030815678613560374 -0.0001155492635427213
0.0010771662849010989 -0.0008765919656013043
-0.0010066421965109374 0.00015441735771708456
-1.3545545644292398e-05 -0.0016842208868913214
0.0015613246783065169 0.0006605266521183313
0.00017063557222361938 -0.0007634590626735855
0.0003283571379191571 0.0005701853246004467
0.00044650157801451036 -0.0005197974735798336
0.00020172960129352004 0.0005468140912148623
-0.0005279249734374765 0.000561969083963174
-0.0008531603736477298 0.0008637595533966188
-0.0005826107484801597 0.0006643065911900956
-0.00018177155809255785 -0.0005860672193557005
0.0002476552114650346 -1.9803484926825833e-05
-0.0007470507792792073 0.0008047029569259964
-4.6754714658156755e-06 -6.894607683428137e-05
0.0003069504996066453 -0.0009220687539855484
4.7851715929132465e-05 -0.00034757076725825114
-0.0006513004088017233 0.000546266522992887
0.0006470394868513217 0.0001989539327980751
-0.0008285011311614049 0.00022177947610591467
-0.0004190555840531936 0.000898554227399852
6.071108644838107e-06 -0.0008175841367206802
0.0004097226525333659 -0.00012747324460813381
-5.93803100067301e-06 -0.0008434244058356165
-3.3405041309820564e-05 -0.00025905496742534084
-0.000890220091754933 -0.0004507970179203532
