3.874530274724954e-05 4.456372783264613e-05
2.1761770570983463e-05 3.617855092083518e-05
0.03403279700475289 0.021141381336945635
-5.820158600819583e-05 0.000326669240334231
-0.0006497384383105324 0.0003163898066501813
-6.814811706031656e-05 0.00015845730963609495
0.0008640720533198527 3.781534611835582e-05
3.0632348923029854e-05 0.0013756109048865624
-0.0003406002941604247 -0.0011485559323780664
-0.00017442366775103605 -0.0004477646634460199
0.00024887254380845955 -0.0009560852016489119
0.0005203099744567529 0.0011047789519744832
-0.0001062588991008607 7.458588942868899e-05
0.00022323269242756116 -0.0005005223711885082
-0.00010885915524947756 0.0010047927090666975
9.289191349777588e-05 -0.0019704482262460116
-0.001685388958110212 4.3680587386971814e-05
0.000670821974568528 0.0010074956862913833
0.0009195413151101349 0.0004060882077667843
-0.00031632667810584195 0.0010622915678319877
0.0011232956275577443 6.180063150355085e-05
0.00037105668402523124 0.0009486581156747148
-0.00011714435366546313 -0.0004999914168720686
-0.00048246517732832976 0.0005994086390007233
-0.0002942870571441876 -0.000693936432467776
9.242977056606577e-05 0.0002138457085182089
-0.00016706835350156226 0.00014268551734400017
0.0010723891618366803 -0.0007052963148326823
0.00010800229183670407 0.0011592401746411331
-0.0015684677479703274 0.0007273184259961532
-0.000257254053952807 0.00016284983339980705
-0.0005185903737551087 -0.0008974564911213777
-0.00033305330999115794 -0.0005240042109390361
-0.00013388596117160692 -0.0007615797301711607
-0.0002698329786903052 -0.0014467116857401097
-0.0004911306872955769 -0.0002644231578976658
-0.0006761977741160738 -0.000904439047005917
-0.000758941092141104 0.0003393474871953788
0.0005265338020756186 -0.00034550795157702144
0.0006241416755419745 0.000561651233533522
-0.0014111552102347073 0.00013879469105746825
3.448607283009994e-05 -0.0008613855854462004
2.647218909296177e-05 0.0003009156412344352
-0.0012195160897698722 -0.0016419493498893631
0.0015620726024670052 0.0010973539076112526
-0.001007027459378204 0.0010757948025257433
0.00041066602117336586 -8.660771505806451e-05
0.0006715548482584811 -0.0007499267771211622
0.000465503749780365 -0.00031998342734155274
0.0009273263888552615 -0.0007709998603733744
-0.0013647752912785763 -0.0014564304518017669
0.0008354956720944317 -0.0002417992545876519
-0.0012224590401876292 -0.00048329694534773627
0.0007795309669599268 -0.00022988062788249823
0.0011886723834544923 0.001262412463733913
-0.0014320009904953102 -0.0008376673370792307
-0.0001486114325247036 0.00026684204302870445
0.000606540907423875 0.0004682794762821144
-0.0002684463901239528 -0.0005615102907582655
-7.421239184131347e-05 -0.00011878610826883053
0.0010205526408532876 0.0008292289163356037
0.0002703363445311764 -0.0005330487905096147
0.00045691443618008293 -0.0002115138290620341
0.00010182261472917786 -0.0009539395885745022
-0.0012758537160673235 -0.0011330801711217431
0.0008122763652216853 0.00020142225148505775
0.00018574206581467546 -0.0002332205902497103
-0.000828817313109146 2.324551601088278e-05
0.0002834793983031093 0.00021172969105727983
0.00042256536369223623 -0.00027226614005442375
4.9428822516774175e-05 -0.000393034859643334
0.0002219027781422371 -0.0009752974640435805
0.0008281825073936113 0.0006312414475887527
0.00019929573778793981 0.0009837144930268792
-0.0002543393993168101 -0.00014908760702679851
0.0002598388499681235 0.0006897160857584911
0.0004158899669603826 -0.00013209575683821028
-0.0002409289114766176 0.0004646459315640689
0.0008536876428169418 0.0011089776048805703
-0.001012091353064552 0.0003149304443516343
-9.40440698666654e-05 0.0010218981801081125
0.00043759797193236143 0.001575632206766494
0.00031354725539594247 -0.001167692396038186
0.000984091059374774 0.0004868555400896458
-0.0003172945375659469 0.000203327534153666
-8.520595026236856e-05 -0.0017715004563088532
0.0003039196512494225 0.000973350147599338
1.7721716533326368e-05 0.00017591315042895757
-6.904967208982186e-05 -0.0008903636530698979
-0.000177297798802237 0.0007899898862164801
-0.00042757586717013103 0.0006614309393190791
-0.0011838712438734438 0.0002496686323382192
-0.00024430066618411403 -0.0013175370573525107
0.000372436918094099 0.00027026024103948907
0.0003447452846433831 9.903029180342358e-05
-0.0008773842598575353 0.00118039516112904
-0.0015203825259559485 4.530745000355371e-05
0.0006951905346437389 -0.00033332374983522457
-0.00037327026351847807 0.0011619246803769524
-0.0002749217675818795 -0.0005335022142912044
-0.0007164478866132347 0.00017635596731912977
0.0004283084859569071 0.0002580695516091116
-0.0006049709422212963 -0.00011856391151020297
0.001004659491743409 0.0007368431024888055
0.0006104881601871484 -7.214539128473953e-07
0.00053108212626101 0.000669551004015273
0.00028233455457203025 0.0006660065925362578
4.105471614815791e-05 -0.0005547908675244522
0.0008526128822126808 -0.0002482015354343098
-0.00015249186841222753 0.0001239551045546307
-0.001099410357218658 -0.0005376970237842124
-4.693525757045198e-05 0.00023732665991239504
-0.00040166971752471413 -0.0008211415763753032
0.00012932847723648962 -0.00012501810873797998
-0.0006868295541355007 -0.0005382066701664631
7.226839970419706e-05 -5.736320088275316e-05
-0.0002471665768862975 1.1408016614268695e-05
-0.0005605135844618166 -0.00010415903896449561
-0.0001253144197950444 -0.0006736259171848743
0.0001996106529279679 5.0453594903172256e-05
-0.00047896278978705757 -0.0007635543917482195
0.0001414187041198983 0.0006190159364957051
0.00035978880964397566 0.0002577714171411382
-0.0004033254976679038 -0.000122043193703881
-0.0005621073539254149 -0.0009241503596800618
-0.00018654867359572177 -0.00016951260732222335
0.0005347584385793881 -0.0006210234997523427
-0.0009186181416182049 -0.0006100867756382079
-0.00031386451544534875 0.0007161986063295801
0.0006503714864024826 -0.0005478689836029141
0.00044309622879112794 0.000317924246812229
0.0006919311859948701 0.0010085871357381482
-0.000538083063811824 -0.0010471069065882152
0.0006815035774483596 -0.00016181761490797084
-3.1377857633339856e-05 1.883681576101594e-05
-0.0003317233945599093 0.0003672827845687389
0.0005712191744953941 -0.0005194771122554971
0.00014283290773213958 1.8878101446311696e-05
-7.280778949207937e-05 9.404369458514005e-05
0.00015621539852037343 -0.0001320088403079947
0.0004485948532437396 0.0007878638480434072
0.0005485636500726218 -6.89446161494806e-05
0.0012438892838281708 -2.214663834516576e-05
0.00028960732700896764 0.0003272695946366384
-0.0006821086620497476 0.0005665407737249081
-0.0002780392029374283 0.00043809273277956484
0.0006331204879649454 0.0009832663837922129
-0.00027999266077466996 -0.0006686568873234381
0.0007109504369444846 -0.0006722154970751318
-0.00012266747731032041 0.0001257932489224219
-0.00014951166000511007 0.0010254789165186756
-0.0001634669734564519 -0.0002762840080769466
-0.0004012418259841906 0.0007534003850138663
-0.0001576386358928638 0.00030516639861589967
0.00017919276852665163 -2.3977077102685894e-05
0.0008221165851621114 -0.0006656799171243963
0.0007230592390405446 0.0003748055061610683
-0.0011446128332239266 0.0004420415737756019
-0.0004053468194735261 0.0008224369315386231
0.0007229549660068106 0.0001681966984877729
-0.0009724805218824218 -0.0005160257975214863
7.59681516106125e-05 -0.0005642234816036289
0.0002753202125405918 -0.00028119802345487755
-0.000226806943062037 0.0004886068826441913
0.0002965967651140411 0.00039573312316609326
-0.0002458178125330442 0.0004136561229189868
0.00035219197492763153 -0.00028830425565854216
0.0002998679591515778 0.0014215236536006474
3.305866477335656e-05 -0.00033278990901355
-7.567870216015839e-05 -0.0001321669872279652
0.00029093018086471427 -0.00041474745545830847
0.00018701521802490595 -0.00020729205552053493
-0.00013522973138857487 -0.0006727069851916898
9.61704226740129e-05 0.001111585137583934
-0.0007979032283944421 -3.833510194376101e-05
0.00010074695900967384 4.902928819997754e-05
0.00013653120107542485 2.240735305893864e-05
0.00045890695337347714 -0.0007452634821452551
0.0002612702374273815 -0.00018942640222663728
0.00041360771421250335 0.00020158440111635106
-0.00016787643223283553 -0.0005247477727388573
0.0009741336967781026 -0.0003598325560059289
0.00029127602206667307 -0.0007946467156322828
-0.0005606395126647282 -0.0005203592921235009
-0.000397592857971136 -0.0018769404782599574
0.0002616285673005839 -0.0004269684984361488
0.00021504284822418417 -0.0004302734372729702
-0.0002733619443455291 0.000453299718792565
-0.0006790797511363532 0.0002855165933120569
0.00021997463192302533 0.0003202551769559966
-0.00019475045961039086 0.00031685451712020954
0.00011963950076921221 -0.00013126132457438622
-0.00025738860669778646 -0.000281898538966378
-0.0002847443905339529 0.0005501559024246338
0.0010672350227971647 -0.0011445595785126827
0.0005938523241221233 0.001276560911414751
0.0004664350860881018 -0.0004772663022291526
0.00014465277946323844 -6.837747334898879e-05
-0.00047302502990672506 0.00011802065129459302
0.0013187228384359884 0.0008724342526160902
-0.0001788979984313809 -0.00019461620152401104
-0.0004381285972792488 0.0008851956767203325
-0.00041169644182235195 0.00047017003233537776
-6.319943718073126e-05 9.409811203703285e-06
0.00044615935839001727 -0.00047199364751600705
0.0011083718499611253 0.0001699712940425598
0.0006418221158538727 0.0001573928231474667
0.0005725135443057643 -0.00044087669064204587
-0.00029096356156373013 0.000328092028353388
0.00019128645369306859 0.0001563439939861946
0.0012739226517548517 0.0008037106086967931
-0.00037771743431061754 0.00022461012413573168
0.00019467010557241984 0.0007424204403761527
0.0005953726484561832 0.0011884447320844554
7.774997379044318e-05 0.00020212836729201336
0.00037104647133294645 0.0009860346225920357
-0.0006881449870493235 -0.0006543052727522835
-0.0003135169420994776 -0.00028554126608914664
0.0005501346279242418 0.00022583225883127776
-0.0006148792987344305 0.00023733441732747912
7.380018364890048e-05 -7.867012149339946e-05
-3.418208435836779e-05 0.00048768599203452643
-0.0001733339525443124 0.0008398724383072517
-0.00012874874806140726 0.00015706122271721807
-0.0006308387500776031 -0.00031439460462371135
-9.108009285607182e-05 -0.0003268011937547082
-0.00012885637808628033 -7.803711324082645e-05
-0.00014997327407379352 -0.00014471769403243516
0.0003514122468217796 -0.0007228353860452768
0.00023167164031905516 -0.0003841631431542206
-0.00016859102097535977 0.0006325623284509338
0.00020255274307808623 -0.00040792050710338883
-0.00019869200059902798 0.0008937697045233727
0.0004254049754896129 -0.00011923139003814026
-0.0005769926898845172 0.0009359292692473815
0.00046196983197067725 0.0007200211567638577
0.00018899945796311873 0.0005730425362861429
0.0005642552749035805 0.00011890394202759514
0.0003057831872076986 9.424135623464052e-06
8.090946111143729e-05 -0.001244978243268565
8.710325331741324e-05 -0.0008042626783101021
0.0005275657675859655 -0.0005274677336896165
-0.0015866483446808888 -0.00035816301500439594
-0.0004714650309212207 0.0001462612338423306
0.0006503714431685074 0.0001131916948760047
-0.00020198933271453013 2.809962944619305e-05
-1.6589901446075073e-05 -0.00023892051609955515
-7.924320342744188e-05 0.0008033603906883538
-0.0001405967741317022 -5.3151753066549e-05
0.00035863429702393586 0.000520151827358987
0.0002767703299647612 -0.0004369440145200266
-6.237222776635277e-05 0.00021387628286746312
-0.00046393380181494563 -0.000834157651346714
0.0014330490523413758 -5.4612943829420135e-05
-0.000620630762203959 0.00046325280899201746
-0.0002139463700136689 -9.80957528930187e-05
0.000727752335034846 0.0002849060680801311
-0.00029803015317862226 0.0003639859829616713
0.0008038092582575406 0.00047776880800242397
3.3915316225902746e-05 -0.0003314189848154852
-4.173981985980402e-05 -0.000182111802779567
-4.980955780990981e-06 0.00043123208093827364
-0.0004065031677438801 5.6856518267440336e-05
-0.0003681841805117156 -0.00038994295485585313
-6.515863032796248e-05 0.0007317590197394852
0.0006804602609840745 -1.9910636107880058e-05
-0.0009576301193844837 0.0009733513228505443
-0.00014615144643341665 4.8035319487404594e-05
-0.00041268882465028234 -0.00013510968702004096
-0.0010398686254646026 0.0008146102936617912
-0.0008463151794510023 -0.0006843710334098935
0.00021102252732341936 0.0007910223799368455
-0.0001084439300133273 -0.00018502986637710227
0.0008253148582589557 0.00015412979940760294
-0.00016783186134736592 0.0004996808272459587
0.0004027565715371253 -0.000586613785600297
0.0009792115194781014 -2.6490843226723237e-05
-0.0005627827939513061 0.0002646312535919466
-1.7591617384862118e-05 0.0003219748358882681
-0.000851824788092457 -0.0012980792414031084
-0.00020107415632137995 -0.000356089409164219
0.0006844794356100298 -0.0002998431556741804
0.00013501206853446928 0.0003064656496945707
-0.0013389931784268515 0.0014386035484221958
-9.570807375376067e-06 0.00015772714713778915
-0.0002903934367121828 0.0003243463416703695
-0.00012641970797104297 -9.393080510503436e-05
-0.0005600977174535551 7.594739758561714e-05
-7.319491383847385e-05 -0.00029045330348194046
-2.161679843715752e-05 -2.0422357236724857e-05
0.000146442452512027 0.0006020687676276858
0.0007712176504258122 -0.0008819545062314711
-0.0004965616361420339 0.0009356868875328702
-0.00046362361213638154 0.0005998994145995048
7.982507364781602e-05 -0.0005155754520989823
-0.00021614235778384983 -0.00012667386069956584
0.00029065780162403906 0.0010261079028877629
-0.00043284578899438914 -0.0004953044747313159
-0.0001291381696449356 -0.0005750422536877858
-0.00022184581560899603 0.0006246812670508463
-0.0011428020509529865 -0.00015707469121268458
-0.0005175665379463756 -0.00013056865936806575
6.9746211932038e-05 0.0005197989827243973
