2.6541940274869388e-05 3.880525935331757e-05
5.311429492532899e-05 2.7940029034701127e-05
0.013454912940146582 0.0243747344443497
2.197520709486161e-05 -2.1314237616118838e-05
0.00027731587657086053 -6.190541565895674e-05
0.0009383859794798397 0.00025205260928096927
0.0005266562415919366 -0.0006931052790441227
-0.00036331196239334016 0.0007155015699737073
0.0011239726271424348 -0.0007646604334540907
-0.00046483122048863985 0.0005642273140295938
-0.0004265619935894829 -0.0008285936538762967
0.0015696431075687865 0.0001705918388135611
0.0003191993734532278 -0.0007118783728725844
-0.0004611495043574132 0.00045062193678783237
-0.00039059844037224825 0.001395664437355885
0.00048102894936072213 -1.8326227704519015e-05
-0.00033681574599849705 -0.0006324600730021571
-0.00010873154469768983 -0.0004554480045332152
-0.0011407291076468227 0.0003999368401005644
0.0003911216930179473 -0.000560312061711347
-0.00030540485658880917 0.0013060201488631136
-0.00042547481202171366 0.0009251904609977805
-0.001376635590822786 -0.0006243750365283389
0.0008080399616883745 2.510207349185743e-05
-0.0005657115366427581 -0.0005773509732997563
-0.00014570401154575792 0.000155105059917457
-0.000574715845787594 -0.000660734549759499
-0.0008483889690081908 4.2729056913060714e-05
0.0004446912146938032 0.0001354939325345723
0.0008789196948388421 -0.0003107269947145158
0.0006905315920246172 0.0005116712077856408
0.0008172145769907231 -0.0006319817336245586
-0.0005675356267460974 -0.00019123987232968925
0.00045194214913768326 -0.0003805072272035637
-0.0005324913627434663 -0.0003429530688707008
0.0012723905949165416 0.0011074685478970445
0.0001915264529369034 -3.879285630925215e-05
0.00035793176937650963 0.0008296607806454769
-0.0007104529210008869 -0.0008063491883265171
0.0009351984929296764 -0.001343858219596254
0.0014303199209324228 -0.000285461645003969
-0.00038554806326389753 0.0003559990687422676
-0.00024757065224770015 0.00036029390323852496
-0.0006781553982308315 4.7931536783558275e-05
0.0014196586250182302 -3.0438574239855498e-05
0.0001590902511679892 -0.00022135459478619065
0.0009486381542345599 -0.0001107777709486707
0.0012058430751397794 -0.00029445749380073324
0.0003991272897392654 0.0004768083821241102
0.0015931979097792497 0.0008472801617125324
-0.001076294940053615 0.0009816176314412445
-7.833749327835529e-05 0.0007323267262191591
-0.00023639213543222122 0.0007884030964202647
-0.0004841156728981247 -0.00046753338917213127
0.00029398603652339665 -0.0013901100964267556
-0.00025949776416857263 -0.00013444347049436787
0.0014262251826432446 0.000307667833190377
-0.0006691883478371385 -0.0007090551781452854
4.384743000963214e-05 -0.0007389887950627602
-0.001270019673026954 -0.00015375388997918084
0.0017474664435104415 0.0004638403322198588
-0.00027281339109704804 0.00035450358450686315
0.0005520043888124291 0.00034204085340593874
-0.00033240273406208556 0.00019627771497045875
-0.00028996924689325774 0.001390814515453763
0.0011473496453571893 -0.0014030603653754658
-0.0005131015822810157 -0.0002047365900448383
-0.0011172407766829454 -0.0012075682609638822
0.001089144935403118 -0.0013305152761074641
0.0008741152030931844 6.429610212370546e-05
0.0006940649976878091 0.001097166762592692
-0.00115619819805268 0.0002389046300220736
0.00016537153510424391 -0.0006446702779231123
0.00047184725821605266 0.0005617446719172472
-7.306641237700042e-05 0.0012853500585164098
-0.0005146637993017424 0.0007914851944891306
-0.001454651235542398 -0.0006233711789225995
-2.597595827087156e-05 -0.0002701075542744041
-0.00045721841261854535 0.0002938172389191309
-0.0005878072937546939 0.0012011853131631597
0.0006585616302149452 0.00015294346433598516
0.001189621419401096 0.00030547649975040734
-0.00057564650219415 -0.00015890029626907884
-0.0017210984536654907 -0.0006985628331070544
0.0008342068811520509 -0.0012757276019062984
-0.0008242445006399118 -0.0007497720830071132
0.000452281411641552 3.321896266820485e-06
0.0005224834615717455 0.0004940034021911916
-7.450577354953621e-05 0.0006284431278177217
-0.00022553401714760387 8.589832589284428e-05
-0.0012962296475861564 -0.00029402110725564815
-2.6404663260882052e-05 -2.8670260171805274e-05
0.00014019891742075345 -0.00018633750497893143
-9.163188787534987e-05 0.001273438939139586
0.0006975469419411028 -0.0002528666838217178
-0.00012028665378847793 -0.000110755889342037
0.0008450838978463482 -0.0003630651077453819
-0.00028790487513551864 -0.0008257677043130766
0.0009048747232954245 -0.0002535263520992433
-0.0008145696305066534 -8.772825333245238e-05
0.0003640003483902234 0.0005905136180468613
0.0002833674814932635 -0.000492795786353862
0.0009096366186138214 0.00143295170297186
0.00023487986981106276 0.00012179053155640243
-0.0002969560728061388 -0.0002515221010687379
0.0006860402729618306 2.3544170398844798e-05
5.944296904473055e-05 0.00043765144385117457
-0.00048730686396773884 -0.00043130190015029657
0.00039268842644933177 0.00013363186221023287
0.00024181634038956696 0.0006109340905314377
-0.0005539930621294562 -1.976078518909501e-06
-0.00031433459585670517 0.000869483289644474
-0.00036623547967335965 0.0005132463047497368
0.00011079606128367376 -0.0008065604614402104
-0.000303192989171522 0.0003334951538680115
0.00013081101905061356 0.000848946602623634
0.00015038341562754041 0.0004639316061176962
-0.0007571642519717079 -0.0006683558762288155
-0.0004047165879104577 -0.0006353733645901846
0.00012729118388897425 0.0006114140523547097
-0.0005426828018033385 -0.00010007738511453946
-0.0001527724389361237 -0.000619288322960936
-0.000513873855936514 -6.239050424201203e-05
-7.165286061437942e-06 0.00034513901244948865
-0.0003986665434021787 -0.00043811302957308835
-0.0009811129377310913 -0.00041685529124576545
0.0009508893461968456 -0.0005698088402524655
-0.00021100474138168054 -9.412026435208096e-05
-0.0006109124863047502 -0.0006245389513687788
-0.0003174783921133534 0.0008167908419370978
0.0002636193704382578 0.0003679844910416882
0.0008633354108123534 0.0002548132639053591
0.0001986021563778725 0.00047319869780236773
-0.00014916199462410338 -0.00045399082999982276
0.0008243676670573321 0.0005829348809199997
-0.00014704312762494048 -0.0006441347774967325
0.00011175775235187564 0.0005891301447996469
-0.00014277179908710576 -0.0007807989677956901
-0.0005572636331569228 0.0010647058623045177
-0.00038285771907892055 -0.00033119374485335263
-1.8878966124039614e-05 -0.0006888962681634707
0.0006170227393578185 -0.0005501191105016861
0.0005790573046880833 -0.00017675004161150703
0.000611068502673572 -0.00010469243139069192
8.473910912390914e-05 0.000413391815212607
-0.00018950640193798402 0.00027762369581455155
-0.0009526987327090874 -0.0005568612614036435
-0.0005968505538942109 7.252052108904449e-05
-0.00016957297582736967 -0.0007225616361497548
-0.0006283480953530838 0.00047269040076515544
-0.0005494100868778235 -6.426219501713248e-05
-0.001187132875558838 -0.00026237740310024237
-0.0009075396393822455 -0.00041643360071154275
0.0003346723048558124 1.5294936790182986e-05
-0.001060886756368606 0.0004050876759179672
-0.00017932803572963196 -0.0005015356502169304
0.001012603011828742 -7.714885878519605e-05
-0.0008467852198942669 -1.4746898813330938e-05
-0.000450402595038052 -0.00016031352263792717
-8.021553048392304e-05 -7.241269073294118e-05
-0.0005415371303342607 0.000302981179919123
-0.0003531494558782059 -0.00021184393346314022
-0.0006165034181531583 0.0007034293703852339
0.0004053352287918792 0.0003809854397101409
0.00020632035058946866 -3.7192987214592306e-05
-0.001047997494328174 -0.000587917012775046
0.0004154489135326051 0.0002626813048076044
-0.00033923887828000423 -0.0005574203213847302
1.991334066672151e-05 -0.0008874374263097642
0.00020571845469273106 0.00046456666906465597
-0.0003142991654424533 0.00018609442750070932
0.0007466503396762141 0.0007681476729040417
0.0005372715651826084 -0.00029268940091274886
-0.00044163585737825006 0.0004893068417876881
0.0008039614916587483 -0.0008366968916055073
0.0009551901213585924 0.0002593397103330435
0.0008214222823625101 0.0004220808245104752
-0.00012001004502075284 -0.0007471955969220738
-0.0005059457249323747 0.00021220783447540982
0.0007921426745256048 -0.000755257294574747
-0.0006671481894052927 0.0003064060928585703
-0.0007978272131281289 0.0005724196549085273
-8.275432257227494e-05 -4.751731492431911e-05
0.0006500850018939539 -0.0001187082444416777
0.0004004667290462474 -0.0008192603929952697
-0.00011631628587561257 -0.0004985074647090919
-0.0010826154023594469 0.0005019493062039384
0.0010368689421709422 -0.0005676898088794165
-0.0006676377802134141 9.816765330787221e-05
6.264861487710637e-05 5.7376086647387074e-05
-4.71387530526104e-05 1.3447668480957316e-08
-0.00022239103875255827 0.0003625149316742826
-0.0009237293445274199 0.0007328237162582725
-0.0011038130799563728 0.00015781519194008796
-0.0009002378753584675 -0.00010950987604397614
0.00018263180279771 0.001043638242779333
-0.0001340374434507777 0.0006550465226257165
0.00012338314013657278 0.0004887237744744714
-0.0009162999008731191 0.0003801309234754891
-0.0003181351552459684 0.00016160878715984386
0.0002717018876635249 -0.00045871247585751616
-0.0009782374310042434 0.00016577465630039753
0.00016496961128889393 -6.658911524063375e-05
0.00047018341811689115 0.00019816787476707832
0.00047669994222348285 0.0005472166460388198
-8.902621971111649e-05 -0.0006964827128355909
-0.0005168281507484097 -0.0006001587003788574
0.0009104552571867076 -0.00043869059931398265
0.00046893294747095936 -0.0004649546483010947
-5.969898887711702e-05 0.00025815423896477323
-0.0011582276780853966 0.0007335952317531185
-0.001209040477941589 -0.0007324953563715978
0.0003610474771211009 -0.00014194321349970246
0.00023255077016377985 -1.563762449905682e-05
0.00038305883532062927 -0.00045160584988560633
0.0003534694007003212 -0.00022989279210168303
3.078282640464322e-07 0.00013048160380063956
-3.812327558696858e-05 -0.0003100525907714022
0.0003261387568577222 -0.0009428286165659746
-0.00020413667127261865 0.0006951133366137591
-0.0002823365272585892 0.00045847100917271604
-0.00047193959001375123 0.0007247688397431932
0.000532793928053589 -4.812581632017057e-05
6.694632466272977e-05 -0.0004068987687492662
0.0009587905463424832 8.165668443367248e-05
-0.00014545457730854677 -0.00018529156327025008
-0.0005047593138801778 -0.0008550194051272362
-4.333098308736621e-05 -0.00013762052774371047
-0.00010062493431565573 0.00017397072629423972
-0.00010105648947397763 0.000606119851483455
-0.00021563497630628086 0.000738434946515866
-0.0006215844119486925 0.0002803514146928647
7.049115136304756e-05 0.0007474895151521099
0.0005130207289243528 -0.0006902604440559793
-0.0004884635926462355 -0.0007085681506681214
-0.000534595522579807 -0.0013235672107479697
-0.000630375208530574 0.0001909563769892083
5.875045782933597e-05 0.00048097245871989175
0.00037959315200781937 0.00041530735085549777
-0.0008675199892174215 -0.00029269462506751297
-0.00047391820271969334 -0.0006702756625843962
0.0005690244768811461 0.001013949019210141
0.0003986408196592158 -6.94992105758224e-05
7.697703329731317e-05 0.0003796457012603659
0.0006527101668696749 0.00019042484067938544
0.000759754033851612 -0.0005783770047140664
0.0006507781494721414 0.0004956562717531531
0.00019839612050978557 -2.1899047864200154e-05
-0.000730538029424634 -3.9754620325657465e-05
-0.0010507686652819045 0.00024722503396306213
-0.00046468558839090046 0.00014433374681841745
-7.274254520420107e-05 -0.000904085334937894
8.420815037850662e-05 6.023421390168034e-05
-8.448697892879429e-05 0.00017849656108540838
7.976749295128664e-05 0.0005471033378552245
0.00047919811196684526 -0.0005136412188613785
-1.2765500141368827e-05 0.0008397549335945194
-0.0004175469440814851 -0.0002698376424817141
-0.000519950801815179 4.252669234440886e-05
0.0003281814331605323 3.9269945160918145e-05
-0.00041124722955135113 -0.0003655295920892429
0.00018248616502869217 -0.00045383601492697057
-0.00021490499209526748 7.87838613209338e-05
0.00020377134813393403 -4.80544101107269e-05
0.0006450008360865405 0.00016691451006734271
0.0005074595068312681 0.0005381503829061515
-0.0007521357601178379 0.00011749633582314883
0.00043692564648900595 0.0011208306062288598
0.0010139230657905665 0.00015256595839169122
-0.0009453942352320428 -0.00031182909441835775
-6.653135579560205e-05 0.0005670051415078018
0.0007730344216435744 -0.0013062866784129931
-0.0010158395126155452 1.381300463590273e-05
0.00036548920495059934 -0.001084117249577507
0.000457929854762727 0.00016441988821542071
0.000908041957874392 -0.0006801351667393889
-0.00011051258055677968 0.0003300376774798971
0.0005643841682310085 9.330324537094955e-05
-0.00038151746649325386 0.0010813509468516416
-0.0011181233139072168 -0.00021494762555958967
-0.000366248114084486 -0.00039216083532662006
-0.00020591626172940402 -0.00042087392217669107
-0.0009375986539495322 -0.00037409267184952894
-0.00031366505798867135 -0.0005814036625009979
-4.06211525152711e-05 -0.0006655071452763275
0.00016320424403972925 -0.00017059167698125582
-6.802846699194455e-05 -0.0005462131571689891
-0.0016760810793501483 -0.00019273175656613043
0.00010606151856288487 -0.0005776770029822457
0.00047823603306061175 -0.00010125691000732945
0.00022310198341605537 -0.0002985189627004829
-0.0001492527303925276 0.001131787972148121
-1.5002804103194513e-05 0.0003160291500542945
0.00021588656775017038 0.00034528052807774066
-0.00039295955324932647 7.723562621694657e-05
0.0006217130139354488 -0.00034870147500024295
0.0011453192073798905 -0.0013819550290136407
0.00018473391261093628 0.0004591512828613139
0.0004217361741299541 -0.00063488129314176
1.4284667181340496e-05 0.0006843705095838252
-7.320346203521412e-05 -0.0006482865747523509
0.0005090749014512229 -0.0001349689979447967
-0.00017356175988027738 0.00022499322429739388
