3.796135967922675e-05 4.666487561343022e-05
2.77226270251416e-05 1.789476013851874e-05
0.028501976857709162 0.022646441599815728
0.001525673531354741 0.0002346570179985247
-0.0006586663669591087 0.0004143480833908892
0.00011160512016788543 -0.00010915655878146696
-0.0010803878669414582 0.000990073549205668
0.0007495790506134528 -0.0001023249649079101
0.00039795881551303103 0.0005591593455908679
0.0005035302985678804 0.001203983558995884
-0.00046935285163400765 0.0008443109635251666
0.0006696605410506507 0.0008295871927498395
-0.00040224507526740344 -0.0005437759196440829
-1.5548259004203387e-05 0.0007122742146304651
0.0010235679459228901 0.0006715582597916431
0.0010929932951514085 -0.001328070468849188
-0.00045135582903757916 -0.0013848319339328297
0.0006496784056044996 0.0008638753898223525
0.0002614474492804086 -0.0003576345754002994
0.00021533710756589523 3.8669552117749215e-06
0.0017844547494624409 -0.0001435465685877717
0.00036741730444031186 2.0983833616639864e-05
-0.0003729220026111554 -0.0003806736454113055
-0.00033520920584798655 -3.4439108232845965e-05
-0.0002406383384997653 2.1439633908858896e-05
-0.0005046941764761197 -0.0009951589844799963
-0.0013515340182919681 3.435596861503425e-05
-0.0005793064797800737 0.00021776055012452165
9.540464317856183e-05 -0.000604964699128528
-0.0003927935229634528 -0.0006760158767275089
0.00040434660625482107 -0.0005595205839064777
-0.0003776886865573474 -0.00045374662501450883
0.000494879823643808 0.0003094892239428675
0.0008470351355853304 0.0017966046726311195
-0.0002011196465902965 0.00014717279481455016
-0.0002182571209482855 0.00016676020844997067
-0.0006442359960391038 0.0005928005427667844
-0.0008008091189462256 -0.00044899422635616854
0.00014797141646386046 5.403319711075066e-05
0.00039772007573934064 0.0007487812518859942
0.0001122138054008229 1.8281434759704274e-05
0.0012083465788368466 5.6026206567642056e-05
-0.0007660409104650723 -0.0005408823950330338
-0.0008767299818824319 0.0002452943118497486
-0.0006299589020069664 0.0003177363459740753
0.0009515034763450288 0.0013695461139152062
-0.0005785065929638573 0.0009751564092344043
0.0006453004992781692 0.000528096474831391
0.0009440419934283788 7.127413637671612e-05
6.18237291854647e-05 -0.0006778820941915973
0.00015912729004702715 -0.0013443266814652437
-0.00018689872724397228 0.0001067221231390712
0.00044708130197494185 -0.0009938658314420643
0.0003791154719744058 0.0010526312853249551
0.000401733789574984 0.00027895763176453053
6.298239129894251e-05 -3.924221770046541e-05
0.0006129699556733009 0.00038667625239999773
-7.762184798988073e-05 0.00023535014255371783
-2.6101722832778163e-05 -0.0005845428943234078
0.0005527466016908844 -0.0004271101610478936
-0.00023161731766215262 0.0006093943738397301
0.000373872238096446 -0.000690337976955351
0.0001458901499535623 -0.0006696984302833553
-0.00019675548967489317 -0.00013021752307839138
0.00010051533923862063 0.00035994213334882973
0.0009872032200687931 -0.00026364487230255815
0.0015588356302828784 0.0010100438450928045
-0.00029004772827477624 -0.0004310991484626797
0.0005404503923354453 0.0005034634290427796
-0.00018783090916124154 -0.00011263853228910947
-0.00045496312748359065 0.00029419935407640153
0.0004949144628505122 6.0544480131912976e-05
-0.0010652916764389462 0.00018168848937710947
0.0011932145631301714 0.00040513329062608327
0.000618787020249083 0.00032065780228028796
4.101763921475443e-05 -0.0003612937033256937
0.0011070502278064656 0.00023224467249222743
0.0013455099729055046 0.0009301097879988497
-0.00019924387602962844 -0.0019980205045683347
0.0007892094902221226 -0.000678272295612116
0.0005577413077133167 -2.629274957858443e-06
0.0004719269030524286 6.881944028395706e-05
-0.0003866615735412109 0.0004813596401261095
7.304493908889524e-05 -0.00048432119776808475
-0.0007319585915163831 0.00015552630448456063
0.0003688037621134785 0.000826144020873765
0.0004615353159378458 4.276694799298871e-05
0.00030078349975245166 -0.0005411035527827871
0.0011328713181899418 0.0003424762994188973
-0.00014645989384630152 -0.00022960049771124938
-0.0013969709897204109 8.041743677885375e-05
0.0007200872057886952 -0.0004124232748548318
0.00034125719702549615 6.91143059051928e-05
-2.573427257368367e-06 0.001323520308017826
1.456192277477861e-05 -0.00043160394390969007
9.315589767878222e-05 0.00033563806524328834
0.0008868165123478728 -0.0004855858136252577
0.0010729421171860767 0.00023445545404263544
0.0007401469214294076 0.0006528603591452996
-7.651808339751711e-05 9.181499467559066e-05
0.00042789081772960413 -0.0016515576004799387
-0.0006501377399734456 0.00028232180228076156
0.00046078436485926265 -0.00030942317539016823
5.599072206715457e-05 -0.0007083899231002764
-5.490946873820089e-05 -0.0004903404926563548
-0.00014768181135534344 0.0004215000517988033
-0.0003387619889503042 -0.0005218708003629389
0.0008743064811194158 0.0013706622709493852
0.00020846697920546924 -0.000506147786032036
-0.00013659918974817122 -0.00031795657098613635
-0.0005192222569199741 0.00036171888459076974
0.0002813953262361478 -0.0003451017878235641
0.0006880007294752691 -3.925491821094565e-05
0.000196676640436231 0.00016102657312226938
-0.00017862923560781988 0.0007716820406278166
9.143186330050481e-05 -0.0012044900124635392
0.0005296213371468901 7.951813343931867e-05
-3.876010201031931e-05 0.00014850831615754155
-0.0006108866362234228 7.193473756647927e-05
-0.001009475195274765 -0.00027972828590557095
0.00040665772649465886 0.0005464964911168076
-0.00019691842586685296 0.0003906327429233312
-0.000664381741507187 -0.00025176771671141907
3.602777058950872e-05 -0.0004834801608254385
-0.0004230356546271941 -7.008982455740879e-05
-0.0008169366454960395 -0.0003556024499490853
0.000815112702037717 -1.4705528773208486e-05
0.00018046633505068902 6.3674280904014e-05
-0.00011673534414822271 -0.0005168362225980047
-0.0014945615501753267 0.0003948236621261722
0.0006598759966817609 -0.00022971215055269246
0.0001960307934236679 -0.00042289750997850695
-0.0009207911207985797 0.00048104449991127744
-0.0004410005408332268 -0.0004742055860460707
0.0005808685645755952 -0.0002981378022878349
-0.00017816460067070466 -0.00045748414751009954
0.0001521746056787137 3.2795291740981515e-06
-0.0006478445633155001 -0.00038586147396747316
-0.0004296537710505731 -0.0003202024475931561
-0.0005326567503713271 -0.0007824560176062628
-0.00014307178961271737 0.0003647705985762388
0.0010639494937584807 -0.0002830765571411482
-0.0004256830668211357 -0.00087693926379483
-1.3835328480995082e-05 -9.66687303293822e-05
-0.00017624821220191996 7.135544582836934e-05
0.00015082635137718303 -0.00026837371916611243
0.0010842264176998122 0.0006280452619707933
-0.0003638803876233288 0.0006914854684703889
-0.0008351800425433045 -0.00015206488098048267
0.0003297633350567053 0.0006585720704529894
-0.0003120602518491255 -0.0005628411389244874
-0.0013180214499644738 0.0009522601431562837
0.0008325868796030092 0.0002360433441509436
0.0007277651324933943 0.0002885598829969708
0.0004871142537090792 0.0006867348401513714
0.0007606346287361484 -0.0011176264735376722
0.00046288819586876213 -0.0010805402948751905
0.0005484615173748298 0.0004925421588404083
0.0005493196594065535 0.00016757793398679543
-0.0005239451909756218 0.0001131006465117209
2.560475754463434e-05 0.0009768405592847206
0.00032536510999846903 -4.1643645573585374e-05
-0.00045637522982149335 0.0008922487481911982
-4.0682769005163416e-05 -0.00011825831089318363
-0.0005111897837094674 0.0004317201407985943
-0.0006942642764577381 0.0001571254340272109
-0.00012906182288166385 -0.00028265366917945545
-0.0003367529447066879 -0.00036435645209468247
0.00043500721335848594 0.00046727563429712433
-0.0005402029027984164 -0.00014553671081207138
-0.0001337262850932675 -0.0001162701957934122
-0.000260550395381745 0.000522790755567544
-0.0005097639025330231 0.0005728352471515023
-0.00020278029456629356 -0.0003022802935394672
0.0004305200724214846 0.00021036652239895837
0.00040562120150977886 -0.0004329676982761952
0.0007693591378575557 -0.0007425049385810882
-0.0010731195168833623 9.762458871421869e-06
-4.9172981972469514e-05 -0.0004073054776201232
0.00037146496712168125 -2.964136646092714e-05
-0.00046266543006720317 0.00012306591988657176
0.001236671956717391 0.00023152843793796573
-0.00033185028947736636 0.0005181293691122465
-0.0012878817977802005 0.00033792597207822763
0.0005064437001388828 -0.0006763351389944112
0.0005765730530708072 0.001464148470500406
-0.0007473486959821595 -0.00040900570160090524
0.000576611002908551 0.0004099253815108541
0.0009289190689971361 0.0004083547424830649
0.00019707415243350992 -0.0006773851535763115
9.839381063513247e-05 0.000322680258406639
0.000848519669160627 -0.0003743590576815198
0.0011435848290931275 0.0011565943885966509
0.001088482437590915 0.0006065835785513011
0.0007966102171192524 -0.0005769203806691437
0.0002937470594575761 -0.0008048961978935192
-0.0004455806894702112 -0.0005465664964636751
0.0004939520934276409 0.00025833258852450697
-0.00038965916690813184 0.0002061675396547492
0.001037789654003083 0.0006440133901072921
4.260136552669091e-05 -0.0005186444033651265
-0.00036218860835231806 -0.0003225208683955219
-0.00040264924317714545 0.000171374769723855
0.00016600688770865922 2.322206406476933e-05
0.000570361219442194 0.0008367382040408663
-9.85137774755566e-05 -0.0003346785743228303
-0.00019830160375988924 -0.0013303048623678384
0.00031336096565587275 0.0003543558302852831
0.0003431004773478015 0.00022524002156718977
0.0006737311080012259 0.0010694242174202036
0.00031404632247796356 0.0003966313047267248
0.0004191412019375846 -0.000328711618855484
-0.0005674776759637914 -0.0002824854959252024
-0.0008304684227023924 1.4437066193619577e-05
0.0006784705404767134 0.001075325852084308
-0.0008775591551440185 -0.0013224156211166557
0.0003414244259574747 -0.0007203273597854484
-0.0005085643310743818 -0.0007487929978465604
-0.0006921893236854432 -0.0009681398632286877
0.0005076371797795337 -0.00046841771517054084
-0.00040079957429493563 0.00020201810943109108
-4.573811192384151e-05 0.0008928536547410365
0.0005254190619810897 -0.0017592195257748883
-0.0001544336534597009 9.73761688498563e-06
-0.0002865050048797146 1.1833036657873245e-05
0.0008330087397865298 -0.0010610810718458714
0.0004849325953140494 -0.0011443647561604606
-0.00029219273142922414 -0.0008040796370891364
-0.00019770325857675558 -0.001093911973419615
-0.0003678895877279781 0.00041597559119886744
-0.00026578919122821355 0.00022497060507021416
0.0009369298852274454 0.0005442226777451484
-0.0013584265027279392 5.514008571546176e-05
-0.0003173926413520973 -0.0012350158840143764
0.0005098357147117438 -0.001005640607793803
0.00011850829222305242 -0.00015170098953102255
-0.0003280467182726122 -0.00027537362528918304
0.0005827513293543838 -0.00033869198190767595
-1.3889579114592537e-05 0.00030989963543229444
-0.0007900765429284353 -3.4971124619583595e-05
0.0004593682899546922 -0.0011266445898473255
-0.0004501919433156605 -0.0005783372510930725
-0.00029869508838223726 0.0006240477242850971
0.0008394771383584208 0.00020077964101746803
0.00015889292098198653 -0.001043534515298549
0.0002832258852589542 -4.7117051428878466e-05
-5.037620713304576e-05 -0.0007355747049176004
0.0009161137257085544 -4.303670797515241e-05
-0.00017784860879081036 -0.0005227996183022986
0.0005966830843416025 0.0003291828177225255
0.00021845950524918215 0.00019677741155361479
-0.00019494238023903026 0.0005878919102616383
0.0005251571110906299 0.00048465287234630887
0.00013913477102707307 0.00048396387307649653
0.0012067094891143903 0.0008551954378914834
-0.00024913340110898345 -0.0009265837592676315
0.0012538817412271115 0.00012150869594179732
-0.0006664646308048016 -0.00022989334097274402
6.908860098837001e-06 -0.00020969130932063144
0.0005343863304410953 0.0006682034445984273
0.0005098133513468363 0.0001893160861786133
0.00045986225624371793 -0.0004721869956469755
-0.00011597332016733308 -8.591179492731036e-05
-0.00039394177556385476 -0.00017782889133096866
-0.0002649237927523705 0.0009119944913194002
0.0009151314981004058 -5.348849112729956e-05
-0.000567656394022667 -0.00014314563411067888
9.281806855307041e-05 0.0002442400903350313
-0.00019122036942584362 0.0003052824460801273
-0.00033636548969948326 0.0012755460707735125
-0.00020974903036914656 -0.0005799793356267046
-0.00037723004989651725 4.3367787562628245e-05
-0.0011334861956204644 1.6878489763766537e-05
-1.2209420123564467e-05 -3.267000198373798e-05
-0.0007429131113725635 0.0006354602372962395
0.0001398676710210405 -0.00038660637727005065
-0.00018990082622240037 -0.0002963821420839971
-0.00029563399213364527 -0.0005402146322759474
0.0007559534590176653 0.0003866690413640289
-0.0006998601670857527 0.00015825564154117063
0.00037920366114662887 0.0003222241196287033
0.0012845080621465645 0.0006957624505153305
-0.0001890209806075502 -0.00011654259587922878
-0.00023616418169991252 -0.0006103085151362708
0.00041883839561322034 -6.586631393567372e-05
-0.00045647903859548974 7.440551713430802e-05
0.0005172152019640607 0.0001122309015178998
0.0002028366568869396 -9.116384975438663e-05
0.00011333597411960048 0.0003674651650513979
0.0008051496006461952 0.0003753302831204732
0.00022288308512697242 0.000248623888148582
-5.805036313934284e-05 -0.000794414697057231
-0.0007257234209168094 -0.0005447747326654317
-0.00047942073362520446 -0.0005802274420663316
-6.497494402174747e-05 -0.00032119445675883227
8.797896575638161e-05 5.775015228008443e-05
-0.0003717802470173969 -0.000312313372477307
0.0003961604518910664 0.0004329827844752339
-0.00090029664707362 -0.0006529345127817449
-0.0003413999375354892 0.00026819477928243267
0.000564962939345106 0.0006696509350943431
-0.00025491399326720227 0.00031506672870119755
0.0004962740620653723 -0.0006738999280909861
