4.7040981991631934e-05 3.0952067308449895e-05
3.0956059586252626e-05 2.7108714925769144e-05
0.017029109875098376 0.030396509428406427
-2.244424308370754e-05 -0.00040638257814010035
-0.0007163390977367767 0.0004488407833861177
-0.0004610608834939302 -0.0009721528293742206
0.0002842335678101744 -0.00015753905582042838
0.0010019703445547708 -0.0006502058969061617
0.0012095283153589218 -0.0002950610361894098
-0.00014218290500659834 0.000211531646302112
-0.0006004681757417329 0.0006934482742026516
-0.0005004361485686804 -0.0008172019283301039
-0.00030734895113983403 -0.0007773054541227031
-0.0002907666714617542 -0.0003613286800444134
-0.00029437172059495787 -0.0008710130494535956
-0.0003068909632185394 -0.00039469252061732435
-5.620718843843848e-05 -0.0005085237431114622
0.0006247946793958429 -1.9224868096507836e-05
-0.0002990522049709259 0.0005851105094622931
6.468893668642867e-05 -0.00039416070612220813
-0.00024478787615646216 -0.00032032570319215847
0.0002918291516690423 -0.0013404414566570559
0.001559336191114244 -0.00014980451019894008
0.0004010786341527484 -0.0011363772225416462
-0.0004194644268588658 -0.0006129952830938361
-0.0010515748336572407 0.0005100705724198843
-0.0010385770008862546 0.0006523924467271029
-0.0002346802973430686 0.0005183326725580821
0.0006143950780892325 -0.0011782337249158184
0.00019944653515853547 1.4358971284397175e-05
-0.00041146328295753337 0.00020537158421156883
-0.0006028272340103517 0.0008523263365808503
-0.0005133669392750867 0.0003138475021880427
-9.785894433969167e-05 0.0008615802203231278
-0.00039408651558205717 0.0006896980739602623
-0.0009305351674540539 -0.0003818390040027737
0.0007002711601983296 -0.00015557311824727107
0.0012479111752343403 -0.0005888069071942191
0.000407172725495773 0.00041748573571122235
0.0003260958092291983 0.0006686406389500623
-0.00047382101041235623 0.00011223501744885181
-0.000690996844327012 0.00031062346841692065
-7.623204020161557e-05 0.00018845793706732215
0.00028671746068038677 -0.00036115899110386704
-0.00024744145070369126 0.0009508540290226843
0.0006582584798056389 -0.0006473272772912288
0.000803407570697079 0.0006801046873451975
-0.0011838940433024192 -0.0009182727435092361
-0.00048389992634407196 -0.0004697423302740238
0.0011621893748376747 -0.00041185739009502644
-0.0013363213092014463 0.00035075565320409613
4.354143997780247e-05 0.00042604757734594946
0.00012255938749587645 -0.0002437345520300126
0.00018972596891927542 -0.0007493445962432951
-0.0002402358330479323 -0.00023561246634553828
-0.0003648886200474056 0.0008428956792429528
0.00033299314954655885 0.000498019706331372
-0.00040948423909657045 0.0004051685286068419
0.00018530304867028666 3.055038565066218e-06
-0.00020523637083819741 0.0005118094398846551
5.631547806655152e-05 -0.0004835342142986903
0.0011616753704950594 0.001176293095523206
-0.0005670217938053223 -0.0001723754308964503
0.0009743663772077823 -0.0004530597683898048
1.2132807857704383e-05 0.0007571725945193438
0.0009563968663981074 -6.869403029336075e-05
-0.00044807229840580196 -0.0007001237560873508
0.0004065108170358839 -0.0010896065491936464
0.00035595579268604785 0.0006990023276813122
0.0015898987010835603 -0.0005569289615901521
0.0002862610986486468 -0.0008479335405491454
-0.00010227447031018948 -0.0012801993763620321
0.0005556180795205398 8.207412712291749e-05
-0.00022051116667349874 4.4245481737448287e-05
-0.0003318843424186708 -0.0006336589653544341
-0.00014702730034937229 0.000317681714587498
0.0004701783318107035 0.00016620526937023572
0.0013549233961916134 -0.0006641203935679113
0.0008134240298331427 -0.0008748322414334084
0.001580361259087561 0.0003315164433577846
6.802181406750045e-05 0.0009574527805608376
0.0013894163354841306 -0.0003448169733278262
-0.00016217044316772008 0.00026723107581147997
-4.676907397947842e-06 0.00045297669196360903
0.0009133398490281946 0.0004216654896903701
0.0005311098162072156 0.0007153701079265906
0.0005189076118982389 -0.0004946581054401477
-0.00033898264141316633 0.0002586356800405925
1.7005275841521032e-05 -0.0003610409008385384
0.000310149626891096 0.0005734009756001999
0.0003174172609105462 -0.00044739792077344294
-0.0009073865488328446 0.001614093106746701
0.0006445678979759495 0.0011344593595249714
-0.0007566921190735536 0.0009082573583314483
0.0007992606955882954 -0.00012003570005700028
-0.0002816065827547174 0.0005126298500397133
-3.699217187727042e-06 -0.0007868671719739585
-0.000252112894815331 -7.121258584036553e-06
-0.0006676935080505322 -6.0444930997005114e-05
0.0008481259766415067 -0.0005171494004943629
-0.0007442547470676606 -0.00022177727317018966
-0.0005574090811746416 -0.000529684945204723
-0.0002944844061413144 0.0002971444539901625
-0.00026345099590629063 0.001254415606160029
0.0003900786086313759 -1.938215956347082e-05
6.92349531208152e-05 0.0005769093826675405
7.234747127921242e-05 0.00019269949075551119
0.0004935931475372654 -0.0005509755301817868
-0.0001460156888699361 0.0005249916633272702
-2.1669121952765363e-05 -0.00017563969619866475
-5.1867938616429877e-05 -0.0003165973506863196
0.00045969138909848176 0.00017742502027353238
-3.23709769521495e-05 -0.0008318283132603986
0.0005093275826429575 -7.670247349964178e-05
6.0012758879053904e-05 0.0007638412500177847
9.671920145082184e-05 -0.0005290374357761619
0.0010956837886373966 0.0012158039200299013
0.0005842718510059336 -0.0008777572257678844
-0.0006625654718924492 -0.000429307078339469
5.156608327473913e-06 -0.0003870229223610399
0.00033404159055866386 -4.8710167880076e-05
0.0002662137922986203 0.00043812955320856494
-0.00012996838371250993 -0.0004217027232430243
0.00022234573892585162 -2.3075022515957964e-06
-0.00011193705519393594 0.0005025842720011136
0.00011207238726324764 0.0004152970250598617
-0.00015683188185399826 0.00042958233671751603
0.0002178493871998298 -0.0003696794376700417
-0.0010269290470173282 0.0004416963675534065
-0.0005259237452449274 -0.000835862573216341
-0.00026154973635828286 -0.0003158402635301934
0.000239271622957765 5.13584724516295e-05
0.00023249661319396916 0.0002729171537107967
0.0003285404645062385 -3.180407974792544e-05
0.0004006045319521137 0.00035185633193392165
0.000668393104447895 -0.0011012625793659875
-8.232869161608301e-05 0.0007522744639088192
0.0005941370580715796 -0.0007789256328292622
-8.695709257103471e-05 -0.00017253551594048405
0.00045339217792938856 -0.00016055748516905066
0.000416005706306961 0.0007105964471201294
-0.0004671667071819928 0.00030265882649263966
-0.00010527016264445532 1.0587225542394283e-05
0.0009471947987224484 0.001147711565348285
0.0004064975971312729 0.0006885696196823285
0.0004622159273331419 0.0006199569818947497
0.00018203137734197587 -0.0005460050818822668
-0.0006415806084099812 0.00017059225093187525
-0.0011002893839866916 -0.0003515175451292967
-0.00042402639108750145 -3.970592325501134e-05
0.0015047217021752965 -0.0005415555043297644
0.0002477256867616357 0.0011460902336479265
4.3167399375471335e-05 -7.537109212887017e-05
-9.33144854484775e-06 4.8281503518657305e-05
0.0006031414447051652 -9.591162180051732e-05
0.0006818943093487242 -0.000237952642527198
0.00021856650014187578 0.00035227576876221826
-0.00010323183695626451 -0.000628107826911664
0.0009837177485988481 0.0005548482246171906
-0.0004926020728907329 0.0007224161533437236
-0.0008268181439004967 0.00018679901923666957
0.0001842441613631025 0.0002813229131689344
0.0008218176770039828 0.00012304403204572176
-0.0004949731555593383 -0.0011869847564729059
-6.249259278752516e-05 0.0004435016050901995
0.0003795382473810177 0.0007569473197158593
-0.0008431753124618576 0.00028490882918253725
9.369040402488526e-05 -6.553726717009171e-05
0.00048701188157440265 0.00027959506663466377
-0.00023867786873636832 -0.0014388978105544712
0.0006427614199476694 0.0002624049130608701
-0.0003801537819320812 0.0008303059703481065
-0.00012418197667093473 -0.0005915126630153885
0.0008584950058516692 -0.00047067521891030437
0.00015015878837607656 0.0004852932343827928
-0.0002772476047993335 0.0004701298412455011
0.00033632744432595676 -3.2465463916125894e-05
-0.0013128937709897647 0.0002589357225470385
-0.00039764213926597226 -0.0006420511902992468
0.0004445158377619323 0.0010626240286383552
-0.00042422054570243533 -0.00012932319671659764
0.0009391324320972314 -0.0005311747925951798
0.0006526611665227813 0.00013226631623787386
0.00018453206444307027 -0.0010160046487976808
0.00044586679263960565 -0.00036744310766899656
-0.0012214703018191837 -0.0009786686059042049
0.0005296044385208287 0.0005493330856046857
0.0005854161559675241 0.000250938345878233
-0.0007586750121271706 0.0008392616434446135
-0.00015996252702672989 -0.0004986980518906961
-0.0004649259670213468 0.0009661519969661298
0.00010854272187239294 -0.0008998568597223156
0.0005046236075403929 0.0010425607571516024
-0.0009041101847941579 -0.000865967141328915
-3.5326107685577774e-05 -0.0008254171554020862
0.0007124257104101924 0.0009546494082493317
0.00029302730225094114 -0.0005585533818296447
0.0009257488351678428 -0.00013723119747743114
0.0011837667247735517 0.0006031552387161526
-0.0003440502253050445 -0.0004596706625437552
-1.8099504625525447e-06 -0.00017439047922051607
-6.117988214474108e-05 0.00013776701038212746
0.0004678555993745224 -0.00020174888413665548
-0.0003822368307498124 0.0008133481991797879
0.001194008572677964 -0.0003046431450728874
0.000293117857850374 5.5599587741336686e-05
0.0003749853285904882 0.0006111834361979318
0.00039793379235591547 0.0009230854334325052
0.0009269855881493037 0.0003600582699541374
0.00025765986093876156 0.0005759075760145729
0.00010525913332424813 -0.0002492838072478812
-0.0002793789335630482 0.0002176477708607891
0.0008721564931952033 -0.00033304637614253133
0.0007282967428757877 -0.00011679902442858505
0.0006895272829165118 8.687969969958915e-05
-0.00034310897926359904 -0.0001922313601653564
1.457920315767478e-05 0.000876967364670251
0.0006329776234528724 -0.0007764433457195655
-0.00013015184250705954 -0.0003144389354530889
-0.0004192878327158408 -0.0003027299915677808
-0.0008342844510367982 0.00020203884704703986
-0.00010754950983601121 -0.0006072032059277082
-4.7480712464256116e-05 0.0009809102728688189
-0.0009448415295564328 -0.00014432527438823557
-2.7675507292743215e-05 -0.0009731364516196327
0.000964149727712453 0.0011565652052801293
-0.00010542858666975983 -0.0004001163501224675
0.0006391519732111613 -0.0003674840396813428
0.00017336704666094844 -0.0005244775239605749
0.0007858462127423785 -0.0009101496419457711
0.00025723672198005375 -0.0003191396677447747
0.0005051869621791342 -0.00016182348960864232
0.00023469180046339794 -0.0006033580530423753
0.0012676601480464717 0.000892471215296046
0.0003146490267420907 -0.000764616618717873
0.00014794378930942104 -0.00046711651335365863
-0.00018424163315588522 -0.000370206416124868
0.0011433288695311108 0.0004808035963828399
0.0007523755029199332 9.168036170423997e-05
-0.00037916778102553653 5.630853900348089e-05
0.0007707726091900567 -0.00032841252018130074
-0.00023834533738588163 3.5436921531591785e-06
0.00013641008445036454 1.914478815683765e-05
0.0003567958428092666 0.00031379906975176206
0.00016187438837361517 0.0007094550598800569
0.0003906352909267352 -0.0006691956126773198
6.096766038509108e-05 -0.0004246440498037474
0.00040990173929828096 3.9299334321547176e-05
-0.0008221890073704345 -0.00011825577742477316
-0.0002609256887267462 0.00013071162579538414
-0.0012399311972654044 0.0001677033008962516
0.0006695334992454769 -0.0004220742418277019
0.00012151991084415016 -0.0005510408250968542
-0.00015744187583600726 -0.0005809676306313626
0.0003308512242053974 0.00013760535092779646
0.0001893546023268997 -5.400600467654901e-05
-0.0008819796656077012 -0.0005046887795259597
0.00037652102713952554 0.001144480087959236
-0.00028510460414913334 0.00010348361245686972
6.186292265372634e-05 0.0002806392479955219
0.0008028486754805709 0.00011787338868637668
-0.0006465235779693306 -0.0005319407165905739
-0.0006543304141624048 0.0004112895610604957
-0.0006001438042940041 7.019396766004574e-05
-0.0004201884454580083 0.00039993113052411324
-0.00035643143977597463 -0.00012981543173230857
-0.00018544154097564148 -0.0013201607188257122
-0.0007861611129781344 6.5120333954068644e-06
0.0006147490849555907 0.00012017376671025349
-0.00012992711692604405 0.0007631177838129433
-0.0009663077954258785 0.00035764192002256525
-0.0007148466060220242 -0.0003729537258176229
-0.00043543954986043044 0.0007717680670158866
-0.0006361071877499617 0.00028954452121042435
5.685782610795259e-05 0.0005839636440755254
-0.0003227795034125647 4.738042925454558e-05
0.000642400864930449 0.0004973815943409314
-0.000919517248972837 0.0002487928513159294
0.000944142070160051 0.0009184119938344916
-0.0005349777164990639 -0.0002600693021852148
-0.0012685282952786215 -0.0004044459958075804
-0.00020567711805262727 -0.0008545233725807118
3.1550029884027945e-05 -0.0009688986271037924
0.0005640779395252892 0.00013239247590855947
-0.0001504446318409997 0.0001105765527406284
0.000568537288591817 0.00033938037375021076
-0.0009279482331665009 0.00047032409780433683
-0.00019878821320284438 -1.9680103357864e-05
-4.558411726765218e-05 0.0001039465452064062
-0.00010190310304612022 -0.000819648919752475
-0.00048316611721103465 0.0004891854355146952
-1.575257067733938e-05 7.813126703799015e-05
-0.0007111593652015221 0.0002137403809940874
0.0009425000332552903 -0.0007097835517497824
-0.00048324296987773633 -0.000540146565084846
0.0010307328783188986 -9.276535340489406e-05
-0.00033801287439223603 0.0003067944419283768
0.00044395484184813215 -0.0007671875776811259
0.0002555480442981636 0.0002419053254181043
-0.0007721509265866596 -0.0008115829502843947
9.394805394701164e-05 0.001129697511585529
-0.0002931886330777173 -0.0003250704414095622
0.0003547294487604953 -0.0009014678463444511
