3.082138103543607e-05 4.528669261922289e-05
1.916151031792181e-05 3.8374773356062066e-05
0.024007076068592266 0.007280832070124174
-0.0005093982912045271 -0.0001709616461552652
0.0005300040801363282 0.0005722699234739176
0.00011125576506181684 0.0008151771207804132
0.0004326083868234336 -4.3526406549251644e-05
0.0016130884566516997 -0.00022999754479228714
-0.0009921738307297236 0.00026535846771766293
0.002256328605439964 -0.0006687775031969849
-6.678475642021247e-05 0.000260234963267249
0.00032544780394004814 -0.00020020234007464202
-0.0004931591265558661 -0.0005602787215406072
0.0005749076017317481 -0.00044218111173413376
0.0006117831038186055 0.0004979041576148713
0.001247994531015901 -0.0008874159529716017
0.0003249288861290179 0.00043916763652908326
-0.0005812242529293469 -0.00043980229452987763
4.438788710120418e-05 0.0004602163574781318
-0.0013170218843179269 2.118059598419824e-05
-0.00015955067413450243 0.0008404696446931818
0.0009263844132630109 0.00034902296606211935
0.0005597567164166474 0.0005691602242352466
-0.0002400589366245603 -0.0009230386739249657
0.00021191771893001177 -0.0009533024682016082
0.0007917472856882701 -0.00022389284063197693
0.0006561785121729081 -0.0002797451884639643
0.0006394273578289578 6.228180602588338e-05
0.0004492946275282686 0.0008725135451177157
0.0003488320030191277 0.00024556811700180933
0.00011971133413640812 0.0005933176443028998
0.0001863663833439519 -0.00022427305477283605
-0.0012862141218014738 0.00014013036633906984
0.0008414433648056796 0.00019757406323790108
-5.269497763890572e-05 -0.0006005420466867881
9.137059537281802e-05 0.00013473553226155937
0.00023189003425153765 0.00014296203420962957
-0.0004459367327179388 0.0011384181278854318
-0.00027784590246598625 0.00021117997410285074
-0.00045593999382036594 -0.001132086367925516
8.174624596266644e-05 -0.0001354670174769425
-0.0004172546517770437 -0.0002540453402933464
0.0011155487378983937 -0.0008093029666667576
0.0006929835055317729 -0.001046139047502563
0.00029151373161784646 0.0011882072411565016
0.0004750235160752599 0.00040610974051978914
0.000507449450827149 0.0014160758913821518
-0.00011053377212471873 0.0002340057346967755
-0.0005969189617105168 -0.0007275381695874591
-1.2271901864850619e-05 0.0003120907318220691
0.00033697777975847493 -0.0015670779110131517
-0.00013158114712068263 -0.0007030741739791289
0.000566824278197762 0.0013856346328918595
0.0011817802926833915 0.0005722332099598584
0.00021913498356006467 0.0005827396650416688
-9.603163061340613e-05 0.0008037723646882775
-0.0008888537526045418 -0.0003851090002422781
-0.00043189947041477015 0.000293680291925514
0.0010374857755504798 0.0002292953036148514
-0.0007922841526313601 -0.0002582811118424711
0.0002479907311397038 0.000714457322520795
-0.0007923005962276672 0.00029218979319678564
0.0005162626664548691 -0.0007109389115341668
0.0005540783495680875 -9.041713654353617e-05
-0.00012368715724594864 0.00037435991353686323
-0.0006465707146535914 0.000200059364757178
-0.001119083081355977 -0.00034266088318292767
0.000505220442076744 0.0004251778585154153
-0.00012630707978948633 -0.0015067036277198731
0.00039513895180609684 -0.0013296084073475339
0.0006038982364203577 0.0004965375607617918
-0.00022359427391811673 -0.00025457722129199414
-0.0006459778553400312 0.0011358334310112514
-0.0006780578104959726 -0.0006281315286184483
7.748993614977035e-05 0.001095260419848793
0.00041311803201311885 0.0005449762618411879
-0.0002671301922277333 0.00032185875449024964
-0.00040219464424825954 5.3755192095247664e-05
0.0008573595762337784 -0.0007617342460419493
0.0003907582459679853 -0.0005660279466310903
0.00016988960682180643 0.0008678409873983995
0.0005060016446586633 0.0007126127807988895
0.0006484924194861758 -0.00034062255857034103
0.0009929482095942855 -0.0006219666980545883
0.00019918489194746162 -0.0007171582466593911
0.0008025539364697939 -0.00033353006353354763
-0.0002518239298759491 0.0006965916891083071
0.0014435275332264322 -0.0005248056308063425
-6.348381637159327e-05 0.0005057535783630524
0.0006999016562564781 -0.0011522756306955393
-0.0005557704778201146 -0.00036751102454873723
-0.00016524867355547767 0.0001531015324158199
-7.595776398084897e-06 -0.0007486023600735615
-0.0006131908736019288 9.909617764706705e-05
-0.001312792461216558 -0.0004521118616549762
0.0002061985492873478 -0.00021055508287685815
0.00012370110308576075 0.0015895965820529176
0.0002461314592929409 -0.000831006297712397
0.0001561614041974025 5.428424352282525e-05
0.0010190712454921003 0.0015089378844426128
-0.00012307239082628792 0.0001761645665047281
0.0005510739278121797 0.00033272802599535476
-0.0005264667633398057 0.00036050330959922725
0.0012568901498274518 0.0002975383163803764
0.0005851291383821958 0.0007834879364061057
0.0009347001645805533 -0.0003325547731405026
0.00011656400401777052 -0.00042493143139695324
0.0011390974163721463 9.397030076081286e-05
-0.0007433231609648025 -0.0004960705693245978
-9.581058144060006e-05 0.00010205286638217835
-0.00011325130107128233 0.0006670014253539712
0.0007332772302027184 0.0009647046825721992
-4.4829327256780384e-05 0.00024037623578923622
0.00031331019354799406 -0.0005743766213257397
-0.0008093395903271464 0.0009088781907035527
-0.0005229291730763405 -6.899586719245806e-05
-0.00026977737981615733 0.0001746551414477749
0.00010293828092684316 -0.0003907868427535874
-0.00033514622936356767 0.00010039293935776084
0.00031951716132643844 -0.00045112476277228995
0.0003993304020855818 2.449704183376621e-05
0.0005230878261760469 -0.0007902231303841733
0.0013268366324513262 0.0007522620684659899
0.0010155428661420204 0.00022705535365031055
0.0001576148655306945 -0.00032901505505648064
0.0012029315430862801 -0.0009192421110273004
0.00021394618629234807 -0.00013621153755696697
0.00011884078187761197 -1.2018991468195895e-05
-0.00014127930738501231 -0.0018758203281307533
8.701658204178355e-05 0.00014293439350306024
0.00031715759790038506 1.8078390284722816e-05
-0.0006332665715398939 7.172620343371086e-05
-4.1137868256822115e-05 -0.0007687628771410265
0.00033381408616871375 0.00016467080010937685
2.6778443375150427e-05 0.00017983837957964832
-0.0007396279929005264 -0.00042112740945902504
0.0002883116830962231 -0.0001188557038418974
-0.0009790360583341025 5.115353937664251e-05
0.0006135268921068306 0.0003574052073193494
0.0003870354947166535 -0.0004957327319888346
0.0002745162574457074 0.0003307634473104789
6.82295336675668e-05 0.0003536163294717091
1.7162542564728882e-05 0.0010487525579335195
-0.0006009277861646706 -0.0008705842361962674
-0.00027823750451608996 -0.0004229780486048352
0.00015699865851708902 -0.00019349573410553406
0.00017770879725539446 -0.00048485377175389813
0.0006762149962320777 0.00039810612068902357
-0.0010633796537050173 -0.0003118941416278853
-0.00021200707468743818 -0.0007580046660174903
-0.0001423534965621167 -0.00043747832429602665
0.0008465312384761505 -0.00012082320832052154
0.00029627804380165346 0.00021848377983135382
-0.0003236557719044124 -0.00030781799687962816
-0.00046990520674800636 -0.0004973487002508403
-0.0001081648663589595 -0.0003826828754293835
-0.0003958452109777375 -0.00045576537572564836
-0.0001731450517760607 -0.0007261408919430989
-0.000679640816972008 -0.00015554153058179124
0.00033028933605521127 -0.000315577041702374
0.00027384912933926694 -0.00018750163686653674
9.707680524690269e-05 0.00048489814375382947
-8.899934147920126e-05 -0.000477103768159007
-4.1021489744777256e-05 0.00012614686936751078
0.0002977472879990092 9.550210455223477e-05
0.00016089716120816798 0.0002553849757199073
0.0004907696991124609 -3.2142934735216765e-05
0.0005343043441083168 -0.0002521757274490609
8.361541565543328e-06 0.0001925047196979664
-0.0005423512627951218 0.0003866791092185455
0.0009077641616408116 -0.00011493088230024377
0.0003994957331778227 -0.0007828964714411375
-0.0005514400364406747 0.00016867771112745935
-0.0004485709333041438 0.000901143861039552
0.00040347758492745875 0.0001915365583032125
-0.0007195129240962239 -0.00010183137586368482
0.0003678620849543105 0.00043336094288189895
0.0001138354528115989 -0.00041652569070009207
-0.0012931145054872173 -0.0009068697649785234
-0.0003814804859130564 0.0007136071916660987
-0.00023963893556089804 0.0012432607663381901
0.0003107291996482429 -0.0002319322635787556
-0.00043929681415819165 0.0005595624165108319
-0.0006070918192578927 -0.0007686233350647215
0.00017629666772009717 -0.000520284306607921
0.0002498732085178297 -0.00011011504836342282
5.513756287545976e-05 0.000630741916618787
0.0003888300134729132 0.0004036874544500969
-0.0007905211180916092 0.0004088487018418678
-6.363041707359785e-05 0.00021503077474528735
-0.00042645588725858714 0.0005025352859231228
-0.0007232873740416666 0.0004905101103927313
-0.00038265379383873514 1.147102943009301e-05
7.638966602023515e-05 3.41237691538339e-05
0.0004518146212457421 -0.00039749225585619403
0.00029796522415908444 0.0006856824312391127
0.001389330506858654 -0.00022244983761344233
0.0002941719879449029 -0.0007091697671703021
-2.9598115516717004e-05 0.0005032128612383861
0.0003680799268532835 -0.00035766423088189915
9.076458708899682e-05 0.0004208569684748778
-0.0006135899033820339 0.0007068300961379186
0.0003755819198498656 0.0005710072270502637
-0.00014826379355404494 0.0012341226093178221
0.0001477108695607781 0.0011525879572879631
-0.0008669009289390448 -0.0008053368407222758
0.0006799939957492329 0.000155069022794534
0.00023427031068729993 -0.00023739765301772955
-0.000766222899074899 -8.237816915781265e-05
-0.0009157471089163714 -0.00014781049431539318
0.0001833865316217585 -0.0002723324578550663
0.0009318256224686854 6.705338688891584e-05
0.0001276975795003157 -0.0014203719498154979
-0.0010223978480409783 -0.0009317417164999941
0.00033194859913496206 0.00011274222062745677
-0.0011619415288480837 0.0007824150219501287
-0.0004076151301871152 0.00034241769894392295
-0.001042421060230269 -0.0005938040968820115
-0.00018829664131573618 0.000495875556853541
-6.309594854331668e-05 0.0006909326214587486
0.00025418368361518085 -0.0010169618563971262
-8.834399162771452e-05 0.0007641366239063902
-0.0004616211179419745 -0.00019185479678355324
0.0008627993807469974 0.00021768975649299948
-0.0011188180850752287 0.00019868757592637228
-9.030607170253197e-05 0.00037934719543982273
9.504361466704381e-06 0.0003821602537417673
5.374953728950867e-05 -0.0004850169111467041
-0.0008812369536998122 -0.0009566470137048054
-0.0006386620355849375 0.00032978683707833714
0.0003915144242260434 -0.00010202995280393908
0.0008210157012733585 0.0006572268766308069
0.0004910534013195727 -0.00022609628404738792
0.0005385276092420168 0.0005442621753175622
-0.000280443348207757 0.0006956203335397004
-0.0003264026911969328 0.00018380713118418946
7.86558368361694e-05 -0.00010442118697238585
-5.3067786636462287e-05 1.0067949123714456e-05
-0.0005149434518057647 -0.0003687694328478834
-0.00013338588541833606 -0.00011461616493604372
-0.0002831600953152969 0.00023283110339314197
-6.835570243913554e-05 -0.0005774560270497273
-0.0009297770113265675 -0.0005182245373279689
0.00038127077896364653 0.00024558953788484224
-0.00022520001359777316 -0.0004939903386606646
4.013710688098905e-05 0.00026364934922596105
2.044947282730158e-05 -0.000416426020058081
-0.0007161414054793084 -0.0009312035778294461
0.0003399018352142979 -0.0004628930065216105
-0.0013517316186221846 -0.0001587617129788912
-0.0007463147619773173 0.0001494320422053327
-4.559004677380606e-05 -9.489296963721634e-05
-0.0001490238804128531 0.0007890626715694381
-4.52394108021809e-05 0.00040033651827076354
0.000293882050362191 -7.506668252304256e-06
5.308103371550529e-05 0.000636564895198175
-0.0004608323314760031 -0.00034116131559167853
-0.0006246551007641763 0.0002011680037717261
0.00012568557698234076 2.065748751816888e-05
-0.0003256167861962255 -0.00038473643834286466
0.00010799076843690745 0.00028930604109568385
-0.00031515809372966195 0.0008545212934331283
-0.0002689861517387486 -0.0003833506581557035
0.0003250125476910098 -6.7663969849737e-05
-2.0277846561257106e-05 -0.00032159256788431026
0.0001289067815559109 -0.000660437727845736
-9.762347906185549e-05 -0.001216882940273309
-0.0010538962965624557 0.0008855979765767414
3.364978063092233e-05 0.00018652535967939284
0.0008773998882125678 -9.105845662267967e-05
0.0007277118368327529 0.00012788933252795616
0.00043334959718836443 0.0001179738848873239
0.00023396023163858095 -0.0011327868836692153
-0.0002524831333363703 0.001284596997690722
-0.0008213738208175077 0.00027726364990427187
-0.0006293919992992047 -0.00014598962227663193
-0.0003612440226051814 -0.0007191504050620064
0.00012875262896441537 -4.562378064298877e-05
-0.0004516983975530831 -0.00017664063247157933
-0.0007004808060416553 -0.00037179923298932024
0.00016397429880111094 0.0010451204668404115
0.00017785360319194713 -0.00043481850829048935
-0.000249041144656355 1.7530419166861465e-05
0.0007398374741715222 0.00021972202991750589
0.00038842781692706056 0.001292515453529481
0.0007335706308742327 0.0003210321969774257
-0.0004368932541233513 7.935467962932566e-07
-0.0004230622543337473 -0.00030566096433430953
-0.0010110894674432785 7.627888487019992e-05
0.0005787710150221797 0.00023064697234579992
1.0199729872071007e-06 0.0003608239632483774
2.45922552034137e-05 -8.041390358329726e-05
-0.00052335800895019 -0.0002594497080675866
0.0003220680107649774 -0.0009607925154705595
-0.00042855719632174205 -0.0002901409404648401
0.0003350503196831658 0.0004885864320206513
0.0004117387987273024 -0.00010918936888503697
-0.00036302751397130104 -0.00017293160720852475
0.0004694342448653794 1.9994612835771637e-05
0.00024908234365446564 -0.0005178886847866734
0.0003498885191815678 -0.00010912974916803272
0.00010671957187307698 -0.0010143869296051153
-0.00031660012120083523 -0.0007366058032882643
