1.3520549555000422e-05 1.771694657073917e-05
4.065977040979009e-05 2.055115920663397e-05
0.03219361103583855 0.026394410225199675
-0.00045135611897255607 -0.000920812931573736
0.000671682751457264 -0.0002515984695985802
5.7122069079547176e-05 -0.00015441312130995058
0.001159168084982017 -0.0008519963400997445
-0.000850526349439269 6.036612543859151e-05
-0.001617171417051042 0.00023098951339836976
0.00042093191347592434 -0.0007274147210960929
7.918571163137902e-06 0.0005246210459827873
0.0002986541858479313 0.00027980234268748045
0.0005798391009697668 -0.00012023957411420911
0.0003487934276191122 0.00022865575192684097
-0.0009785673597045208 -0.0007168273052440777
-0.0004249484927244158 0.0006158041317430064
0.0004020314519841147 -0.0008168586172022611
0.00023487679125096616 -0.0001721535051599311
7.248921214847185e-05 -0.0004671208944785722
0.00045083120720096066 -0.0007881553953788792
-0.0004191773355528956 -0.00040283825924202854
-0.00043253718465879616 0.0014120001669184977
-0.00039093747023611963 -0.0009973308223171495
0.0004848663964617686 0.0008131347122657227
-0.0016834186273904177 -0.000324531172996016
0.00040764007760721245 -0.0012836096113425963
0.0008763974029610516 0.0007974534437628877
0.00031901129895799173 0.00013171460591019342
-0.0010720243463404856 0.0004848606415384493
6.01965991003176e-05 0.000380024333892988
0.0017568428791090976 -6.0796810719035496e-05
-0.0009216012847468955 -0.0008267933405513493
-0.0004197641010818637 0.0014652913078998784
-0.0006130658185428806 0.0014250895092890572
0.00028755015583069993 -0.0001819446381300044
8.832903016457674e-05 0.0001643458448697673
0.00013940921859306922 2.5281283190038606e-05
0.0011658709792824115 -0.0012589989822654219
5.5937973117141705e-06 0.000794460667520145
-0.0010046099205667945 0.00026904432831410894
0.000578638447868301 -5.3943680790244594e-05
0.0003224323720882911 0.0007020878851967775
0.000900525611000469 -0.0006655554155578106
-0.0014799270607712758 -0.0015404112155463737
0.0012147474679390143 -0.000598262854847378
-0.000815775349996166 -0.0015855939050612308
0.000250891891409558 -0.00035649788786567605
-0.00013662649531553014 -0.0005556975906094564
0.002336111091963816 -0.0014561083267908591
-0.00044298032601778806 -0.00024192045504761638
0.0005678231785673541 -3.873140843569469e-05
-0.00015519532995735764 -0.0005375698708817545
0.00014381653124918292 -3.47944351549155e-06
0.0008178452678039259 0.00043882391437300393
-0.0006045863782348255 0.00034555331939572923
-0.00047679497129934423 -0.0009740387205789028
0.0006314542666188544 0.0008238629275495871
-0.0004663490504801493 -0.0006971890078584925
-0.0006955528303834805 -0.0004620101426807564
-0.001348395927471446 0.0008066441550172788
-0.0011812647727092404 -0.00034265364876293725
0.0001553287427857502 -6.491871126449129e-05
-0.0005160266730119525 -2.720139351375651e-05
-8.340543912454839e-05 0.00024014103580595703
0.0002125385126755162 0.000767844084188608
-0.0005007977766638942 0.0007720363554002716
-0.00033980527592898614 -0.0008651102504445127
0.0003780339172464925 0.00025513697197126296
-0.000534178349570128 -0.0001324150142367491
-0.0004708313927700768 -6.333376996554034e-05
0.00015269152593500176 0.00016286723861189784
0.0011217170819334441 -0.00010116927765163711
-0.00070925596168612 -0.00020239428419658489
-7.809128194458372e-05 0.0006464880126733174
-0.00022971962727817276 0.0001121919762687887
-0.00033264287648934206 -0.0004628375263013213
0.000983160935387506 0.0004723130343190784
0.00028692106940025273 -0.0013649477943600452
-0.0002766599299852816 0.0002558520497329932
0.0012353088715539992 0.0009050802416956138
-0.00039141205648364746 0.0007980703074185568
-0.0007565227843258149 0.0005070339311927718
-5.312893725354019e-05 -0.00023610963132711193
-0.00067679410923092 -0.0006824113864277498
0.000746601286259268 7.623089420933393e-05
0.0002751316678059276 0.0005774311178013882
-0.00019188358174896536 -0.0004075051177836897
0.0004509334398102222 -8.738079415137948e-05
-0.0007624811385000371 -0.000634373613200114
0.0015063286396589963 -0.0012954316049710213
0.00016760919645757638 0.0006875685011930347
0.0009238195328694339 0.0005246520737720538
-0.00039429022556652845 -0.0004425316166441182
-0.0005507443058673813 -0.0011888676018019623
0.000320703525364127 -8.312788041043622e-05
-0.0003397141438936995 -0.0001922837878743005
4.9182345535463765e-05 0.0005119628420548559
-0.00020517253301746658 0.001503670073143862
0.0008379817587294742 -0.0009076336036038458
-0.0012751769748989648 -0.0010119803581391672
-0.0006716165826177028 0.0008253357642537654
0.0008107015841496543 0.0007231048661497265
-0.0002977044718065481 -0.000280213391806457
-0.0009124113243164391 0.0012598555201246693
-1.5168490339461252e-05 0.00022275474009523277
-0.0005553088394040824 -0.00016016767381284546
9.131236108097127e-05 -0.00011169642323142829
-0.0006845007618629373 -0.0005977977228512425
-8.888002499004045e-05 -9.718180430583949e-05
0.00027409390883993456 -0.0004385300876604687
0.0007965021823274894 0.001025967065763872
0.0012229087995973287 -0.00010239602333720326
6.753632284058934e-05 0.0009887313021706176
7.80730480451715e-05 0.0007282774195298157
0.00012218529737953652 -0.0005950793241687348
0.00010286324696435143 0.0002471900407020062
-0.00016188995155435104 -3.475988725016949e-05
-6.831091873209318e-05 0.00044771047820900276
-0.00013825718893776563 -0.0004351817994692593
-0.00020005021290794866 0.0006011228331511911
0.0009870415917767738 0.00012755741448376194
-0.0002730926558571307 -0.0005529102236858313
-0.0007541187795789771 0.0002536407614162766
-0.0003166077912433156 -0.0002737852805045525
-0.0011945563356551452 0.0008924585473839346
-0.0006547252851503895 -0.0005260061936191532
0.00016035591564617888 -0.00140328285978226
-0.0004898189771552065 -0.00013229089683552237
0.000751432812987837 0.0005537689322975424
-4.5303857898359086e-05 0.00025469522768434624
-0.00032963419701788083 -0.0005214856110178337
-4.8483737039915044e-05 0.00023987331644405855
-0.0005176091693705445 0.001201722348507729
0.00013449563293849528 -0.00102451637948039
0.000535518742789214 -0.0004171588270087406
-0.0005686848715179472 0.0005643729678044917
0.00012049192514355326 -0.0004323851100479289
3.200014416785086e-05 0.0007405607017125195
0.00042426617456404195 0.00032450121400583507
-0.0005190009534246069 -0.00046521270595209507
-0.0008798536686748023 0.00015364278727364683
-0.000434592864820356 -0.00017384010284142402
-0.0003962012484346988 -0.0008484201233545736
0.00030620784923036644 -0.00018847640078286054
-0.0009939674060745033 0.0006227265614957914
0.00014315980027154854 0.00028985918570906315
-5.805748360844811e-05 -0.0004060144674269609
-0.0003160749035542736 -0.0003552555933238219
-0.0005104738677010404 -0.0003400255874617461
-0.0003469364924414238 0.0004890283504065185
-0.0009298853096450299 -0.0005788115661083174
0.0005012125390611177 -0.000504610466846692
0.00040102326275597434 0.00013268700177622295
-0.0004711913185506021 -0.0005922864573481135
1.425761982360331e-06 -0.0003080434240239962
-0.00038587873268034574 -0.0002625208714645307
0.00036618317558440966 0.0003380367902364858
-0.0002868483783456905 -0.000704507638600762
-0.00013120951931587334 0.00023881001919722026
-0.0009296971824978432 -7.343611582153697e-05
8.12910274212298e-05 0.0001369864140005577
-0.0002260659059570351 0.00019021736941893946
-0.0005222912190719025 -0.00031508133152157906
-9.814814680835784e-05 -0.00010193610590876583
-3.8225533515682554e-05 -4.4018860720999287e-05
-0.00032292973763552364 0.00041407211586197407
-0.0006924293580528623 0.0002040621152750825
0.0004687450968609439 -0.0004290526613010072
-6.948484904896108e-06 -0.0004435999096656936
0.0010847945381063733 0.00035609397905233593
-0.00022737642575075513 0.0005099547629147381
0.000336930668107184 -0.0008327622624321999
0.00047244572608907585 -0.000258512971384688
0.00042787365897690603 0.00025490773083564603
-0.00034428993679815674 -0.0005611143510042065
-6.987328987689239e-06 0.0003219938967701961
0.0005786532417012687 -0.0004702959113474319
-0.00023189890949474115 0.0002086198574168592
0.0003329815283672777 -0.00040220460125192745
-0.0010018757002122278 -0.0004712151475249063
0.0008867276549023642 -0.0010005128509672763
0.00022687860670218778 -0.00029121326296612134
0.00019643466386314035 0.00029417711184285183
0.0003174826946306441 -0.00029540567772647525
7.258622870137628e-05 -0.0004538222131330324
-0.0008622800028975804 0.0008499790844218747
-0.0003074319709877736 0.0002149785169179862
-0.0005677969650689353 -0.00035732580622213503
0.0007173340842569965 -0.0005468038870705558
-0.00031012822040434545 -9.635398093353576e-05
8.95024810017421e-05 0.0003264580279487884
-0.0012847874672756252 0.0006016714403406974
0.0003318159825038622 0.0005510512733020959
0.0003723895243670151 -0.0005398758036162495
-0.00027594509404898414 -0.0016668905777436304
-0.0002459849939040701 0.0003488678503207259
0.0003846254915930163 0.0004905726048439517
0.00036336177734511984 0.0005384893020505792
-0.0010030380440933743 -0.0006016257364393573
-2.5352769305267954e-05 -0.0003754301180584436
0.00015205069149233492 -0.0001722709422663085
-0.0006056159041608219 0.0001330514062290891
8.196551031923223e-05 -0.0007657537406398089
-0.000167164172062183 -0.001380728514992142
-0.0005772611822159114 0.0002580135615725539
-0.0006926694956070857 -0.00022895331286854298
0.0003533643052959462 0.0005901035589812093
0.00051027525719902 -0.0003155179943282157
-0.0007455245867347373 -0.0004528433944006302
0.0004273828101828602 0.0006275654860551608
-0.00015083431758156987 0.0002917517501250183
-0.00015471639471578819 -0.0001056119566599642
0.0002742795107938641 -0.0005947845843743016
0.0004297838492906901 0.00047301178726358436
0.0002329010300720057 0.0002769650598602914
0.0002519646831351793 -0.0002775596575168428
-0.00032639836815546243 2.4371173032725844e-05
-0.0002442117534792784 -5.106850756316492e-05
-0.00018482349954225004 0.00014062653277674037
0.0002949796709133416 -0.0001978440394420813
-0.0003784272739354133 -0.000557379886237196
-0.0003959623178741799 -0.0007798184070410677
-0.00013792589415643255 -0.00014020202579648406
-0.0005839135988664456 0.0005887517769075303
0.0003799889710402251 -0.0007262302974315431
0.00037111975951900454 0.0002975374850481561
0.00010868581704459127 0.00010230563636274983
0.00014219503344512313 0.00030015157453920584
0.00021161934226064484 2.8675806006775925e-05
0.00044545118074314216 -0.0002507812088337726
-0.0010869601026161821 -0.00026874073369744764
0.0003103278464401722 -0.0005272163429434652
0.0004246830610213137 -0.0003291553991196183
-8.666145005660131e-05 -0.0005696121027154033
0.000895039554421128 -0.0007415539673052892
0.001591714400518774 -0.00016555685896616756
-9.073381683005242e-05 0.00027709298519323314
3.7051867745020805e-05 0.0005570753566398848
-0.00010215408441734216 0.00019829315539798684
-0.0013332605647945247 6.482646911737108e-05
-0.0005315543804306191 0.00017878784545579353
-0.00046695075828141356 0.0002976397491095455
-0.0003030250822249895 -0.00025205707744063325
-0.0004212204539704692 -0.00011137792196467511
0.0004109665574236759 0.0011664962771944804
0.0002294015474281085 -0.00015091193059825155
0.00041088248709777737 5.1268572559902035e-05
0.0006107811687130637 0.00032701174737334907
-0.0005383712235609467 -0.0003697527106453375
2.4297116388971924e-05 -0.00029614140177807775
-0.00025396344110358466 -0.0008106370461010759
0.00016536050608451845 -0.0002031166541510213
0.0005287072474169827 -0.0002268301452125234
0.0002611187112044493 -0.0004907691874364468
0.0005082787428918077 0.0009661457167924867
-0.00017114485927317288 0.000549791522715979
0.00021903198747995873 -0.00035012461776119766
-0.00023361718275531043 -0.0006046687196272086
4.205069935258187e-05 -0.0004836498214598065
-5.12819684364298e-05 -0.0001023863702352503
-1.3556230530824719e-05 -9.779800520260109e-06
-0.00045955155747494245 -0.0007563754841299401
0.000584592600497961 -0.0008618334764045526
0.0005436945247773936 8.691442662058788e-05
0.0007458129713996328 -8.073916641618827e-05
0.0012483855769294212 0.0002862028889683651
-0.0007741448154104069 -3.559355292176846e-05
0.00012774615192377028 0.0005957202251374869
0.000513399053380385 6.090865128197663e-05
3.073894563319797e-05 0.0001864983503850754
0.0004808088409548669 0.0005750631794439888
0.0007647601024166792 -0.00015704519604759474
0.0005200135883392369 0.0004253510395080664
0.0006467273796304192 -0.0003008941969970763
0.0005256497918944765 0.00010444994770910449
-0.00011020771778250445 0.0002918776476423005
0.00026149261071061266 0.0010388938026379623
-0.00040269252488771105 -7.558878761590351e-05
-0.0005026048134864579 -6.713252923900701e-05
-0.00028743165723111837 0.0008185860196470118
-0.0003223176705575199 -0.000437313054969789
0.0002682421752677734 0.0010599430321781
0.0015279337046021782 0.000497669487414158
0.00039615981221538424 0.0008175829911917583
0.0003821861382367165 -0.00019839829432865777
0.0003186301518232883 0.0002688963080509578
5.298632887407261e-05 0.0005229851748423582
0.00013254311897948612 0.0006580720123985543
-5.901750518964349e-05 7.226488923749463e-05
2.096668500103156e-06 0.0007640337091268399
-0.0007280549004112147 -1.4325303411180528e-05
0.0002149644067201447 0.00041734932928716445
0.00043754669841331804 -4.0375235943345264e-05
0.0006616830526346731 4.8041168951058015e-05
-0.0006003153008650162 -9.72823121367697e-05
-0.0003806295687445974 -0.0007468264552220104
0.00039556261416707236 -0.0002460926088206183
5.81231888532669e-05 -0.00034470578503261004
-0.0008635019103468332 0.0003870491545045223
-0.0001471386147504555 -0.000309507456715619
0.00043888569688744816 0.0006063114955542422
2.9250313679088346e-05 -0.0004892774978771439
-0.00037829095211568814 1.7703185584031554e-05
