2.867234429378561e-05 3.942456363947717e-05
3.491566811305686e-05 2.6611345697871276e-05
0.020757159551915916 0.03218497800564623
0.0005627254164943372 -0.00012010890820245298
-0.00037030424224737164 -0.000839364332969912
0.0008982464491486888 4.452112217172946e-05
9.100616368179804e-05 0.0001233563405115478
0.0010335697779687313 0.0005412436831191734
-0.0010724104020873174 -0.00040814690407876044
-0.0007428587136398403 0.0011823874873528434
0.0001506739714004079 0.0003969182495484641
0.0003031102390898158 -3.6072668646101537e-05
0.0007622580829408931 0.00038505467175883944
0.0003006988065379203 0.0003972830240423708
3.671226975126706e-05 0.00013398620005977474
-0.0008204498672793769 0.0012098168851874854
0.0007589682022709532 -0.0004895655039247413
-0.0003517828031857595 0.00011999145819947537
-0.0004963709490268692 -0.0005519583750592536
0.0022032499128067534 -0.0005579031002277527
8.953365247125305e-05 -0.001119850510008132
2.6101740547471167e-05 -7.437548141801261e-05
0.0009413137219826437 -0.0007231214915338027
0.000784332459193039 0.00020096624767701837
0.00025157261133718816 -0.0011336421981994844
-0.0006208958641724994 -0.0003634930659154672
4.320059462261389e-05 0.0006226034345459756
-0.00023359632070341562 0.0007119792301169993
0.00023160950375730865 0.0011721970622728063
-0.0002659051786869474 0.0005227897900842107
-0.0006480164137056502 -0.00020356593994182918
0.0009154164806235095 0.00016125970868276695
0.000524560243639635 0.001233533212370202
0.00040652082209517845 -6.791942053203445e-05
-0.001163102104472067 -0.0008211978411900698
0.0010102728452506522 -0.0019528237481084604
-3.619447041635703e-05 0.0007258437184283543
-0.00024798053504382974 -9.110171334350663e-05
-0.00019150099827712372 0.0006180775039295937
0.000148242344274654 0.0007383689541533732
0.00042343192339386776 -0.0004987317598060847
-0.000474335275129207 -0.0006410755789244917
0.001238819062834177 0.001223587209023608
0.0005596635953889294 -2.65256869740628e-05
-0.0003896951572284469 0.00014282427224399783
-0.000358556920041897 -0.0014210903763339643
0.00038811743114470614 -0.0002787330685919612
0.000511438098876473 0.00022163931909437905
0.00043499869025393596 0.00010019422709201057
0.0008582772491746448 -0.0014374869763763996
-0.0004014603547576419 -0.000792640884259033
0.0012061595982319256 -0.0003605328844972935
-0.0011689270295440373 -0.0007471001828223019
-0.002306037066789705 -0.0004660356823895538
0.0011514010978092564 -0.0003783912959892786
-0.0001221748312779569 -0.00036331544127109514
0.000366881603665009 0.0007878493554484918
-0.0010008306853035095 0.0003420156351836895
0.00040080876772818224 -0.0009507843480890045
0.0006580344207866903 -0.0007326711592236566
0.00043984983554601993 0.00025574268298318996
0.00011456892137561048 -0.0005722004180450051
0.0006986844120619505 -0.0012896401923323524
-0.0003724497638339132 -0.00030651190347820954
0.00026412962839116017 -0.0004172896158586508
0.00021877103560488873 0.0004971976949347849
0.0005049344862783174 -0.00028624808708395806
0.0008041650595143754 0.0005097047830673416
0.001491657313956604 0.000414806808446854
-0.0007376457252707192 -0.00044113836067978215
0.0006112179879102571 0.00011516499184870108
-2.282860148623302e-05 -0.0005588396381156888
0.0008845185519367217 -4.176923380267232e-05
0.0008093084224899261 -0.00019133820016375687
0.0009223517952441596 0.00034213451363618926
-0.0006296745310420315 0.00039928739776089655
0.000594080418836957 0.0008484594079381165
-0.0001295211771875776 -0.0006743371574012885
-0.0002461092722343248 0.0006951983261952129
0.0014626658651588438 0.0005311809385068027
-0.0003236636286209744 -0.0005054623086478763
0.0011339339366032407 0.0009407352649401008
0.00025928486460414173 0.0007459071320325322
0.0007121984533157518 0.00030644913513103823
0.0009951382970039462 -0.000880342089954889
0.0005739623767590809 0.0007554348147472836
-0.00033971407055193676 0.0011418910160105613
0.0006473750813569604 -0.00023269959150409305
-0.0005986764424923037 6.856766772517957e-05
-0.0009542902378494422 -0.0004085215837426964
-0.0009397622416721464 0.0011616318586886842
0.0006924990215884676 9.546576008208947e-05
-0.00038634253444203183 0.000824745979063537
0.0015722257429590253 -0.0004963128298858685
0.0012843678930966223 -0.0011023649693014908
-0.0002827797302559338 0.0017626080599694948
0.0007275864735163079 0.0005927279794036288
-9.265079320361832e-05 -0.0004249532128605352
-0.00015270295644345314 0.0006509959793027917
0.0007926653224958523 -0.0006705528645974432
0.0005179029855927641 0.0003120242219894005
-0.0008972752792852919 -0.00027427950128078494
5.471542460319614e-05 0.000663913032486403
0.0005284094742807726 0.0009991982648300999
-0.000483337886022609 0.0005036635027926606
0.00028950736357586016 0.00047810621066950626
0.00017261507615284535 -0.0003599701803329031
0.00015336261125104263 3.819634290328495e-05
-0.00015077082398127863 -0.0003207196187017327
-6.726356242619162e-05 -2.284814188920547e-05
-1.2818660084749962e-05 0.00017825007594118194
-0.0007510684484103268 -0.0008639591726690222
-0.001197034726903283 -0.0009543229830568083
-4.0358252996539255e-05 0.00044683878238192695
-0.00019011437759794463 -0.000454771887141523
0.0008191992844700469 0.0009787923813237742
-0.00023896697774410428 -0.00022453642731039833
-0.0005003605756475092 -4.8782318266779625e-05
-0.0003081710401842004 -0.0006172189602008261
-0.0003749661235637859 -0.0002472648384943546
-0.0007629172002672531 0.00046306076645005495
-0.0006331239289968499 -0.0009595784675787615
0.001324532873421863 0.0013858903222320818
-9.266932348038366e-05 -0.0008205673039632501
-7.406921014173292e-05 -0.0015811902856738738
-0.00042270463079310946 0.0002527922838594529
-0.0004050529922189013 -0.00019250646824061553
2.0341831169624108e-05 -0.0005723775298443658
-0.0010625560370846837 0.00011752764027862617
0.00010283603599215873 0.0005445316163853509
-0.0009360564969254611 -0.00021377016631009946
0.0004212720614403879 0.00020685690882175838
-0.0013575297000585317 0.000585098913347278
0.0005676270488280521 -0.0002345592419096487
0.0008602663994819772 -0.0009289902520580119
-0.0005887095857265415 0.0009377277423901102
-4.461737727291415e-05 0.0002666952860996506
0.0007523895524408075 5.674983379197607e-05
8.240377864083027e-05 -0.0005491492268423939
-0.0005705393565204422 0.0006311893673942604
-0.0002619831880762302 0.0004286198461261329
-0.0004735137423763645 0.00030807148714904575
-0.0008389823230053226 -6.847658026975016e-05
0.0004891432488398654 0.0002387673905502524
-0.0006332464886950075 0.0002395096083612186
0.00023276666501294063 -0.0007651074303325386
-0.0004610389964520535 -3.695112320135909e-05
0.0007073606521221583 -1.419103306683298e-05
0.0003478696498544206 -0.0009957587542493871
0.00016585077314346247 -0.0007243892262649928
0.0003576138123128218 0.0006380103137086085
0.0007035043554028732 8.26024158683725e-05
-0.00011618038721748384 4.039566689129123e-05
0.00036051141530712007 0.0005162367561311786
0.0001692841108648798 -2.9247289255373495e-05
-0.00036862485480940594 0.00015555937478758193
8.0591385622085e-05 0.00016147323124563639
-0.00021808879531171166 -0.0009304799385075385
-0.00034989815557263655 -0.0005315627872392065
-0.00035467594276843617 -0.00017247477850225053
0.00040393693913162433 0.0006621108584854898
-0.0004865642379709004 0.0005987816436591444
-0.001342978301618668 -0.00012087828743841582
-0.0003023489348030523 -0.0003042363630001517
0.0004041333449041325 0.0008322155101673512
-0.0005733455696994145 0.0004823277376545853
0.0006356625487034998 0.00022212607058626522
-0.0001509932998128479 3.766900340222092e-05
-0.0004962113602842122 0.0009079274581136687
0.000585949858994723 0.0002823208282038257
2.7005575242121023e-05 -0.001013912602964324
-0.00038694865779592577 -0.0007593741869073897
-0.0004844478307734191 0.0006768212864174848
0.00045629122722676713 0.0006155580512998699
0.00010272176027897334 -0.00048010504271079506
0.0004177931599931691 0.00010053877093566596
-0.00023083689235343978 0.0007563727176245731
5.336616567298593e-05 -0.00023108307747349
0.0005323418486160531 0.0007995047237009768
0.0005984186021548988 0.0004916414978535984
-0.00047885534189103814 -0.000272173076030678
3.2773429808171855e-05 -0.001103341835161927
0.00016477338497583084 -0.0013294563837724068
-0.00020290027341461706 0.0004630172842344703
-2.6332038985796418e-05 -0.0010020848882439672
-0.0007461516719058551 0.0004938375330363189
0.000244238187207793 0.00020913788918539206
-0.0007572785983299458 0.00024433887357351374
0.0004381152846750785 0.00026832655388373325
0.00016484574410006157 0.00022749175628551137
-0.0004991747914204133 0.0011197710582997325
-0.0005067324634577939 -0.00015842618633634168
-0.0015479068859658338 -0.0008747083408723276
-0.0004828939739907535 -0.0008199512664131916
-0.0013693784461285346 -9.31479679314261e-06
-5.28023205797634e-05 0.0009592544654316044
-0.0008146755095595985 -0.000495277836712921
0.00027565435533311456 0.0002794594135220699
-0.00010074185523269325 -0.00035768910979553704
-0.0010207874022903128 0.0002203704704872273
0.0007260824599156695 0.00045257464878337795
-0.00014129606881493602 -0.0010562534807431855
0.0005214847887584903 -0.00010067178403540513
0.0003965612066307829 -0.0005196231769199866
-0.0004017457365851556 -0.00017032616996021677
0.0003412551289275461 -0.0011008128622932215
-0.00038202567402974866 -0.0007186496429926805
0.00046665723763065765 -0.0005239788573523485
0.0006598062729687278 0.0004541535759100279
0.00036517854800979837 -0.0002656134676635857
0.00019043250696274764 0.0011050223208080043
-7.130680208780553e-05 -0.0002084840628149324
-0.0009184275383558232 -0.0004834230198024074
0.0006481211983911523 -0.0008972886658078555
0.0003047333121121607 0.0004322177706314163
0.00024202973755761605 -0.0009895112507848586
0.0008629086954356596 -0.00045226544929302236
-1.824054869433251e-05 -0.00036131194593220486
0.00010999513487180661 -0.0007297344773049544
-1.030656109059654e-05 0.0005156601412669093
-0.0005233281189769924 -0.0011075010386246548
0.0008948816280234812 -0.0011463009594982212
0.0006379570072279493 0.000195895277862304
0.00035223587151539404 0.00028847887939028905
0.0004883530078643819 -0.0005886356095750408
-0.000781707148242275 -0.000268227508130789
0.00022919340438640808 0.001217112386294812
-0.0009581763859445244 -0.0003893819928865035
0.0005457714083817722 -0.000853723039840726
-0.0005750919161213204 7.349125122118982e-05
-0.00173179035011648 -0.0002094649570655707
7.083790032988156e-05 2.4193712488914827e-06
-4.320622159050427e-05 -8.378506834404852e-05
-0.00032851322813986855 0.0002985801913486254
-0.0009187629464245866 -0.0002090204745061645
0.0003745736970026061 0.00014828524753154098
0.0002846918385066628 0.000571890741235692
0.0009354262964191882 -4.685834408431502e-05
0.0006534403868585555 -0.0010210370409291674
-0.0005334258582211964 0.00044569342736646187
-0.00034444111804652326 -0.00012253858354879815
-0.00015180193225580916 -0.0002110847327750708
0.00020409275430714665 0.00010434684331531963
0.0006238097033837772 0.0008156199749518602
0.00023736201069847552 -0.00015166978665903837
0.000205087774014394 -0.00032453791460964243
-0.00041360900180872375 -0.00013402494729907873
-0.0005830121033097467 -0.0007511452836147551
0.000590574981940314 -3.389073787142703e-05
-7.598061815574145e-05 -0.0003650269317260077
0.0003131309217484048 0.0004546485583943131
0.00022365876477153078 -8.471804025489542e-05
0.00028059787625836946 -0.0003355325873889992
0.0011510870131303471 -0.0002558100723289863
-0.00018299465437155455 -8.992520010000062e-05
6.151982852286439e-05 -4.0946602289863576e-05
-0.0002918459711401416 0.00010634189936031303
0.0006778759319630068 0.00023316312710827732
-7.214134811137053e-05 2.2459976539936353e-06
-0.00012394077588536763 -0.0004745945276400323
-0.0003165113970903187 4.662448897149203e-05
0.0005757364850365015 0.00010295219289773197
0.0003359972294734911 -0.00045197081064605213
0.00047538458631375425 -0.0003575993946624099
-0.00028021381654270543 0.0003533347541887281
-0.00014650431334021325 -0.0005214510331281867
0.00043068256563694217 0.00022575925599041665
0.00016724994520604008 0.0003903630273130434
0.00018062658913413544 0.0005164756769967951
0.0004950920595020602 0.00011556128177393872
-5.3328778246471866e-05 0.00015624030922288347
-0.0005653070608669767 0.0006165284577639013
-0.0004081428774750861 9.979746959838655e-05
0.0004292098582187303 -0.00021774461362810609
-0.0005177988370807659 -0.00014318746687125305
2.111531260751178e-05 0.0003395782014357946
0.0006489873656604103 0.0001911447192599474
0.001194813994375477 -0.0007555718561725112
0.0010086871462357354 4.900594714967557e-05
0.0004531111178882594 0.0008245882457189865
0.00038838094805754856 0.0008114619507801221
0.0006496368024268889 -4.190962492029637e-05
-5.83498565401404e-06 0.000282372733066916
-0.0001838512430472957 0.00010292483521417864
3.567542211983163e-05 0.0006777943938658255
-0.0007201537786514469 -0.0011970730340606648
0.00036795617836068566 0.0007863572937720187
0.0012253612223633572 -7.566445710474725e-05
-0.0006350969286150535 -3.067702023622167e-05
-0.0002540379406948497 -0.0005660287904311871
-0.00029607988805119913 -0.0009888104684262881
5.952237984119784e-05 -0.0009173398316189786
-0.00031726282181530966 -0.0004941246473514154
-0.0004096363905128898 -0.0007339245294548661
-0.00014127807787185396 0.0005524908517535247
-0.00025346235012780753 0.0006958748783773066
9.772850496306573e-05 -0.00023169893632619194
-0.0009841187407315045 -0.0003485567245595799
-0.00029067835719148033 -0.00022190460267087721
0.00033477185225325347 -0.0006614561471276845
0.00027730246919111076 0.001102257241315652
0.0008050805413403557 0.0011458016647795121
-0.000978186635458455 -0.0004006101166623693
