5.394533957828578e-05 4.3174224949905515e-05
1.3168954859671043e-05 2.333096932844669e-05
0.02640282673988987 0.017824996449790048
-0.0007283936689101356 1.6541996000910473e-05
-0.00028982336191931416 -0.0002416609528943504
0.00017582831910189467 -0.00015509070546803635
0.00020701278661255945 -0.0010631135141205548
0.0008479015714377993 0.0001853630167655937
0.0005732306950445383 -0.0005426057904839557
-4.795034373999368e-06 -0.0009327775354730191
5.960380384441026e-06 0.000418502610764294
0.0007081281189170727 -2.511387266456612e-05
0.0001399485868118414 7.33474866555392e-05
-0.0011746769805174371 -0.0001281444588024847
-0.000349547292510243 -0.0009818682079598049
-2.874941226619664e-05 0.000496757599159074
0.0003973007047754774 -6.0056896424910636e-05
-6.826132654272494e-05 0.0014043907841973238
-0.001199023087053031 0.0007083886506558503
-3.720111840712223e-05 -0.0005319982305680662
-0.0005334749416174168 -0.0001854103269023813
-0.0002333640841491828 -3.699987836585616e-05
-0.00048160595132684875 0.0004032555007820463
0.00033362364051978826 -0.0010662513781692635
0.0003952953796918186 -0.0006620439933745778
-0.001603142826552204 -5.635967989213661e-05
0.0008035806806417578 0.00015525941654337394
-0.0010717718381584986 -0.001657623456521402
-0.0007011988154069933 -0.00019646852880308597
-0.0003100994573789953 -0.00018171949316753676
8.064184753816594e-05 -0.00026602763888161174
-0.0018563938767385086 0.0008967321108099523
0.0005395054971956486 -0.0006495767083835615
-0.00047839785125656094 -0.0012648379140298993
-0.00010868079053615148 0.00125411762448481
-0.00029584957335300054 -0.0008075687122304361
0.0003223950878299558 0.0005203613586977317
-0.00014700737048157461 0.001014243862102434
-0.0007075469126123817 -0.00042173651530361654
-0.000541421233629385 0.0006692933386172037
0.00016363446459238633 0.00039816834738058975
-0.0010240041694404892 -0.00017107612954403515
-6.182549094685363e-05 0.0008325581194830382
0.00015443658947697495 7.815370843566944e-05
-0.0007098576068727687 0.000554719668694364
-0.0003034625337332853 0.0004952378994646873
-0.00039683376753850804 -0.00010427171683729356
-0.000869166665186411 -0.0008173652190103642
-0.00017044830795370138 -0.001236175733264726
-0.0009704914474716203 0.0010258743590542468
-0.0016788254774307313 -0.000480606845716054
-0.0005567523177326257 0.00023023290534928483
-0.00010129670387148486 -0.0008077654427214265
0.00036898897333922893 -0.0007055515930692285
-0.0010942695460647099 -0.0002607350902250037
-0.00035767637782625083 -0.0003179640669732516
-0.0006077338906051992 8.965420328100201e-05
-0.00010090873235519112 5.135692650785855e-05
0.0007174736909913964 -0.00013046024903293763
-0.00025849453994667153 -0.00038047692105473246
0.001434476947331509 0.00015040600798203933
0.00013941697178681991 -0.00043568412388185766
-9.998250578358463e-05 -0.0005125037408344657
0.00012924450487379727 0.0006105938521458376
-7.796741376592077e-05 0.0006214309505181722
0.0011157333292798367 -0.0015297551882473678
0.0010269395836793097 0.0009755219611294752
0.00013213109836007398 0.0005034525183902363
-0.0008808725011848215 0.0016669132451522686
-0.00026642036017652116 0.0007205064419476559
0.00021470209382854413 -0.0007892729067755907
0.000613812051219075 0.0011016089284346582
0.00042809186445425006 -0.0006220056704817482
0.0007596968953643352 0.0002667017976157452
0.0012578467708166958 -0.00022538302761912265
5.488220655202215e-07 -0.00033608342810896477
-0.0004932951325897441 0.00021333849379310502
0.0011260782581301503 0.000510794981520622
2.3499707511092867e-05 -0.0004931789625699714
0.0014517426393694081 0.0006696076993353285
-0.0011052541106032854 0.0011031929157995974
-0.0004956240584544354 -0.00016248248865128071
0.00038516529210432833 -0.0002229668664238934
0.00024182834920547815 0.0006064558764577316
0.000607586423466637 7.080148427622379e-06
0.000864221504890708 0.0011954352813012264
0.0010788114399030366 0.001341832427345932
0.0003978769139483148 0.0011279149906986588
-0.0006860644482693785 -0.0001690007508840538
0.0004083083787298669 0.001012700483344043
0.0011007412697044607 0.000249872774548207
0.0010371778781411952 0.0005118895503424333
-0.00012578630043049872 0.00043529573963321805
4.502805709618165e-05 -0.00123542892599609
0.0012914330747609533 -0.00023478807033704095
-0.0002592145066179595 0.0014592928713890994
-0.00036264554086747487 -0.0008254964063440998
-0.0002685855352553827 0.0001942317299867438
0.0004329195899330984 0.0016082343741807001
-0.0002909605877220786 -0.00015810652526047846
0.00033055300339143473 -0.0006900045647182622
0.0004605351940263288 -0.0006430717197515571
6.1673647286683865e-06 -0.001111880632019731
-3.401749499001416e-05 0.00047562110187685577
-0.0006350827638058354 -0.0003919908598257897
-2.7445483341472632e-05 0.0001711682495441894
0.00010534496826228732 -0.00011072529210272575
0.0004150164194364044 -0.0007873432375697733
0.00045101787099596514 -0.00047547505037239354
0.0001626042325104157 -7.102703650080666e-05
-0.0007128169287390594 -0.00023114215604211547
0.00027629293285634033 -0.0007250548945578993
-0.000530320183580041 -0.0003016011158108333
-0.00035994301788491696 0.00027775804869055784
0.0006034303352839376 0.0004643059459104767
0.00035817046256649476 0.0007162268578269453
-0.00028916349748111603 0.001118453008117566
0.0007127242594043299 -5.7653105804006925e-05
0.0003967441977607695 0.000207738889000534
0.0001751686666481849 -8.018141895664266e-06
-0.00068776204876225 -0.0006109965445446382
5.54569541383003e-05 -0.000315639386394267
-0.00025111300700159225 0.00044026372392785086
-0.0008114335382127309 -0.00012191609674522181
-0.0002562687785901559 -3.3366135688033995e-05
-0.0003878187979204102 -3.547986221104178e-05
7.286810234284874e-05 -1.7940453862560206e-06
0.0012745104356667574 0.0001982720313750876
0.0005594728106427861 0.00023521283657804642
0.0006874732131884528 -4.184292308998278e-05
-0.00048140377262194443 0.0002801781568531859
-8.662589249536317e-05 -3.850630957572821e-05
0.0005086899397589641 0.0006992855243964076
-0.0011751252928727002 -3.708893396173934e-05
0.0002087478802245337 0.00021137066484469864
0.0004028807700108026 1.6274897880787967e-05
-8.291624668231221e-05 0.000489286137705955
-0.0007467287731298839 -0.00012305122780689796
-0.0008079069559203219 -0.0006265407299088389
0.0009659890706944347 -5.7105280484371875e-06
0.0007862251976183605 0.0004727892475421618
0.0004934703921271623 0.000256894217883026
0.0003140844550646081 -9.180564920789786e-05
-6.880573246047745e-05 -0.0005509375625266202
-0.0001848223680524361 -0.00019357903649449534
-0.0008557856384140562 -0.0013185725652567236
2.8583011422517328e-05 -0.0005530572740568727
-0.0003139542426763754 -6.449950527379422e-07
0.0002399806771872645 0.00033760001087565776
-0.0001279836402257595 -0.0006484997506458797
0.0003271230414893757 0.0009090568277453472
0.00038720094286859926 -0.0005448388808258165
-0.00024102838670530302 -8.042396523288208e-05
-6.580890871364456e-05 -0.0002995884596618104
7.356084397417213e-05 -0.00036497823170418813
-0.0011282234138100663 0.0004442458884933819
0.00014011208632865464 -7.552426075229751e-05
-4.869896795287532e-06 -6.879219677278086e-05
0.0003467556192178963 0.00042161091868919774
0.0005259985948579134 0.0003114454877986564
0.00011468699456340724 0.0002285704044742099
-0.0008595122219507823 0.00010992417939105086
8.790910978623512e-05 0.0005922058195734163
0.0004923797251108278 0.000602209014120218
0.000528203295097454 -0.0008007662154667019
-0.0007321301508747077 -0.000538053456343417
-1.786802347879205e-05 -7.225916672873714e-05
0.00010369149180918808 0.0006560090528941027
-6.95544932649504e-05 -0.00029806791371065066
0.0002276664233286202 -0.0007685294908990093
0.000591525108150994 -0.00016741654117703272
0.0008419528114541671 0.0005131399297268704
-0.000436404096968311 0.0006446243708531594
0.0009935587595889723 0.0008037026008779017
0.0017195658636448969 0.0003025814662749828
0.0011215136366811628 0.0006596968555680117
0.00035202626097746964 0.0004694200603427543
3.875769944137853e-05 -0.0009347853703405077
0.0012428993788217927 0.00033583133307609305
-0.0007353734834355716 -0.0004327643665998641
-6.288415789480715e-05 -0.00017452463786940715
-7.769507147947252e-07 0.000754424924639219
0.0004542965686448272 0.00018209032504973088
0.0009033792172440077 -0.0008852073368837411
-0.0006646820816538026 0.0009429621910602087
-0.0013233702818893503 5.121414040426093e-05
4.7342764576119535e-06 0.0001695503551710245
0.0010564368312292465 -0.00025976188120463634
-0.0005643923849502154 -0.00027223233295782035
-0.0008025235401724035 0.0001240968615269135
-0.0008527333618959311 0.0002513464397617496
-0.00035058419305706315 0.00010177778793725589
7.113110073012892e-05 4.728777590307045e-05
0.0004163780920699709 -0.0010116426488194503
0.00017061014421210167 0.0006354849054263178
7.240263997651299e-05 0.000525176464823489
0.0006776683975824701 0.0004461217663131254
-0.0007847574403705788 -0.0003718034099290791
-0.0008822110691573487 -0.0006428837712986798
0.0009883846556811178 0.0010883497712998894
0.0014646078401026744 -0.0007915111702317163
0.00027530131131613903 0.000655686482900568
2.001660086959128e-05 -3.944452270997765e-05
-0.0002569864794930565 -0.0010858742984691779
0.00016995734411930715 -6.977871453559804e-05
0.0005130530747990879 -0.00045926123118425314
0.0009067395748062322 0.0005158197376860941
-0.0011139125820695875 0.00022411239866423492
0.0004292041200136403 -0.0004947189974720214
-0.0005046009464877496 -0.0012167481708149428
0.0006429767823779129 -0.000413624386797196
0.00033126709346700383 -1.907942486779726e-06
0.00012420186226266434 -0.00044316114623415046
0.0009391192399003461 0.0001394525808329856
0.0003060544655791688 0.0006680755131214089
-8.533445638290303e-05 -0.0008589685566521479
-0.00034576584560822455 -0.00040771343679897506
0.0006281302340080581 -0.0001698396421590722
-2.4603085627303857e-05 0.0003806621159801309
0.0003831530584167671 0.0006364696158295592
-0.00024006798087606364 0.00021200487990533185
-0.0006077508275401679 -0.0003569966901284072
0.0007069241392003481 -0.0011502451061325086
-0.000703837037066924 -0.0003524176067486241
1.4149322404323527e-05 0.0003524592713817617
-0.0005027737197963935 0.00020251502343707984
-0.0011383239128555879 8.96864616347997e-05
-0.0006147960961443606 0.00019779166217393914
-0.0007367261812967706 -0.0003843728869145704
0.0010983715692763191 -0.00023028442622095185
0.0001429150688351931 -0.00022401785552736566
-0.00035848668923368725 -3.516919911873768e-05
0.00015259274857074774 0.00045959989242036383
-0.0008746594609929845 -0.000805085249760385
0.0005064457820097678 0.00046775091826162707
-0.0014209180855776586 0.000571412562460973
0.00023491248093505875 0.00032743972550031413
0.0008404464759047276 0.00038680806134888034
0.00013002191576066843 0.0004212834397454897
-0.00017629862255796752 -0.0004070730488433315
-5.247970250934675e-05 -0.0003497676237051652
-7.918858250979577e-05 -9.093390058328673e-05
-0.001099466300657872 0.0005501475438752318
-6.924359080205627e-05 -0.001191385039923936
0.0003695804230031432 -9.604208451535846e-05
-0.000423341671635292 0.00045178259490378354
-0.0007628120284421734 0.00012330180358578844
-5.769579595345352e-05 0.00035894452622006685
8.376582857246232e-05 4.49633542205618e-05
-0.00019179854164930283 0.00019958707563817602
-0.0008589563867418645 -0.0008666592232995902
0.0002461056347722611 8.247806930892442e-05
-0.0008339219595837656 0.00043732579607555234
-0.0005307580981312621 0.0007123034600098812
0.00030063048031760424 0.00012802325579360126
-0.0001219718383212895 -7.90823590381503e-05
-9.689859235836057e-05 7.391442912709522e-05
-0.0011951597633888347 -0.001367478410125575
9.999934595296616e-05 -0.0006857152740792066
-0.00012800289434409498 0.0006786942359967945
0.00010897002540175632 -0.0004707151312998556
2.818731180357694e-05 -0.0002490541908171909
0.0003411482330985459 0.00046863641678558226
-0.0003873498958937157 -0.0008768536390964532
-0.0011367707203091698 0.0005577183866635336
0.0001903171392094333 -0.000462171218080776
0.0003861072833608784 0.0003914682253183102
-0.0005796844743078326 0.0002985020390941881
-0.00013250171828715129 -0.0002205063368475294
-0.00036954519821162126 -9.48849704666534e-05
-9.648694477712201e-05 -0.00013785000599325707
-0.00046265094210184917 -0.00034692098468599156
0.0005241193748362712 -0.00023284410147760758
0.0003335362543988202 -0.0010612448018179096
-0.00043605409645582186 -0.0008378452265390028
-4.169133707902284e-05 0.00015028139278679744
-0.0004291318707420311 -0.00010330627208670813
-0.00046238591354286543 -0.0005613934141849458
0.00011397833555615762 -0.000233051312627881
0.0008535859433490486 3.7356644524151917e-06
-0.0005623451627788111 -0.0006072022495378328
7.20302549603271e-05 0.00021702829566638699
-0.0015187742519733125 0.0003043104721196326
-0.0006477710737777564 -0.0006167825358051218
-0.00031673963422836196 0.00024409665923907364
0.00029864717109865643 -0.0005915384491231079
0.00036676478774114223 0.00016938016256883262
0.0006993091229532751 0.0005148800729772633
0.00035258344237053447 -0.000287530152543069
-6.835095692228654e-05 -0.0008140369895736432
0.0011242897429181308 0.0001401052815849806
0.0006594385197867442 -0.00019491354845217285
0.0005048354222223773 0.0005351876091760038
0.0005920326479099493 -0.00024998771968108465
-7.398844545685514e-05 0.0011050331296476132
-0.0011543622010465576 -0.00024241850468484052
0.00027853719216133256 0.0004908137850621575
-0.0004385238527597967 -0.00028186596643209886
0.0006274584340468889 0.000741654690676856
0.0006667768142744788 0.00013337621042493447
0.00023104641239730402 0.0008642106006900226
-0.0008049247552059211 -0.001326858072803814
0.00020871541261767215 -0.00034060472232423324
