5.0892582804618516e-05 2.4404673201442436e-05
3.395067969827234e-05 5.233794165442022e-05
0.023373315721645915 0.015609161135710588
0.00010453153108380667 -0.0001710176773717376
-0.00034592917283814747 0.00020099493391018488
-0.00030743591784377516 0.00012621668240084664
0.000849750492500638 -0.0005118817293707766
-0.0014547804520244417 0.0001496059556648737
-0.0006880440811210716 0.00027661807640323613
0.00041868703464524706 9.595721676433804e-05
0.0011493043115979704 -0.00024306557929129556
-0.0014868727251252615 -0.00032527344974665187
-0.0004987701972308653 0.001152487414591044
-0.00038574458675228287 0.0003520454208154782
-0.0011251470218940705 0.00025737438034269077
0.00022465073834445937 0.0012709981060669935
-5.238833357609064e-05 -0.0005196778559786682
0.00034210238806861446 -0.0011659160181536627
0.0003832537656728703 -0.000523726824799563
0.0001996165220852703 -0.00038037965125245114
0.0002007688315081013 0.0005346022042371093
-0.0003545439774395967 -0.0016469738603467853
-0.00021847409623248563 -0.0005816477458867065
0.0006128076773315356 -0.00028802645044301116
0.0006021313047450571 1.279460651676627e-05
-8.67878295971089e-05 6.715513950213008e-05
0.0006808446830216327 0.0003779141354986035
-0.00025149028653723696 -0.00044084189950373753
0.00039206134473257227 0.0008799926648650454
-3.6367526284243466e-05 -0.0011233029222626684
-0.0003177574868610478 -0.0004383787825291567
-0.0007281733607000834 -5.453234737823959e-05
-0.0008226000216700516 4.0074032591891706e-05
-0.001181710817608206 -0.00023917974979481107
4.987929066103417e-05 0.0008796925665277819
0.00042429971783132633 -0.0001837697138574958
0.0006020424063795579 -0.0010505872846180845
-0.00019510422867511254 -0.0005200159419379881
1.6953018545730813e-05 0.0008378923168299376
-0.00020728125098081092 -0.0010648021224831648
-0.0011326008817540269 -0.000128016044652385
-0.0004936705459607224 0.0008752716091162288
0.0005169116108406577 0.0008442035853636208
-0.00015056928592642848 -0.0004633616440454837
-0.00032463130203018193 -0.0008406538413218177
0.00014759956674319225 -0.00015237949958829975
0.00043459860642961645 -0.0001488436897983506
-0.0005618756854431914 -6.20925748965964e-05
0.0001245485350598036 -0.00016680691735328478
-0.0006348435529299781 0.00010956165843106311
-0.0006163000730740215 -0.00022489779768951497
-0.00046976428712553153 0.001065512695547748
2.845276572230697e-07 0.00031465816964422336
0.0004209969300146217 0.00077849240387907
-0.0003223789161027003 -0.0006700495348639486
-0.0002928183384764319 0.00014862463259089558
0.001489234110152764 -0.00104439512947559
-0.0008702326138670007 -0.0008650071922730648
0.0011937113355980295 3.850542328425825e-05
0.00037750220754807155 0.0012458088784969125
0.00025167069928070984 0.0003977596572481263
0.00041535685330800664 -0.00041011610347108053
0.00021410406891183404 -0.0008363557911565978
-0.0011504610525965289 -0.00038558501164811143
7.796263847735585e-06 -0.0012821212478505565
0.0014474935994584783 0.0009031578291457611
-0.00031273941932324234 -0.0003016573961596987
0.00019290419039445607 -1.6232666464876376e-05
-2.9750950875937547e-05 0.00016967908548687086
-0.00019760804174153343 0.0001601612320057243
0.0010278985615182167 -0.00011909379980963125
-0.00031499995558282744 0.000996278183986422
3.394587603254522e-05 0.000918767890103438
-9.201869667737426e-05 -0.00047312758460729004
-0.0009732171477935001 0.001182931924865286
-0.00027453267746980684 5.886995139899579e-05
0.0005888475067530051 0.0016383030647778441
-6.652747605679794e-05 -0.00048044499897458384
-0.0003364818357900103 -0.0006249880527638791
0.0007898748562093879 0.0008597734033974795
2.5063713102109494e-05 3.449996686712636e-05
-0.001175290224751343 0.0009597945416145218
-0.0016789158142345474 -0.0004130757780751207
-0.0009300033831978748 0.0007329414536449755
-7.99637204271978e-05 0.0006074860911639172
0.001663814415417982 -0.00040246998520238714
0.0008961187270866283 -2.575547207558564e-05
-0.00031744035450923826 -2.9038720628259473e-05
-0.0003806104900836845 0.0024311937520137
-0.0003529196657009269 -0.0010321116661528005
0.00035186261704455476 0.00012954430503729823
-5.504081567533238e-05 -0.00037650745571053614
0.001174559988927934 0.0008081082601284305
0.0007754552296276676 0.00023307040909342528
-0.0003710098541689566 0.0003457775270688479
0.000991389309112985 0.00027092905320477353
4.412761185626068e-05 -0.0001631264850552831
-0.00047275708920376186 -0.0005855158680006375
2.9572367142318636e-06 -0.000865807923693535
-0.00048726768905405236 -5.860304412188741e-06
-0.00019752787566704107 -0.001146149417099754
0.0007902708767263927 -5.550030545440576e-05
0.00012922063604958077 0.0004474370444236908
-0.0001934859999365461 -0.0002325563644884736
0.00025102466801573894 0.0013268433825049256
3.969410737155097e-05 6.996060146069261e-05
-0.00025293676980647593 0.0003619121201176587
0.0005659199376345715 0.0002877224022644072
-0.0003106282124591196 -0.0002360095557468411
0.0008151510371116151 0.0012923997371748655
0.0003310181218810782 -0.0008266076913281223
0.00040396259449547656 0.0005390454421974277
-0.0009152372931483798 0.0006043857917931132
0.00016698831183325022 -0.0001129429082756258
0.0006482753627465602 0.0007116140770971203
-4.229017938716766e-05 0.00014783038964768155
1.864534756078183e-05 -0.0006688251879232739
0.0006356040301085627 -0.0002947451419902461
2.714151333863626e-05 7.606241332782512e-05
0.00015004834298280645 -0.0001389151351125631
-0.00034181026938826534 0.00017666671966322918
-0.0002355262747699199 -0.0005106772500771306
-0.000623727876194834 0.0006171120981643217
-4.164487607550292e-05 -2.3858407533271003e-05
0.0006141499909739905 -0.0003058806482317192
-0.00022657016185667972 0.0006959558861311274
0.00020884761672423745 -0.0005251052399642886
-0.0005348147071740072 -0.0009759445683601545
-0.00019488986012876426 -3.5577466387418616e-05
-0.000159137392490381 -0.0002209448591604454
-0.00033689254581237277 -0.0004460428506831835
-0.00036761803071497397 0.0007379232334878723
0.00018752309796414194 9.543190647541894e-05
0.0005944486253060363 -5.8115323081176004e-05
0.0004876318132552285 -0.000200342571777804
0.00016151821533326718 -0.000407457453826012
0.0009322538964222271 0.00022109863697825522
-0.00040473462099446583 0.00047873358920937786
-0.000589892144755479 0.0008025824210142722
1.8113014248572222e-05 9.240485052741299e-06
-0.00047473319925846267 -0.0002889706517907447
0.00031039231910837746 -0.0006504205284655498
-0.00043534654767050175 -0.0010505319484200525
-1.1810447770260142e-05 -0.0005821910977575408
-0.0008333003218122239 0.000739670318696189
0.00046130693329317894 -0.00025041958809830285
-0.0003421365295949584 0.00069235895599072
-0.0009440963865858692 0.0008564358592995645
-0.00024006145362487358 0.00020800153654075535
-0.0008925488550528207 0.000104316806415776
0.0003433476697991567 0.0009315538055162287
-0.0007478876859369205 0.0013044616987620166
0.00016543140034447291 -0.0007981378630213574
2.4336436861876154e-05 0.00029302007175873053
0.0005166031974398096 0.0002844564872395863
0.0005206442729155081 0.0008406823489237781
0.000506167285255197 0.0006541899767226939
0.0003487884696332463 0.00014454280486494292
0.0006525449281337544 -0.001200762945830557
-0.0002864674070518643 -0.000314315392659952
-2.6899489445540288e-05 0.0005294139899246892
0.0009217797628442207 -0.0005443864062602019
-0.00015678273201407309 -0.0009833333810290558
0.00032414172981625204 -0.00031298606303707406
0.0002450208460154176 -0.0009071584267948843
-0.0011084120842724183 -0.0005711444830242441
0.0003681796028385554 -0.00016352050683712452
0.0003292190492173831 0.0008741350412511164
-0.000762359320145273 0.0003888078114638257
5.000548807191655e-05 0.00012298952582170578
0.0008713862870766136 0.0007650044488163623
-0.0005734652396518965 0.000909959368044521
-3.806197531998572e-05 0.0005587802451810954
-0.0002230199138501408 -0.0007278240114118057
0.00040052567198489865 0.0005486402319579269
0.0001710186276791281 0.00017025408687962911
-0.000676129662061584 0.0005086280214799769
1.3876121169873128e-05 0.00049854776980281
-0.0005081480927487974 0.0002683709369136145
0.00035365887067538825 8.673290071577811e-05
-0.00019002981154751734 0.0008618061192556372
-0.00027681253254686645 -0.00017529618448092375
0.0004550744679933108 0.0004356157652609538
-0.0009667793554570912 -0.0008549479791406686
0.001604651159945045 7.162097874380365e-05
0.0003630271737152264 0.0002518403000958786
-0.00030025118780486093 -4.400899401720208e-05
0.000620734210958344 0.0006244783137830171
0.0004678585772244953 -0.0009513531260791562
0.000584844484148005 0.00026433947911071783
0.0006945910803738246 -0.0003763323214539913
-4.3545884011082907e-05 -0.00013266603070594146
0.0004773633136659727 0.00023401602899202477
0.0005343294887277765 -6.083792417237945e-05
4.794078640656202e-05 -0.0004964505834305939
8.435177775443482e-05 -0.00014225200180749357
0.00012908475814003254 0.00029883903174444726
0.0008067158411110482 -0.00010154319023187883
-0.00041398950872711547 -0.00020386221068726757
9.087121137636192e-05 -1.88302130478924e-05
0.0004261717671013323 4.7832869093415174e-05
-0.00048562498854370055 4.25722977197246e-05
9.748165950605958e-05 -0.00038124627535985744
9.610673097813748e-05 -0.0010803929909704124
0.0009743029956610739 -0.0003723838280878775
0.00029699377816507053 6.690936423687644e-05
-6.485174788007138e-05 -0.0005984754285303866
0.000704220918803472 3.645664037295544e-05
0.0011728438931175632 -0.0004752775029966448
3.872582698377745e-05 0.000281175815319236
0.00010444690085484036 0.0008233502962610458
0.0006389869951809056 -0.0003949713855325555
0.000520309450426546 0.0005051030691391139
0.0004633653064615362 -0.0006798355881237953
0.00020397540814136463 0.0003419134686154654
0.00012758103761353288 -3.3135765266116346e-05
-0.0003628555399130285 7.099773313781436e-05
-0.0014558385251920414 -0.0003611356370432153
6.506980489677508e-05 -0.0001062324623007251
0.0002700651708061195 -6.449036634966717e-05
3.8743968314801414e-05 3.777179365615432e-05
3.1188135291455875e-05 -0.0002774208792074226
0.00026624090302614583 0.0007405272468278372
0.0007024116668708085 -0.00017185390463712646
-0.00013494913596199314 1.5304669702103816e-05
-1.51718916238033e-05 -3.139374265577022e-05
9.550699099040315e-06 0.0003115072170799125
-0.00040287824603173065 0.0003907157835047846
0.00019397530251772196 -0.00046189625502968346
-9.141418152620646e-05 -0.0003247603905273801
0.0006019629198687606 8.665583281724699e-05
-0.0011893800783980388 -0.00017678748372092584
-0.0008092165327945045 -0.00010012466012779605
0.0007614279747901188 -0.00023428851273759438
-0.0016099369804234767 -0.000470026999733996
-6.416528770588298e-07 0.0004594983440957219
-0.00043574259405405896 0.00039444680653303785
0.0006008365581012812 3.246346844107828e-05
-2.605536121710733e-05 -0.0005680289469909628
0.00013313381151192855 0.0002801929475460153
-0.0003947438480703129 0.0003769296143031275
0.0002373066652255964 1.090222302124184e-05
0.0003571831913684644 9.89393656264774e-05
0.00037050361561101323 -0.00039082007031957606
-0.0001371957747843339 -0.0004353177516409227
-0.00017093031118888777 -0.000217476818691799
3.308068566763309e-05 0.0006523511507796426
-0.0008114691357924848 7.979625761824344e-05
0.0003667482193642521 0.0012427123534668736
-0.00021609894064417772 -0.00019831143677897118
0.00016735724659633263 0.0005201372112226474
0.0005071100535220079 0.00019683126475569828
0.00034661468691268735 -0.0004055369415134194
3.09537793634653e-05 -0.0012059964783007159
-0.00031984091770314985 -0.00017522539916014042
-0.00043040626422412255 -0.00032094270681351034
-0.000278678955923047 -0.00019135109031124704
-0.0008982298914104002 0.00019301221625530362
-7.554122926851856e-05 0.0005826532772276849
-0.00028621002750150206 0.0006839598068121966
0.00041919119268223477 0.0005120038283686094
-0.001302403314329256 2.743338105897094e-05
9.656539852743464e-05 -0.00016547970101870154
0.0011393377875991934 -0.00021003874123572065
-0.0009228202418307558 -0.0002974008182092328
0.00031021161582188905 0.00014891461104192227
0.0007097648202053634 -0.00010941941954104126
0.00023072235601004882 0.0005852477854114645
0.0003410394328656921 -0.0007755184533761397
-0.00044924146795280575 -0.0003405156650808968
0.0007278909708754844 0.0003019582750799544
-0.0006887452588746583 -0.0004247903310690192
0.0010768676161810656 6.164938937851139e-05
-0.0008262948286141853 0.001076033920786713
-0.00012980458139300136 0.0016117812768783111
-0.0002086469159685425 -7.257431246327502e-05
0.00033425010892921896 5.8828807168022796e-05
0.00016649251730873084 0.00029761694103247195
0.0014378475751377615 -0.0008654087248318764
-0.0003010338095069567 -0.00019758757253606195
0.00012968273843316628 0.0010602850061941383
0.00039720769850259735 0.0009584391236953921
-0.00041114329573355564 0.00046094648554698315
-5.813129582936985e-06 3.671141404399209e-05
-0.00040215964981716614 -0.00015671731390511185
0.0005883269507502912 -0.00042930498021202313
-0.0009408010069126258 0.0009327999362373071
-0.00030207123188582305 0.0006546267990027793
-0.0007239828594854197 -0.00010481073830640108
6.477535459332224e-05 -0.00037537991986842987
9.821498734993371e-05 -0.0003644379863475063
-0.000548684502818987 0.0003177043770406928
0.0011544862207683746 0.001454510309099508
0.0008878317893709655 -0.00013310147226567969
-0.000703275210696009 -0.00041165072121308367
0.00042731871783953455 -0.0007384206538340449
5.766536039534341e-05 0.0005528773903253028
-0.00037393369096293694 0.000366993293159685
-0.00018091754399588336 0.00018469238033563348
1.8858625983174862e-06 0.00022956095774486542
-0.0009875838129377393 -0.00013466806953202766
-3.62515268871566e-05 0.0005468442860776928
0.0006363523830442559 -0.0007201593383408243
