5.366645673070771e-05 4.65141373566911e-05
1.1783621714855393e-05 2.6801586503886073e-05
0.03111800230645127 0.020705592792125894
-0.0006838703517154555 0.00032901156712443556
2.6873543288494154e-05 1.1359428588278922e-05
-0.0005428616213646189 -0.0006284391459993701
-0.00048148587332083663 0.0010495285969527135
-0.00040177240340858665 -0.00013476992624181705
0.00044351921173133116 0.0007752681989235873
0.0006765576804531126 0.0006926467422033087
0.00012500587325189934 0.0006310515435363008
-0.0012436230407461921 -0.0012806081856421615
-5.3874570997971995e-05 0.0015405240826809844
-0.0002245216448201513 -0.0007982909517803982
-0.0004878365415638567 0.0007849716473760308
0.001246629973499747 0.0010456766114804337
0.00033092009147970517 -0.0010257261857541883
-0.0006211741875552621 0.0007310859716618166
0.00028642611366725947 0.0023445229423443956
0.0009513277444938823 -0.0003768045365506689
-4.417169363431667e-05 -1.375923156784758e-05
4.769005977862452e-05 -0.0006757854560572801
-0.00016057043615335184 -0.0001289545409228235
-0.0007230668428181672 -0.0014039956592470375
0.00012718484371612886 -0.00017650001827273012
0.0008276593968766204 -0.00012074810093526154
0.00028518386833992893 -0.00014883371227931383
-0.0012845501755072521 -0.0011577499593806613
-0.00010375757869316011 -0.0016377000532446346
-0.00018583488174185657 0.0005817013250612136
0.00017510829769425306 0.0002437413542056891
-0.00018445514578368242 0.0001851205648775113
0.000492629683134869 -0.0006281906590643461
0.0012171940221276532 -0.00019826213982804245
-0.0005519127698492439 -0.0007078602000837308
0.00010036403034110086 0.0002238699771165425
-0.000488032525054866 -0.0006418922400444105
0.0010103449830499022 -0.00045043492430961863
-0.0001577537877857226 -0.0002768941407675412
0.0005219957810805054 0.0003859300164425401
0.0003027990904957093 0.0011751617503033128
0.0002964829122964319 0.00021455931171569196
-0.00029980548621790935 0.0010315224195218615
5.732603623795978e-05 -0.00012318957463659428
0.0007586574306509647 0.00034136143913470455
-0.001114116221444704 0.0008222299730937112
7.31082872203495e-05 0.00015298369611979677
9.924611561291292e-05 0.00034508197516878016
0.00020045360157861585 -0.0009950878866763725
-0.0010169346607381584 0.0007753873298966796
-0.0009255866098990756 -0.00022679799495950513
-0.00022843500919914004 -0.0003799361660302169
0.0005023178359006268 0.0002820357801297188
0.0018320165947963692 0.0002632648964474339
-0.0005901255344501548 0.000302689240286521
0.0009151329820506711 -0.0006822718621963271
-0.00040696252167755383 -0.0009152418300009175
-0.0018407310401812853 0.00015825752044709842
-0.00012906567097132677 -0.0007013881618011161
-0.00036955654745138213 0.0006966154777525931
0.0006594365628089805 -2.6346154438614995e-05
-0.0011003054501995471 -3.166748912554856e-05
-0.000832370000978099 -0.0009317040146891455
-0.0002806312114301366 -0.00037904350961187236
0.0005521106045000447 -0.00022230873733320336
-0.001037315072913129 0.00014124927482877706
0.00025505718807302904 -0.00047381191835353773
0.00027635853623936345 0.0005127389284976342
0.0005444646792386895 -0.0013596806617017895
-0.0005901407999018807 0.0008822402255250765
0.0016595619735533477 4.9000153448390637e-05
0.000629654796011804 0.0008599972905610175
-0.0006035495441572047 -2.1378278397582014e-05
0.0014948771870511135 -0.00011132496164952524
-0.0004194171926737443 0.001210861983145645
-0.00025242942150560514 -0.0004041916395847782
-0.0001712431049548214 0.0005835622330657167
0.00033681745388867263 -0.00030413409045559013
-0.001963328317867494 -0.0005970759436857607
0.0006086417609279064 -0.0007433406078693635
-0.0007482869450300738 -0.0002824257114425286
-0.0005196635266749379 0.000567531811266971
-0.0007803420807589268 4.052469244722371e-05
-0.0005575931742805054 -0.0007948088451324417
0.00017648028819111132 -0.0005826681753732618
-0.0017066773301972372 -0.0004919040823684335
-0.000756878028222581 -0.0006426334437688355
0.00034821528839648955 0.0004902997415787883
5.1357037155711975e-05 -0.0007061767640308638
-0.00028441714767217036 -0.00051580748114683
-3.2734439887072774e-05 0.00011418290298560111
-0.0004262890081299423 0.00014091482166177634
-0.0007229957979986356 -0.0001510800372679592
-3.388596247730027e-05 -0.0002864916315390499
0.0008532711215247018 0.00037619297502807376
-0.001329851516136353 -0.0004997227576812741
-0.001319534964440564 0.000555532155499844
0.00015064306170256285 -4.7118167514555285e-05
0.0003555157753122389 -0.0006050737636009347
-0.0003356844699819495 -0.0002882198288524718
-0.00017300551831558853 0.00047800536680479166
-0.0005679890714125092 -0.001189870350738235
-0.0001207161008321527 -0.0006000698689761832
-0.0007864071420922026 -0.0013190212121412697
0.0007675685764577967 -0.00015488518111374797
6.0793121742094344e-05 -7.40203218341851e-05
0.0008675227847873555 -0.00017205712385983098
0.00048320300156556634 -0.0005566227543699835
-0.00024520375342558623 0.00011926618244492437
0.0006275350688805868 0.0001824468784171604
-0.0005823034703492711 0.0001562574762726723
-0.0005520086681908892 0.0008967288277729957
-0.0009426709683088697 -7.695694227561066e-05
-0.0003206079792216707 9.009444068935105e-05
-0.0003631917687166045 0.000655953734790404
0.0007916504081066379 -1.3087543867912271e-05
-0.0009118443695072833 -0.00028313166201988097
0.0001880063462232028 0.0010163829559692373
0.0008092787079360057 0.0006670105685925537
-0.00018053860239621955 -0.0012575693575063798
2.4233511038917326e-05 -0.000651407749969204
-0.0007852125753955672 -0.0005452681460039035
0.00020415009731377412 0.0006390652240009884
0.0002947661333415544 0.0004282258592062421
-0.00047439321764018624 -0.0008176348601328167
0.000542959649277006 1.7025648595731634e-05
0.0008338438210934577 -0.00020291529174852813
-0.000776066356887562 -0.00038973594211954253
-0.0012810028461064274 -0.00044050637032946925
0.00044532815254144366 0.00020456061129732098
7.812134391456082e-05 -7.448327568370605e-05
-0.0011684309570517513 -0.0014849541768502585
0.00018432628790294417 6.086420067999557e-06
0.0007175219259445876 0.0002590104190868347
-0.0010059738269887822 -0.0004856137426866291
0.0002413552018133498 0.0002283785593326762
0.0003915375259610658 -0.0006557864583631737
0.0002844919174571771 0.0008699441969989297
-0.0001641217024516975 -0.00012128618583770039
0.0003629912826655753 -0.00029954740762238604
0.0009052748131588597 0.0012154588375563752
4.791315379474166e-05 -0.000432384026670257
0.00011175680298537473 -0.0001883471616886135
0.0005040901723516347 7.072682998458409e-05
-0.0002105525193669507 4.192640792914655e-06
0.0005804165133980702 -0.0003971246792797872
0.0003904682597269904 -9.434991351362529e-05
-0.00010326344509010886 -0.0004393883533465368
0.0002116454557472777 -0.00022857585200689563
-0.0002220233150718696 -0.0004743297940753454
-0.00018742509015840008 -0.00018206091476302558
0.00010858050663011173 0.0007108060478337126
-0.0007082431380332145 0.00037743626196295196
-0.0009714443354746411 0.000514902523852677
0.00020561282265306815 -0.00043580866599807395
1.9580482990009623e-05 0.00029273795648188046
-4.468731069027872e-05 -0.000713774485626619
0.00027657536755745505 0.0004303598629631789
-0.00013066304770721024 -0.0008034054156549993
0.0010294357256843566 0.0001236224507422504
-8.382841757087173e-05 0.0003973425866874353
-0.0003233981482421209 0.0005131521835116294
0.0005272692604452139 -6.8853212577422e-05
-0.00025742133699217736 0.0003857963017616306
-0.0009288758203965926 -0.00025466451178483135
0.0009541615930623644 0.0004389989757352595
0.000294488436837802 0.00021229685885286188
-0.0009208408983393924 0.00018845075081138515
0.0003816465768589785 0.00045869057032043757
1.1577099298190492e-05 -0.0007332621073130767
0.00044925724000046893 0.00039637679946815085
0.0001997742632941286 -0.0005222130699313189
0.0010545607478976888 0.0008676519746440556
0.0008670573641537803 -0.0005070802513388135
-0.0006359192146908536 0.00048705062242646914
0.00021878589851798038 -8.619136848293145e-06
0.00012970289175342554 0.00044419701468224215
-0.0009074892006508029 0.00022294751737579377
8.321834966918818e-05 1.6354218208568888e-06
-8.964210817517225e-05 -0.0015189093321587841
9.222733827747927e-05 0.0005749179970709249
0.0003446254233770305 -0.00030217869083352396
-6.624751534779979e-05 3.221562718119311e-05
-0.0008362605056379498 -8.937658780300936e-05
6.23038233719071e-07 1.8854052295457074e-05
-6.86738439404204e-05 -0.0001667480079541383
-0.0005919335485427758 -0.00042795269262229074
0.0007312108094250192 0.0009409481431468851
2.7992760110114074e-05 0.0006013436857892035
0.00010113189514033103 0.00017092306281613382
0.0007725096487138634 0.0012167548135589045
-0.00010661915575625946 3.404108877647442e-05
0.00012759460784922565 -4.764944598355854e-05
-5.1962200622632956e-05 -0.0007083821420517698
-0.0006826541365090147 -0.00029185966289300454
-0.0009047114060481041 -0.0007144192576107328
0.00016223223692179542 0.00015090417564393052
8.986045061480171e-05 -2.449973082769668e-05
6.561546975129418e-05 0.0008249537237320723
0.0009270841287760841 0.00038785633719233824
-0.0003101170172972314 -0.0004831597503103379
-0.000913983885503201 -3.7948580861337257e-05
-0.0010573927245428622 -0.00022978283208383916
0.0002449357680744789 -0.0006458862160353886
-0.00047122900403368434 0.000162269170188636
0.0005817521676074454 -0.0008060382581298081
0.000224279107287357 0.00018676235520111395
0.0006724928862351258 0.0005176253976257254
9.549798690337278e-05 -0.0003434706942884066
-8.358021000730638e-05 0.0006453351033969261
0.0003837018698436016 0.0006942516885707266
0.000139819313558418 0.00045780392279777657
5.289528372424344e-05 2.8907247458446288e-05
-6.744036237261456e-05 0.00023599246722277864
0.000865410028494176 0.0005712070967536462
5.872040396935409e-05 -0.0012923262394833942
0.0006332824512415976 5.65916935515091e-05
0.0001653949649349816 -0.00010669414463567893
0.000291361076457289 0.0008447109895721822
5.172444485899408e-05 -0.0006265185075041183
0.0003103100489992264 0.0007425909405104329
-0.001012426090056908 -0.0008584495113566391
0.001146164573665311 0.0002926519832416463
-0.00048265455253608194 -8.961593712320189e-06
0.0009063177028702682 0.0010033634888575046
-0.0002562524301609669 0.00028463421400419823
-0.0006322847488087834 0.00013079636693929245
0.0009289248131150331 0.0005561083385630402
-0.00022594665002361166 -0.00011969836562584132
0.0009471577360162726 -0.0003068029032662109
0.00037502472978560923 0.00041000136308651464
0.000574571956704832 0.0005666028077253097
-1.5950566565772025e-05 -5.402416106460911e-05
9.106894927203323e-05 0.0004431369914719086
0.0003825051926879756 -0.0008762097981420362
0.00037728539088712013 -0.000595880186121536
-0.00015888040739246785 -7.092200327562829e-05
0.0005519403900023614 0.00034720238769937815
0.0002177588062945967 0.0005064175777722508
0.00019435810700638327 -0.00014411189822977042
0.00041922943314332467 0.0007634134447243688
-0.00021456456895255338 -1.0177353608194269e-05
-8.460329249141605e-05 -0.00012038824892619816
-0.0004210763435269685 0.0002788053194699873
3.178084652394148e-05 -8.387481459341733e-05
0.0006164919265016994 -0.0004502806966348789
0.00011522239259075903 0.0003012810438706308
0.0012260819475249658 -3.4555732191530066e-05
-6.597720626725655e-05 0.0005467776299979096
-0.0005662962825671375 0.0005305281628694104
0.0007470711501387407 -0.00033989201235448994
-0.0010575799573049535 -0.00022988980782120096
-0.00021946122868364952 0.0009432099879992891
-0.0005600286417837864 5.942742830736241e-05
-0.0005306754617647497 0.0005282080654978379
0.00010620333379121007 0.0005426825034808992
-0.0001735173516419363 -1.3519127604363938e-05
-0.0002742668721644612 0.00036593776079497074
-0.0007120950253893709 -0.0007808839962692761
0.0005954535561987193 0.0004660435964859194
2.4571884026665482e-05 -0.00010208462421048527
-0.000685441407074578 -0.00010231355569346785
-0.00019017926655904172 0.0005548853561070177
0.0009917903927184986 -0.0004479233409299326
0.00043691627405255 -0.0009516854605062249
-0.0005938382223877462 -8.092760521601331e-05
-0.000517996690742999 0.0013572520346072708
0.0006208564123174422 0.00032405339411927864
-0.0006898867450898178 0.00023692884967958173
-1.3137523085756613e-05 0.00039835157676507073
0.0002735069285178562 0.00046243926201752425
-0.0004349845796002199 -0.00015297388280067107
-0.00039838562568336034 -0.0001788511557521734
-0.0003515935259817269 0.0008503101514269516
0.00017610928003167954 -0.0008431663685767369
0.0002223764405680235 -4.957339242519392e-05
0.0005212913586881871 0.0004406141096305762
-0.0004324551269477279 -0.0007159266963706562
-0.00016553726047000862 0.0002646543539865574
0.0005573266809072985 -0.00041019280619889034
0.00013605792312407442 -0.00013999138717754166
3.663231434308332e-05 0.0007036268421431656
-8.164998235202831e-05 -0.000688478696450564
7.611019547572912e-05 0.0002194562017659097
-0.0009496926554217742 -0.0005503135781936288
-4.474111356312873e-05 -0.00039008784497741584
-0.0002712331017705293 0.0005690557346744203
-0.00032612823242075025 0.0001841885583137889
-0.0009885520294401248 0.00022624549708413256
-0.0006000288157197648 -0.0005926306626981047
0.0004920884661338021 -0.00046679456528452083
-0.00022306596480960284 0.0002897647381741066
0.00042276965103205203 0.0009509829967675075
0.0004580478332457186 -0.001050645481415339
-0.0003006996526922558 -0.0005387356692613867
0.0002672045936778044 0.00042403304156606107
-0.0006233549494159969 0.0006029532287625882
0.0005331399101393088 -6.149309631253317e-05
-1.8052233611870665e-05 0.00038689547889920594
0.00039715136733254876 0.00018389633203880491
0.00023174371693538976 -0.0007679329606380937
0.0005700171121451464 -0.0004904923474283165
0.00046007958648658164 -0.0006364261700938504
