3.908098938206054e-05 1.5822042860932534e-05
2.645210338326726e-05 4.5123638029392375e-05
0.014713007011192252 0.02819828346219795
0.0014047055976108146 0.0008397875796822553
-0.001029190342864186 -0.0005432462346447464
-0.0005197719989999165 0.0006614160621778027
0.0011635764648735463 0.0007754968505701807
0.0003074875643221234 -0.0003836813799206923
0.0011416582708586149 0.00013099000794146123
0.0006309907757881301 -0.00012349332135679517
2.063375363505619e-05 -0.00032154463852111564
-1.7413101754663673e-05 0.0008719491871900465
-0.0006243356676442985 -0.0007725313662484374
0.0005211795471985115 -0.0008594269766546171
-0.00017513656396295367 0.0004064011698690479
0.0001525872770463245 -0.0004080835829916445
-0.00029028556798342596 0.0006296605287775973
6.578423823946757e-05 -0.00023030044585623918
-4.444021645123608e-05 -0.00036598659626520215
1.811351243888713e-05 -2.1939334539519247e-05
0.0011144107255347951 -0.0005945066847790323
3.9449681332197205e-05 0.0016677830237165072
-0.0008457846792667018 0.00016391316740699434
-0.00041573033678791836 0.0007930124806495465
0.00016894720327234827 -0.0008899302209450121
-1.8958317808550286e-05 -0.0010903606061191708
-0.0007328716834915171 0.0006657796841940062
-0.00018491304734878235 0.00043090799044667315
-0.0003059793546162637 -0.0004810806702766032
-0.00043565353630471845 0.00224395945665576
-0.0003789008824095185 0.0007050127303994399
-0.001368237228135939 -0.0019003097230716867
-0.0007983648630857867 0.001998762756177888
0.00023634914827318776 0.00037021403918189157
-0.0005154716310309713 -0.0002914912099190592
-1.6666835348397902e-05 0.0007671990707342416
-0.0003216221966313019 0.0006442653336328724
0.0009637553676270223 -0.0005877298380576644
0.001573940808377183 -0.0003556602972614729
0.0004928879334796984 -6.3743926052667e-05
-0.00045960347461644125 9.612514145091551e-05
5.932751390570259e-05 0.00028212734025321934
-0.00016513664437536884 0.0013904472724784488
0.0011897447378250406 -0.0008700598932750643
0.0009463441101773457 0.00030561864092478207
0.00010967710302317886 0.0009288401757672565
-0.00021417005622899647 -9.675961279204325e-05
-0.00016782271509348433 -6.308186172424581e-05
-0.001705985752642955 -0.0008925893529590139
0.0004214746631671222 0.0008249009485085879
-2.807764680323129e-05 0.00015218991144587914
0.0003328650303281814 -0.0003454542614285049
-0.0007072436394344483 0.0004228327256871382
0.00044986251401416845 -0.00104492623322894
-0.001014360634448661 0.000674416584185749
-0.0002515840364378157 -0.0011188728974992376
0.0008310901876691514 -0.0005507086699004129
-3.3879082053762214e-05 -0.0002945565380746582
0.0005122355408274139 0.0012539095093912396
1.6969114434899697e-05 -0.0003700037389710335
-0.0003405569314452507 -0.00047214905706709134
-0.001023374998005101 -0.00026139190592418347
-0.0006218768906487881 -0.0006098892569353925
-0.0003063411622737573 0.0004602594916524221
-0.0011417926548819397 -0.001178160500530486
3.609366668851413e-05 0.0002788265542482895
0.0003647526255068377 0.0006360628233806645
-0.0008160261109665699 0.0009746478337494232
-0.0006004612884375363 0.0006724060164025161
-0.0004188495748125718 -0.001409848321147216
-1.9833385762788407e-05 -0.0011759675630498441
0.0008375035288183506 -0.0011079758461909357
-0.00024710661763996123 0.0007868028479647874
-0.0006474231341787864 0.0009138033926717764
-0.0005484704535971712 -0.0007366866916323185
-0.00013641167483893386 0.0003154706019451799
0.0015662943836010318 0.0007337425915031928
-0.001197601061885683 0.0011175926369949006
0.000883436629850999 0.00014134439428028646
-0.0003042274491538099 0.0002806310677696253
-0.0017778243192025157 2.3664373325823234e-05
-0.0006166359888858903 1.370591397126398e-05
-0.00033352476544403083 6.073746879922202e-05
-0.0012064170989809833 7.265751308424294e-05
-0.0006970325871213781 -0.0008113928293255384
-0.00037611305942850186 -6.298328899164906e-05
-7.679773637665439e-05 8.510816947399923e-05
-0.0005580177908222999 -0.00013168356344614888
0.00033170348649904925 -0.0005390435872720267
0.0007733842693654725 0.0003415414803993295
0.0005763131014608191 -0.0010963043314254504
0.0001373230760259073 -0.0007200631161950935
0.0003253557153246166 1.270425811865505e-05
0.0004468311851143233 0.001139893325070132
-0.0006464859960164913 9.98537438186872e-05
0.000463493331543333 -0.0016455171327567518
-4.860671554158162e-05 -0.0001906652818340344
-0.001827404067638476 -0.0007117402091954461
0.0008131802913532755 -0.00043059874855203744
0.0001739744372005013 -0.0008668491747024053
0.00014633433782513676 0.0009752562684990065
0.0006661339084815048 0.0011626355444631139
-0.001784210230423245 0.0007117458325437258
0.0005417917552497404 0.0006918646407817041
0.0007019846202505224 0.0001935633187552162
-0.00013002487250479667 0.0013244845752102762
-0.0006543262430564896 -0.0008816751756405194
0.0013401243050654224 -4.923725005550504e-05
0.0006289973126700243 -0.0001881599093601681
0.00027971147893950647 0.0006191034785251647
0.0003796302856451991 0.0010709825447783568
-0.0009516305080798519 -0.0003152670808300422
0.0003031040706635717 0.00016455736659457419
-3.5939231525938973e-06 -0.00038019173003017536
-0.00040607860034011685 0.0003772833351416669
-0.0006043406565274845 -0.0005120873953454515
0.0004275147176714654 -0.0004789539169546314
-0.0006072097076612002 -8.164372537717638e-05
0.00037588179587535824 5.04968575509879e-05
0.0004401551230292363 -0.0004468702583234729
-0.0004112435515274334 0.0003543917685776369
8.829388846477342e-05 -0.0010584476585123934
-0.00013791995238643913 0.00031459871568078186
-0.00012380261338708096 -0.0007689187079662023
0.0002268056092736466 -0.00012876062907720982
-0.0006937157808984911 -0.00018021058129501566
-0.00036926875176669416 0.00024405031973822415
-0.0006122562506217127 0.00029322651626044336
0.0004032297219763499 -0.0004576014281891464
0.0002986061234512387 0.001134485003966725
0.0001984006274788026 -0.0006339300885442856
-0.0001582047078687291 0.0004317135975796612
-0.0007036073130317038 -0.0002424617624561727
0.0005133105659720789 0.0007093809134285236
0.0007685028938049968 -0.00018930890360304597
0.00010974544246597376 0.0003113753081298935
-0.0009812276199981176 -0.0010879141549881175
-0.00011189143622171407 9.042321187643961e-05
0.00011746311485347047 9.413070541686703e-05
0.0006442614413852696 0.0003259678232652829
0.0005064206784240177 -2.840018562860595e-05
-0.00011908130838866471 -0.00013149371987392346
4.045441279105289e-05 0.0006245018160217082
0.0008247782730574911 -0.00016990886416886404
0.0003111263597155401 0.00026934244263692196
0.00017493033475064976 0.0002458285423017484
0.0006497173556087137 -0.0004868227547064114
-4.704369735608587e-05 -1.3262440202160898e-05
0.00017634053052249625 -0.0006906784858679209
-0.0005882512942746827 5.629030097352539e-05
0.00011680436893453264 -0.000524060559524382
9.74683405547407e-05 -6.56185898519275e-05
-0.0006821617623777672 0.0015775515936757327
-0.0004944105157288623 -0.00025421963077368575
0.00032195878740640485 0.000510221724253157
-0.00015590071843382152 -0.00034966418726065557
0.0009215437568064674 -0.0009016065282479156
0.0005194974095224499 -0.00048265372402159424
-0.0006833196859024712 -0.0006156024159868188
-0.00029748254957276984 0.00023929633076864837
0.00024162999588535396 -0.0006502674619169964
0.0002789273663682188 -0.00010703781385815478
0.00022363522827107408 -0.0001286101436315799
-0.00019425221276379734 0.0002213389977366981
0.00020308896052912884 0.0003827981194430439
0.00045393840076811247 0.0002398514685864201
-0.00042401209735608384 -0.0005914594646638244
0.0010999529536178383 0.0006896665284272754
1.6817341549453144e-05 -0.00025108536086730854
8.148715627694153e-05 0.0006331255240554042
0.00046747522765181615 -0.00022944084371995962
0.0009968327543888043 0.0003090800977875961
0.00010805451922236674 0.00039509124391758153
0.0012238498669844213 -0.0010323594318773263
0.0003477070192909715 0.00044792255426374694
-0.0007270862157194047 0.0005907948080363846
0.0002772995487725464 -9.133850930518777e-05
0.000198761761846304 -0.00039201382577127425
-0.0003272189879517285 -0.0004304678811146586
0.00011538850867741844 0.0004347616956142107
0.0004784433034575874 -0.0009684399824411409
0.00047763017650801664 2.7517262374664422e-05
0.00020354006876122116 -0.00011883335891485012
0.00020511719357690277 -0.0005616451123400771
0.0006169998993663942 0.0001738398824404752
0.0004796983027950211 0.00113756437705977
0.0003408485208538869 -0.0008013959940201145
-0.000281330295618921 -0.0009877614274860697
-0.0004235393091057372 0.0005491277432580994
4.672754701582075e-06 0.00019133908863759334
0.0012008701961529619 0.0006401368441224549
0.00014378137809532314 0.0002653605738202707
0.000561714709660249 8.9875544867402e-05
-0.0006647915292144 -0.0002659483067672411
-0.0006207773212118063 -1.7847721884291934e-05
0.0003466018370277628 -0.0004140300037565091
0.0005013032028919029 1.6886167350473652e-05
7.283598190688904e-05 -0.0009378966155778979
-0.0002244258263724534 0.001007541555298324
0.00036277874574944724 -0.00012744730189135045
0.00044373392865837484 -0.000937526794465583
0.0005380584068089886 0.00010993263901264543
-0.0003821480069359816 -5.450865585005769e-05
-0.0008690087056252406 -0.0010035348184743386
-0.000643874550619208 -0.00016907325910272866
-0.00014149061243524588 0.0004726373003869029
0.00014037307599810506 -0.0005842077143233989
-0.0006568884950935104 -0.0002670766767615037
0.0003815064112127984 0.00066025363633122
0.0001663918159484606 0.00047785311317911455
5.469313591340723e-05 0.00010805264981496517
9.485774639703611e-05 1.7524244525080733e-05
-6.385635756823091e-06 -0.0006792535018678678
0.0010569677266827097 -0.0006464740207653482
-0.0017257183189072175 -0.0003132248275208423
0.0001518145496842841 -0.00025527059869665143
0.0009235455076788617 0.00036711904397661554
-0.0004702869872141058 2.1234772464534185e-05
0.00038991551469259866 0.0003314842653081716
8.41223816029557e-06 -0.0007356039356678498
-0.0011278491445952635 0.00048773524366477775
-0.0006299106326662552 0.0005810129515860757
-0.0002196469206878882 -1.3996541009237105e-05
-0.0019613926556208035 -6.24608026740847e-05
0.00026436686672681443 -0.0006070072513189874
0.0004065938005272033 7.059051238043559e-05
0.0008945812680855762 -0.0005649711033078794
-0.00018995536839209277 -0.0006036822275280116
0.00020930935058233443 -0.0003891333898645736
-0.0005023796187574409 -0.001239514874520566
2.891221979093871e-05 0.00018283649714498267
-0.0004336268699330349 -2.3146037431750548e-05
0.0007104556964933461 0.0005052540421157232
0.00022631354278678423 -0.00041620156126597537
5.447442250672611e-06 0.00044138390294817657
0.0002717834997853993 0.0003871102215459272
-0.0002636032279674825 0.0004302984578094606
-0.0005563817201918675 -0.0003181940944932857
0.0005623908990520741 0.00011704702698831949
0.00048300453416937544 -1.618323964211387e-05
0.0004039306962261854 0.0004656351255911311
-0.00026184214735608396 0.0008506793773249748
0.0005120538947304955 0.00059050967201358
-0.0013418996235072045 4.6071688624322265e-05
7.966135550426978e-05 0.0007979766218708321
-0.0002630373366383093 0.000632310963551542
-4.879719783120306e-06 0.0008680039146830922
0.000864349693426641 0.00010190913598866245
8.644679981779754e-05 0.0005972905629532413
-8.622093627948309e-05 0.0008996820805425445
0.00037224052149374855 0.00011266675385971652
-0.0002840841080846035 -0.0001322109008653725
-0.0008267149627039798 0.000583029919091998
-0.0007505966561160878 -5.746327198501478e-05
-0.00040542703941164786 0.0007211412751720832
-0.0007136346436987707 7.060415303823835e-05
-0.0003554691966639519 -4.084499309463139e-05
3.234905783307756e-05 -0.0007066500751617877
0.0007760151539845031 0.0006266161461380461
-0.0006718051854804921 -0.0014084513188063928
-0.0006538459172289674 -5.618921141338293e-05
0.000550191133605317 0.0007418092341791239
-0.00017384944847622378 -2.8774468351610664e-05
-0.0008037732608832686 -0.0013983034214621489
-0.0008604154804581364 -0.0008891519872487925
0.0008807247759716967 8.06667438761586e-06
-0.00019227107838553235 -0.0002664077699427517
0.0004007570368899947 0.0009792150236313548
0.0007451585516184525 0.00031197029697523836
0.00048094798663684337 0.0009162557977341677
-0.0007066441213334317 -5.218223060559222e-05
-0.0007604950917011615 7.571794991146763e-05
0.0005985491438724386 9.671470992092074e-05
-0.00038484568345792695 -0.0006593231541188432
6.416799033740815e-05 -0.00016883413968042432
-0.001017285250913641 0.0006954558397164502
0.00010722404819978993 0.0003707427266165872
-0.0005958300753094608 0.00037065674507272446
4.8180169980235334e-05 0.0001515965110819529
0.0008227164178852597 0.0007244277973267635
-0.00015263914250108937 -0.0005221983057670128
-0.0003751163445142638 0.0003533185351213579
0.00017503639218371033 0.00045091936739793
0.0007018274805410203 0.000767676428781478
-8.599389211407939e-05 -0.00021245492402594058
-0.0008266770147986888 -0.0004047727292106043
0.00011629927580274614 0.0003000920304614234
-0.00028130955830151487 0.0002193443202591542
-0.0003863428947431896 -0.00013071159680865446
-4.308950764345669e-05 -0.000178288235978147
4.9877723111111005e-05 -0.0008787178648623541
0.00065706263158064 0.0004874710132824075
0.00045627955058460316 -0.0005990737880287548
0.00029016919907824305 -0.00019801782898280123
0.0003690881742258582 0.0002317216995694078
0.000245566015765499 -4.3892035510344013e-05
-0.00021797914864915376 -0.000501231096836048
-0.0001910805215288691 -0.00031478950529744955
0.00042704296756563583 0.0001968771204994113
-0.00019025077371648678 -0.00046114840238091156
0.0006140378197099552 -0.00011336736241616979
0.0002969308095760107 0.0007908281580043514
0.0005772331349325634 -0.00016848892057263272
