2.0592577005938836e-05 4.493310628393731e-05
4.350152694878111e-05 3.454500890127662e-05
0.025057206124285678 0.018095000850962464
3.0595650366661466e-05 -0.00011358597542449545
0.00026569929542908424 -0.0011347931735790336
0.0008369237035062816 -0.0003043168340884995
-0.0007787162564444541 0.0002791649933133336
0.0006310560514900669 0.0004571116892877544
-9.654933116678036e-06 0.0011784594469047291
0.0007981887289624747 -0.0008673133249468134
7.337241563502077e-05 0.0015155128941984192
5.1651469307654144e-05 -0.0008266040476413766
-0.0004035662620840292 0.0002771002814452757
0.0004261782589739085 0.0004124236439996266
0.0006166343471966124 9.22698619883498e-05
0.0007304810569084695 -0.0007231812674974485
-0.00024047459532526913 0.0009030036473330591
0.00020089270024954863 0.00030147226093693466
0.00040851331783389294 4.112837880162982e-05
0.00030012551641276714 0.0008148796280881354
-0.0004757255243257075 -0.0008393380223629301
0.0011533233092729481 -0.000853768061831654
-1.687453848659215e-05 0.0008585665283030202
-0.0007219379806982632 -0.0011340600295841627
0.0004223888796590446 -0.0016158235147127316
0.001720906262606807 0.0008610249627294931
0.0002511170704521713 -0.000630528096498117
-0.0004330726555964902 -0.00012709932362123645
0.00010916822468823504 -0.00010136072812057272
0.0006048406442760132 -0.0003084131906456705
-5.566594854596189e-05 0.0002657517551421257
0.00038034818695129675 0.0004207745677596657
-0.0005393091307641153 0.0006327118194316559
0.0012116757225624512 -0.0008544105160324761
4.807270514520315e-07 -0.00032788273793566254
0.0007099736290093534 -0.0013889530337605888
0.0005960318420499454 0.0010200899587423592
0.00048133850188194935 -0.000398956503267345
0.0005332079412830296 -0.0007283600647462057
-0.0005142574067482079 0.0006319476143511763
0.00017710035491035303 -0.00013739788155623848
-0.001611193745275695 0.000423609756420988
0.0003834109918953594 -0.00023336399241676446
0.0005023893829941475 -0.0005139934710333265
-0.00010715559125499197 -3.0475284056855825e-05
-4.396078743992339e-05 0.00010299365493614545
-0.00034956303941457615 -0.0009623001811868402
-0.001596210369132508 -0.00016319699031364115
-0.0011574753473710994 -0.0004825378820497906
-0.0003224371948528856 -0.0005913816460666991
-0.0005288110664374445 -0.0005639073142176255
0.0012838635917654566 0.0008245228142463775
0.00014173022923485756 0.0004805468472180071
-0.00029179164150019055 -0.0018882325758828626
-0.0001067212398106334 8.855117865878907e-05
0.0002546025329396541 -0.00020972973213708937
0.0004000981627592269 -0.0013450587526444605
0.0007618992844755522 0.00015581933103240176
0.001319564361315633 -6.58974110336549e-05
-0.0004343009792930357 -0.0007394865275483172
-0.00025716404712828163 -0.00043151654783602156
0.0003732448213244379 -0.0009557402812147992
0.0005442422154478045 -0.00031450205592378614
0.0005263488493545057 -5.5139275000969975e-05
0.00018312611555288603 -0.00014729047469259757
-0.0009629469276071683 0.0008229319627593275
1.7150487287425803e-05 -0.00040364133745187113
-0.0006050346747581089 -0.0010269970904319273
0.0006830266174570522 -0.0001736993500063148
-0.0003274102802278319 -0.00037123317826250524
0.00037745470379359734 -0.00029045701428243655
0.00014918060069227978 -0.0010596753788274435
0.00025237916124818565 -0.0003525166334018943
-0.0008396028435689685 -0.0001072610562049526
-0.0002847487583347045 0.0006533421067408973
-0.000731092966548383 -6.026311794815408e-05
0.001100189695729865 -0.00046251817297162035
0.000763896854999537 0.0011473891493436576
0.0005387663381385578 -5.0089842811057335e-05
0.0016267434279668392 -0.0006959380126050803
0.00016757594326384946 -0.0012448664884130297
-0.001372385453996132 -0.0010010608133363206
-0.00021607111226774832 0.00044206123278223397
0.0003422416221156428 0.000755800781593039
0.0004467244943706292 -0.000257168428965559
-0.0008460819796566002 -0.0005485012076036413
0.00013918263448333256 0.0004414423930112884
-0.0008793855547563058 0.00026125477613993996
-0.0002772653236417991 -0.0003189236996929082
0.00021425552199980216 -1.8440441732694873e-05
0.0005056320299391174 3.095561093051936e-05
-0.0012663480008340156 0.0013784389850543966
-0.0009753761796787283 0.0008374414365215334
-0.00026955366524416413 0.0017169750363270392
-0.0009386091524251598 0.0007082612463662171
2.2666602373560523e-05 -0.0003924101238719047
0.000495223062769507 0.0003806695582238624
-0.0004269568062906679 -0.0005264637904913276
-0.0003122611432425653 -0.0010250701850635924
0.00064016588443025 0.0008602432711063717
-0.0011227733284733185 0.0003230115904508495
0.0002900075722363779 -0.001516634056985934
-0.0002408033288839913 2.9657465820826117e-05
-0.0011520081385673208 0.0006903885890465099
0.0007922955262923275 -0.0006722470356950854
-0.0006307976494408572 -0.0003925350467072949
-0.00016965614004764396 0.0006554489925761391
0.00023051428956361885 -0.00020803775720653172
-0.0005762931400163029 -5.8617400626460515e-06
-0.000940259404257315 -1.768427465576179e-05
9.906189217881762e-05 0.0003146673158920507
0.0007763808152774833 0.00011724852744296342
-0.00046915497344829794 -0.00010038823439174846
-0.0006652747928524559 0.00046130092056503175
0.0003370435968358069 -1.147275933436256e-05
0.0007971684703800808 -2.227409808177551e-05
-0.00037587596204170803 1.784494641611867e-05
0.000551339102269183 0.0004958510927548364
0.00010606411149608006 -0.00010641839426310411
0.00013408878318515695 0.0004026827110143497
0.00033501092036679147 -0.00010130898896733404
-0.0006112626614613445 -0.0006154241751793138
0.0004481792348377555 0.0004395577933957026
-0.00011049910597726744 -0.0005033286076709599
0.0005290607392975788 -6.0267151336375e-05
-0.0007837601663738083 -0.00015924059190315876
-2.276107494337806e-05 0.0006021985878396519
0.00045592095610719386 0.0008878726942257736
-0.00044199147577035484 -0.00038098187755028446
0.0005239505860782459 7.387738909605214e-06
-9.576803016475739e-05 0.000438236168130123
-0.00016115003960219513 7.166705477115954e-05
0.0005410067748089345 0.0005152624255405534
0.0007718240206684141 0.00017918305765169851
-0.00020497767867300897 0.000542718880303151
-0.0002713385181048357 -0.00011267837024070338
0.0003696360195133481 -8.08104210862395e-05
-0.0003695078119012012 -0.0010817822974124695
-0.00043809887646104495 -0.0005616175256322037
-0.001182113785925428 -8.163004317768636e-05
-0.00015647485748679216 0.0012934288558042316
0.0007074525501993042 -0.0005064646406102357
0.00015555491210214142 0.0002290300833422044
-0.0007085651372249965 -0.0005896531196774328
0.00015810520435027194 0.00017770067451348249
-0.0006906708933638456 -6.953245902468103e-05
0.0003048391672521866 0.0008052660244305524
0.0006316306488099626 -0.0005195768315989316
0.00046720538720711186 0.00013925255179794696
-0.00043714936596006906 0.0006655465634362297
0.0019601371580064246 -0.0007883016748615926
0.00023476178409835804 -0.00046783357084303464
-0.00034645843921108835 -0.000874487426842116
-0.00010051996193061655 -0.0001666053805610791
0.000546563260507064 -0.0005132695466749015
-0.00021671784657908 0.0007199846214835621
0.00014045905944512428 0.0009772211149399526
-0.0010511595924684314 0.00044199741586225215
0.0002660675956307269 -0.0001983060022775996
1.58731178002496e-05 -0.00012215394210408713
8.829388706963863e-05 0.000199362449444086
0.0001773569428861604 -0.0003460693919512439
-0.00031664480726869117 -0.0006595358362074024
0.0009766901915457837 -2.868201440396695e-05
0.00039748386500151835 -4.5494210360509795e-05
7.12253817423218e-05 0.0001674049569538222
0.0006093406465204315 -0.0007929138060444133
0.0003000551005241348 -0.00045097318495282125
-0.0003167187525082989 -0.0006989576013234824
0.0008465424994128802 0.0007895999997440706
5.2092848396813e-05 -0.00034299182846011817
0.0006249920122161536 -0.0003239365636322011
-0.0002849821965937187 0.0003957940093892593
-0.0009018861798076374 -9.730666527507642e-05
0.00019503852386313467 5.8816320414328256e-05
-0.0003424905283147952 0.0007985710577612523
-0.0001489163989670618 0.0006703835857782408
0.0008124763750226743 0.0004440811634842653
-0.00030940960578668125 0.0005527772852007016
-0.0008206568846538264 -0.00048774189009002456
0.00026872184320234717 -0.0004781638648166404
0.0004031566185520284 0.0005964795355927383
0.0009998355206996582 -0.0005990130827100902
-6.4243668101432e-05 0.0002312101331711373
-7.186131307952992e-05 -0.00026867009686655686
-0.00028937786187783175 0.0004968695865773117
0.0010436108648078154 -0.0003477336929550125
0.0010660023103790804 0.0009519731238476856
0.001162745269215054 0.0002060015624240449
-0.00015424357304784996 -0.0007270832385886637
0.0004842419444572809 0.000823641765888137
-0.000837131605077397 0.0005606426399781491
0.0004650396263528857 0.00045885457686257525
0.000777465262975708 0.00019915914909172271
0.0004908304217285709 0.0004799347493986282
0.00025389072650306533 7.327143574395506e-05
-1.0823565819307384e-05 0.00012739626134010732
-0.0002486502634665615 0.0005137323907128496
2.193986403649248e-05 4.9230514481352047e-05
0.00032825794146877743 -6.570259943634183e-05
-0.0003468256380801112 0.00016349142544878212
0.00040143311808729507 0.0002039794580061176
6.0313487067626706e-05 7.879056809008657e-05
3.562921546593749e-05 0.0005046365338126057
-0.00018930158845130465 -0.000725011496654996
0.00021486178982529233 0.00010209453008962954
-0.0002863086554018243 -0.00027232979711313204
0.0001151312575697028 0.0013104979471345573
-0.0006072862361426426 -2.6247333701406187e-05
-0.00029622776838814986 0.0014054007097108725
0.0001325277335597526 0.0003391955245603353
8.703327884217585e-05 0.0002442391160570999
0.00018971200491113915 -0.00014396870982392621
-0.0010519444001557588 0.00048478922860811915
-0.00036596014920902445 -0.0011967858425422722
-0.00023897512116401157 -0.0009547858332934006
0.0003740820448170759 -0.0007548809008158058
-0.0008421767662779191 -0.0001822652724228409
-0.00023218011989965551 -0.0001667212373053724
-0.000654990258129213 -0.0005436635490529792
9.626465732162954e-05 0.0002977219573971577
-0.0014684994717955049 0.00017513412306507933
9.703561768511852e-05 0.0006853982134236348
-0.0010027766733312923 -0.0002888310958343248
0.00048246992910846054 0.0005093718975383773
0.00011049793844060881 -0.00011993366064211102
0.00034371111194968364 0.00010644466962619511
6.508451496393223e-05 0.0002722709382005287
0.00025488977092570257 -0.00011483805323355691
0.0008539854956445772 0.0004961444667592968
-0.000686629596249195 -0.0005548291361856456
0.00024227797842465247 -2.3846069316359244e-05
-2.672356669377543e-06 0.00023704866537260202
-0.0005789393978634058 -0.0005583266598272076
-0.0009087666361202117 -0.0001989607247614708
-0.0006257956339482379 -0.000829230925212224
-0.0001880816952421041 0.0013295427923399506
0.00018868857951421004 0.00033040029424065046
9.360503299923215e-05 -0.0012736962186779808
-0.0003330614821425901 -0.0011121058705426648
0.0002073221781555921 0.0008041310957185023
-0.0003098793481312659 -0.0005022811778824616
-0.00013518056305191842 8.234785641167028e-05
-0.000514908011068429 0.0008525759729530098
0.0005912451764962742 0.00021047469485913883
-0.0009381230485330142 0.00015594989814184842
0.0008600646060326496 -2.6549382101454497e-05
0.0006670633931741756 -0.000657785820373793
0.00013979415175142184 -0.0005155141511074503
-0.00038772675347982836 0.00019340912232236794
0.0002203169663354191 8.331184199680042e-05
-0.000748754575770809 -0.00030597258897062347
-1.9700520609452918e-05 -0.0003676905429063915
-1.7920168065787297e-08 0.00010829990020268144
-0.0012731415684897184 -8.527487271112785e-05
0.0009799818134247308 0.00034954695276534053
-0.0010397649921974755 6.009085217919185e-06
-0.0003583604447842901 -0.0005401755459650758
0.0007161314203037943 0.00029417344973653735
0.0002593296465426419 -0.0006417179122664292
-0.0002747539387721229 -0.0003247869944106075
-0.0011418832176388121 -0.00029615476205285254
0.0006073160529203325 0.00048075604589425236
-0.0007302342055563281 0.00018984709621725667
-5.706978662324617e-06 -0.001080327513641793
0.000469764065025017 0.0003475363196515746
-0.000498999643104932 -0.0007130979670952668
-0.0007130946115866863 -0.0007125187249238467
0.0005748517391298116 -0.0002600493964297112
-0.0009381068945149385 -0.0007828259253008729
0.0005630172272231383 0.00029599933222446243
0.0006927758707270794 -0.0012519130762490497
0.0005042059536205784 0.0003576209946314231
0.00011150094454371462 0.000981580377118375
0.00037060928581549024 0.001601948576952782
-0.00031979113735757083 0.00020582555368295482
-0.0002721223054854724 0.000662361180820404
0.00028794691476989603 0.0005159876794982568
-0.0010378717684485525 -0.00038170454666868717
0.00017678136726758008 -0.0002967537379855085
4.4376260921343325e-05 0.0010978253226471251
0.0007427139333961866 -0.0006086380724401946
0.00019376014806773067 -0.0001080687354183762
-0.00030047004189190244 -0.00022887169780645721
-0.0003740164931914638 -0.0007274388481330447
-0.0009800074153979794 0.0007269741515564687
-0.0008100432912452864 -0.0007143424461276986
-0.00022306775607050413 -2.016407646410745e-05
0.0001139965169923043 0.0007202127341758617
0.00028425653866343795 0.0006298730370367865
-0.0002923305048086 0.00041681623889877655
-0.0006558461067144145 -0.0005550129016765387
0.0008261680833732329 0.0005124136128666558
0.0008858486742981407 -0.0004883716723507448
-0.0010112046054763135 -0.001016507165236781
0.00022891928535522275 0.0002784523233765128
0.0001610713656786045 0.00031960618077025104
-0.0004192437923931249 0.0006075775828920345
-0.0005429765481069368 0.001475036100362486
0.0006235412429240929 -2.4159095917759094e-05
0.0004160225859859476 -0.0003172906033182035
-6.543368742749388e-05 8.861741391584368e-05
0.00021497851716974957 -0.0007422960651726077
