2.233231467843839e-05 2.5534631383577897e-05
4.209198356930854e-05 3.3631287073525627e-05
0.01752574357924888 0.01898055181360655
0.001409287403943664 -0.001445439989181933
-0.0013407325952966885 0.0004347929867400394
0.00019460575071117162 -0.0007336040107662288
0.0002012086070685246 0.0003122867176268953
-0.0004917215911535573 0.0007690925799151766
8.826777464654723e-05 -0.0007084530566125792
0.0011304317360954635 0.0004159064163021201
0.0006512797309021813 -0.000981671433627485
5.397993063104503e-05 -0.00018996731252563737
-0.0006962374965306332 -0.0006627808191305859
-0.00045466070651480425 -0.000463214181621488
-0.001788405687821742 -0.0007117870975135523
-0.0001925320480086271 0.0004122863192510512
0.0009176514544786014 -0.0001165285775836898
0.00041861387714933176 0.00044696950687556883
0.0002180222673946229 -0.0008206262144284258
-0.00011214523820270558 -0.00019699121693129867
0.00011129666320692366 0.00046013274048077514
0.0005019701486898089 0.0005145343050856744
-0.000240632759648814 -0.0008302944400743818
-0.0005258918384927812 0.0009398821218380507
-0.0008020370973478535 -0.0007861600777008539
-0.0008539712324948398 -0.00034881671724722684
-0.0009943761469446203 1.1553294859679315e-05
3.296436964999844e-05 0.00046473065340341954
-0.00028207311425210087 -0.0006904450871174468
0.0010633715975991546 -0.00017484707303826053
0.00034852118894404787 0.0005224875539301158
-0.0004644664651329296 0.0009298735311796751
0.00014530122259690407 -0.000589775422812732
-0.00035862607267143714 -0.0007588943959790877
-0.0005686933486052628 -1.3431341512756828e-06
0.0010490730747603012 0.0004963505805406362
-0.0003656397606393338 0.00025239014010748075
-0.000987167701907113 -0.0009145771059107988
0.00020184017618515257 0.0006962195019268676
0.0006954892890472528 -0.0006928834231314243
0.0004068764682881322 -0.00011716384696672076
0.0005676662029925102 0.00032463639791913465
-0.000541548700996282 -0.00011890499315051345
4.859796084461953e-05 6.831589864631308e-05
-0.0011510155649212283 -0.00010820479829730862
-0.0002667660354626591 0.0008277629542621628
0.000850150056500054 0.000748396564918127
0.0005593737441281483 0.0001806224980071201
-0.00019215342183941304 -0.00017967050715324523
0.0011965714266209588 -0.0006731695533574025
-8.55166819262067e-05 0.00018272839011405665
-0.0003785588974521441 0.0011659475547239114
1.4314519942457531e-05 -0.0010530854730071456
0.00012181418881877225 -0.0006319375587760572
0.00010614654047190475 0.00011710494994340463
0.0010850515747081483 0.0012351634150044237
-7.15321898440788e-05 -0.0002746748481102155
0.00021207701735575886 -0.0006066223348902084
0.0002212524237986194 -0.00019008656702393376
-0.0006429443499538874 -0.0007971522852612331
-0.00020792004648138935 -0.00037942156947696245
5.483933298946782e-05 0.0012751807951212246
1.7601215382668677e-05 -0.00010674230864783924
2.9246752862812474e-05 -2.0958535181312683e-05
-0.0004956501220157391 0.0006456810363722564
-0.0004958252183538437 -0.00023034929689223516
0.00018341031738632486 0.0010594162559885557
-0.00029654849978444196 -0.0005901405315570521
-0.0008456515584523842 0.00013037995246819445
-0.0005154810646085863 -1.8613388735574888e-05
7.949616645058456e-05 -0.000982127693901397
-0.0010277636579686038 0.000262779381013106
-7.102355791284011e-05 0.00011721197267299378
0.00042335376823153775 -0.0007799955367610123
-0.0007122678456680638 0.00039340011648008195
-0.00031403269778713683 0.00016476660480430207
0.0017687007562159818 0.0005128358971532858
-0.0007112337843657028 0.0005530665726584602
-0.000827683130043801 0.0009613843205127688
0.0013865541580419527 -0.0005094415892695758
0.001428181744537892 0.00015400429819222518
-8.19700968152281e-05 -0.00032030394501262146
-0.0017292894258747243 0.0015929365197158499
0.0005063398963290211 0.0010175028893839014
0.001189967658764853 -0.00011176112446286402
0.0003222203453379021 0.0008563545802081824
-0.000912300656831629 0.00013495807548513493
0.0016515205702866862 -1.2883660799161336e-05
-0.0011330466847489016 -0.00015593573041243797
0.0008126565992077779 0.0006299001134149414
-0.00010910531344490231 -0.0007705924837978109
-2.9831702983373983e-05 0.00033202788675343764
-0.001330753825523861 0.00111014380815436
-0.0002993009773557736 -0.0002742326612825679
-0.0005426926719455606 0.0008246414734224672
-0.0006333681881100776 -5.423687494090165e-05
9.507257547631328e-05 0.00045761507607854584
-0.0008520727036204762 -0.0004801973461151561
0.00037003406103521664 4.05528792607258e-06
-0.0003556401010890006 0.0018013014695887563
0.0005911759490630165 0.0003116776223221217
-0.0006490232986770239 0.001203158064592665
0.0011525188439933957 0.0009152690300131905
-0.0005305760577314883 -0.0002542881373253214
-0.0006009280558130031 0.0013107741896295384
0.0008218548381884802 0.00038943347184025844
-2.600691121097422e-05 -0.0006306117092534216
0.0005458976554514485 0.000400499233505259
0.0003689754074566696 0.00040764988266908187
0.00012104298709492866 0.0004910841628322112
0.00031912612003897017 -0.0002913939177082081
0.0003064035412237636 -0.00032584409110751573
0.0007277304191231974 0.00045608627648635776
-0.0013658268057041355 0.00020046928271286733
-2.3783362383876896e-05 -0.0003473451280307786
-0.00016646159181229087 0.00019272152281527046
-0.00018057180836152017 0.0003233871591761113
4.5828438763823426e-05 0.0005223853746175962
-9.394077064017212e-05 -0.00039974202753632703
0.0007042983799345772 0.00011226496742842258
-2.9344382230394826e-05 9.819406643852328e-05
-0.00014165963977833047 -0.00015409815957246546
0.000920580081835299 0.0011824728720593028
-0.0003576831228610519 -0.0008682959701123633
0.0009587982407895195 -0.001126528727573157
0.00021351466790325952 -0.0009638878350034274
0.00031005067382086036 -0.0003793650285912917
-7.786105731667974e-05 -8.821111060867876e-05
-0.0006520773298698443 -0.00020262618244187104
0.0005048373638172588 0.0008892370505033594
-0.0007812649864661346 7.746463279689822e-05
-0.0008376502975559785 -0.0002875744377824673
-0.00024088067708070057 0.00019928788283646775
-0.00018553754024095478 -0.00028969416102721127
-0.0008814494075551835 0.00012494637007476767
-0.0002163586086029874 -0.0004981013851438599
0.00026437101740602417 0.00021575204917650788
-0.0014080635907263682 6.887457412188242e-05
-0.0007001872142238058 -0.00013615975987247268
0.00032392856478957656 -0.0003717195217922818
0.0005559541029487373 0.0007832214202231045
-0.0002977360954591029 -0.0003194346451517143
-5.013152663520278e-05 0.0010017675240952327
-5.891760125653609e-05 0.0003420063883719636
-0.00047759614626723736 0.00047629269588482027
0.0008351679731018754 -1.431919388530629e-05
-0.00025779172154781433 0.0007687230327308598
-0.0002033303037077745 7.898896203053909e-05
-0.00017611005626628305 -3.578529020266821e-05
1.0766906748303378e-06 0.0010374782143348928
-0.00011134027873765366 0.00067139688691494
-0.00044583516373495935 -0.00017097357985984923
2.3015354979998283e-05 -0.0009892580893432446
0.0004112852654425586 0.00015684927907326951
0.00031813993166715006 -0.0001196780656220749
-0.0001445693710226214 -0.000823889536587968
0.000363574821921439 0.000963149511691564
0.0002762618298838196 0.0006581732337412213
-5.8250900844764446e-05 0.0005873202358630114
0.0008544517270420663 0.0007168800213622124
-0.00037827337016653825 -0.0001970314366163264
0.0008593925236539517 -0.0010009560870502662
-6.145738882271981e-05 -8.347308888707499e-05
0.0002685130366722463 0.0004290841467865913
-0.000502233234790314 0.0001504581460684627
1.3577708534973533e-05 0.0007547909269316665
0.00046607308123412756 -0.0009781873724825669
-0.0007634426930528516 -5.29620364306808e-05
5.4278059808773335e-05 0.0005679980287831745
0.0003730225577512774 3.491326848854957e-05
-0.00010259447480577238 -0.0005908109514320618
0.0005850246219733594 0.0003159946759932365
-0.0009224286727695451 -0.0007738552195225072
-0.0003330554327004177 -6.341589807604929e-05
0.001041286887404951 -0.0001712118447338051
0.00047396348425663207 0.00087817694705093
-0.0005417095969822436 -0.001024385949712487
0.0007162722513964598 -5.170471146087481e-05
0.00025902372712274417 0.001578535081629029
0.0012508392347262056 0.00013665383627447912
0.0007000138239949299 -0.0004065864281296586
-0.00021375895015151027 -0.0006056465472696888
0.0007625786677535974 0.0009809685988096334
0.00010096577371667919 -7.680691994267532e-05
-0.0008047109420981204 0.0005580447062598159
-0.00028457215646262077 0.00013905716147034517
5.466163803372133e-05 0.0001212057343284826
8.742865197843767e-05 0.0005822509778346034
0.00047854322763900455 -7.99106016334152e-06
0.0006787669859880461 0.00037609866760110596
-0.00013231755811033932 -0.0003895270065265375
-0.0009192758210850476 -0.0005736571020480592
-0.00021174129287314259 -0.0005401351446047743
0.0003406618251528023 0.0007176169609031222
0.00013875287092897755 0.0007789857177604462
0.0006336987457944792 -0.00010367534108289484
0.0006521046514002629 4.2169333604297184e-05
-0.0004374578553002519 0.0007376209280220954
0.0012597800867990656 -0.00098497258358216
-0.0003701385974945231 0.0007864049747243023
-0.0007142970845954125 0.00021221723086698797
0.0009172826704776793 -0.00034543048828678983
-3.947834732233343e-05 -1.2696101545191323e-05
0.00021641755797794998 0.0007122653828979645
-0.00041455929301412197 0.00045946375001174554
0.00036680929753041285 0.00016439509028596505
-0.00010111251628162939 -0.0006030503868062275
0.0005125070085385935 0.00039370994142319895
-0.0007472920137437625 -0.0004654842641599997
-0.00012453040172362054 -1.4342262693491909e-06
-0.0008038522074147967 -0.0006685976389272824
0.0005616964757341734 -0.0005540758932095189
8.153540351505358e-05 0.00011036450764713902
-0.00014277202075146003 -0.00010030293608841014
0.00015685986175707645 5.7606219984029755e-05
-0.0002417242690864196 -2.375965326675371e-05
-0.001198040126210437 -0.00018314016557707526
0.0012478911064034827 2.8642802101522986e-05
-0.00011747571135375022 0.0007771016295807887
-0.0007028800290598469 0.00045857237283854083
-0.000440418036083787 0.00012768787817982988
-0.000885969122439995 0.000740500255070951
-0.00015630670037653012 -0.0001787800142961379
-0.0009127602116739111 4.2504523593924557e-05
-0.0004836011882225796 0.00015778810388139777
0.00013123422476471098 -0.001112222087602977
0.0003039089460281757 -0.0004404914476768567
0.0004220701481368198 0.0005114616149172577
0.0008105547895181834 -0.00040308445623034507
-0.00022011208634707232 0.00041437825765152807
0.0016194572603722085 -9.846410972278875e-05
-0.00028410875039833867 0.0005014279653599381
-0.00033340836795733354 -5.243897846729695e-05
0.00021139721830312202 0.00029353206253572437
-0.0001460228138669028 -0.0001801374540684111
-0.00011286759162987469 -0.0011022013945526901
0.00033320842939991 0.0003816099820598407
0.0001186038212572772 -0.0009010619202198165
-0.00018970317550429517 7.610211305326889e-05
0.0006427707814550355 0.0005844097590698923
-0.0004250435892252385 0.00040373139013775376
0.0004049155737711083 -1.96073268611353e-05
0.0007994479801559513 -0.0005689518666805531
0.00029176467173238176 -0.0013368191881115588
0.0002597658497762332 -0.00028475816870336966
0.0008860255048275179 -0.0004920126807668957
-0.0013243836557176561 0.0010088883813827393
-0.0002773243719734075 -0.00018303014784089278
0.0002990787374967774 0.0003725316378080245
-0.0008219236183923755 0.0005613531501675185
-2.8707311760639854e-05 -0.00076955779664787
-3.859804377316466e-05 -0.00048528699724426224
-0.0006848382379760465 -0.00046996487218783336
0.000976358950115501 -0.0005730620710256263
0.0007494851528160241 -0.00037154078272878376
-0.00030815211702799945 0.0003623755452336786
9.9786516372569e-05 0.0004855183313850994
0.0014614246796448636 -0.00037089022710298753
0.0002838485491872161 0.00021876216383462648
-0.0001395510553904516 0.00010051239316183678
0.00018355170429084256 0.00032312450638872863
-7.938443542910745e-05 -0.000609570237702482
0.0015071626414083965 -0.0010622673492301066
-0.0004032539207894607 -0.001038929543188033
0.00045413064761215484 -0.0006002895870119892
0.000353212140402716 0.00023025887405577402
0.0004124964961639593 0.0003838805360101128
-0.00011567899407433293 0.00022449337791248265
0.000880775731499856 -4.597221113068655e-05
-0.0006078455377438377 0.00024148068464301603
-0.00046023001843060205 -0.0010226029838116893
0.00046658978060078 -0.00018477349161705444
-0.0003271211592799433 6.922921861905855e-05
-0.00020445445210205877 0.00021403942282424961
-0.0009550058370362504 0.0006439934845555319
0.00042766420640473636 0.0007234282715920287
-0.00023520856982959843 -0.001176024739603302
4.084652126228604e-05 0.000507240621372511
-0.0002903817227134414 0.0001324687928248697
-0.0005364882071096339 0.0002214899344049862
-0.0006898135011284365 -0.001278898733795684
-0.0003324523995254807 0.0007718012573225735
-0.0006699505680254913 0.0005852359447465686
4.0526584620984494e-05 -0.0004684761676523779
0.00035021948843937464 0.0003881641445177268
-0.00045288613497581996 -0.00120638366291731
0.00018585635740905608 -0.00035691397464033094
0.0010165190846984752 -0.00013266702936788586
0.0001949568116984304 -0.0004962012430326169
-0.0008894739704807194 -0.00024610541914255236
-0.00022005594868804208 5.9944944895193814e-05
0.0008350901402779436 0.0001810079077045861
-0.0007142586585744073 -0.0007455212798310951
-0.00023744619781048502 -0.0008169685795024114
-0.0008537670179751489 -0.0010251349893973145
-0.00046642161740929026 -0.0007956876544788059
0.0012699985645759258 -5.316355004420161e-05
0.0007710108599063316 0.0004069614542017455
0.00029109231789463505 -0.000131243155086478
0.00032126099322297264 -0.0007927322643450105
0.0006185298485884154 -0.0008847767114365481
5.815215001531379e-05 0.0002510497730891772
0.0002497734364789573 0.00044735085066372274
