2.7925333484354587e-05 4.4568760700403694e-05
2.3357085596365157e-05 1.6854417149660292e-05
0.02060808286769681 0.02660348048837437
-4.229108625718693e-05 -0.0008689377934513356
0.00038219158812434034 0.00012221650533888624
-0.0012242789451854495 0.0008888437674545558
-0.0013087224220530394 0.0005349640880208978
0.0010080669200087742 0.0008987026299869282
0.00011582400551498581 0.0017171133632131088
0.00020240624674066338 0.0005264341592913431
0.00071401442563984 -6.575546652427257e-06
0.0008624217976893819 3.078623158835797e-05
0.00030686846966761244 -3.7895039240034036e-07
0.0006203556581333828 0.0006796330948282075
-0.002036325271628007 -0.0003596701809726781
0.00029851009865275116 0.00045606227384708224
0.0006086554603563949 -0.0018131672715876125
0.0003526600580571465 -0.0005990092735329459
-0.0006745361808402274 0.00017976093379598354
-7.738135136217458e-05 5.6989663455866654e-05
0.000509118171126765 -0.0002026833730472115
0.0003903348017678801 9.564638721652439e-05
-0.001006646606726067 0.0009171600228851052
0.0007667655389920977 0.0001095556978216405
0.00021343879036103995 -0.00010961908113700023
-0.00010599358654615342 -0.00042326349007625486
-0.0004575124015755942 0.0004288894584346854
-0.0008354627940780015 -0.0007526815830814867
0.0012841278055043888 -0.00025068669813379873
-0.0004537184804863379 2.32261442956979e-05
7.948142205297163e-05 0.00021408897314985885
0.0004990470558136779 0.0007805997638113735
-3.6263822794020994e-05 -0.00014611309685051062
-0.00030503383859165176 0.000927622560725003
-0.00016011332698332242 0.0007428805088949966
-0.00044945476563797366 -0.00016138667584205578
-0.000406266415138597 -0.0007361148740671914
0.0006275663670290021 -0.0005117392953082262
0.00012394311926143417 0.00023142767940916012
-0.00015973826807843503 0.0003368120986376983
0.0011503072023830853 -7.335464169979549e-05
-0.0005715703008922611 -0.0006604164462090025
-0.000490749117982073 0.00031195688431244473
-0.00031012010495613286 -0.0005507679196811933
-0.0005584003277559861 -0.0001687875254455768
0.0010964711525906993 3.816249826767833e-05
6.0112450036524475e-05 -0.00018744341805932297
0.000308054946370918 0.0017673045233428419
-5.442885575746308e-05 0.00039220049160424873
0.0007030438365622593 0.0009876307112749415
-0.0003443056782172794 -0.0002868440308242878
-0.001097787467529123 0.000783880573170573
0.0005148230746274792 0.00013805483599311293
-0.0015757405708748168 0.0003466125830232298
-0.0013452715199018307 0.0004675814296661822
0.0007197768712224427 -0.0006391017431480907
-0.00023663998578662748 4.291064450203048e-06
0.0003375606736211734 0.000378831906745696
-0.0008260222465886997 -2.010467128329317e-05
-0.0017037698904348645 -3.940214010763388e-05
-0.000622973965999928 -0.0009755898993909533
0.0014628920638625558 -0.00035497926417988023
0.00028542921692832526 -0.00037187122975994346
4.6634192056012886e-05 0.0019081865351013231
0.0006601051719811094 0.0006810125619436875
-0.0008980256689893395 -5.50019688376046e-07
-0.0004765340787308826 -0.0008610487112390557
0.0015269729243896247 0.00016131500798842715
0.0013026946702828484 -0.0004818929249876791
0.00031245293516338256 0.0011410893951028054
-7.36217748681355e-05 -0.0020146014220207165
-0.00022046892376901753 -0.0008848722648843721
0.0007599145216161859 0.0014397716560480842
-0.0005775418006379623 0.00017214314027966948
-0.0001782869349861925 -0.0001342199264887514
0.0002268786267495163 -0.000859590448371209
-0.0010495540691730985 0.0009055742975623857
-4.580909322991415e-05 -0.0010193593645725341
0.000935334098296763 0.0005945818102865982
-0.0007789722113928786 0.0003073235883491647
0.0015787836781798149 -0.00040463988202605694
0.0012075340941670443 0.0007116787043560468
0.00017863543736623653 0.0012296542621591125
-0.00021015137382735097 -0.00029757094577967586
0.00019654888634635455 0.00014791469669986018
0.0008911072450915186 -2.2837012154119225e-05
2.6996738844651703e-05 0.0006907570700667924
-0.000290150702876104 0.0008161447321624695
0.001234110843647402 0.0005652290493424448
0.0015350063317567276 -0.0014243618246133642
0.0001040945975384771 0.0008621230090783889
-0.000542030662079288 -0.0005669006620444808
-0.0005699279585622665 0.0004822747240982562
-0.0005478762468899132 -8.803444730058811e-05
0.0006987378867843097 0.00019979600336418696
-0.000945302488899303 0.00015098928465940222
0.00024947512333981767 0.0007651550581466714
-0.0012715255201539344 -0.0001235874677549916
0.0005041635750387614 0.00017352610372706336
-0.0006540700730462019 -0.0006021105943479399
0.0003501603075035381 -0.0004561550881504484
0.0011506886227554312 -2.2552382576756926e-05
-0.00011800914839746452 -0.0012159925556333613
7.683871306696847e-05 -0.0010269162975157188
-0.00024347577283642487 -0.00031458368146290705
-0.0004568488951939248 7.116897192957398e-05
-0.0003172697483697433 -0.0004445019470488127
-0.00019061911548252597 -0.00013343550400414907
7.756232861105339e-06 0.0005475375068237136
-0.0002633122868541297 -0.0004088818821695108
-0.00011352315885546328 -0.0005899076039464474
0.0010273775516608148 0.000588842565721341
-0.00048243243676132614 0.00033907396342061955
-0.00033769050016344275 -0.0005608253997203032
-0.0014512704233496402 0.0003323979052024315
-0.0007719503979049519 0.0002269697736478276
-0.0001784563591686244 -6.825381440951494e-05
-0.0007025007373664651 -0.0005199112248652579
0.000263310184666202 -0.0009124731963784884
0.0003906226150595168 0.0005288285369089434
-9.538425813648302e-05 -0.0006262523628704538
-0.0012545790329466194 -0.00047672423947588155
0.00026618640174783386 -0.0006994676842762338
-0.00041439307542863636 0.0006839499578746718
-0.00015925065267483044 -0.0008528874277461443
0.00015216859108914296 -0.0003591226407046532
-0.00036153279560710284 0.0005212012987419895
-0.0002385703845307636 -0.0003395846296721116
-0.00037928978706699545 -0.0007025776361729782
0.0003290192725421229 0.00030709756326852383
7.819218267908907e-05 -0.00097955056665437
0.0013986786240782216 1.4841123843490298e-06
0.0005686693787565223 -0.0002432504390802467
6.623103525927325e-05 -0.0005597640642937316
-0.0005959615761494988 -0.0002571474595325148
0.0005821346358088412 -0.0002888858829341134
-0.0010525584858394196 0.0003622554339508707
0.00013402808544005904 -9.218764295224754e-05
0.0009932363602995575 -0.0005233211060864214
-2.7123622203575926e-06 0.0004084593944115905
0.0006089492959624755 -0.0002458960582519044
-2.0343389332819e-05 -0.0003007787979455654
0.0007839221360280093 0.0005856791780814507
-5.381409498850437e-05 0.0003243777282358829
0.0004930441450443859 0.0006267795642753768
0.0003367221584094364 -0.0007946204925860963
0.0009842776471596058 0.0005200731388747261
0.00013500200434076284 -7.165655638069299e-05
0.000356892631289505 0.00010864579893355103
0.0003260471036748024 -0.000821303688695922
0.0012271855574183912 0.0004004398903625833
0.0005627502557236562 -2.2615095369009703e-05
-1.7882074325060825e-05 -0.0006675543235536572
-0.0010957388891923816 0.00020946248220241108
-9.335164122965673e-05 -0.0007423780988754488
-0.00021974540839864368 0.0005289816776617154
0.0006279270036368996 -0.0002246499272295279
0.00010108611685436532 -0.000705921472210349
-0.00017069553183116963 0.0005281552908644125
0.0006042237886295587 -0.0004912096056145394
2.743074881916384e-05 0.0001370000277750495
-0.00022241801953020454 -3.423209157980146e-05
0.0004713618517396127 -0.00031034340462145486
-0.00043969686375509024 -0.0003948830524093067
-0.0001516668391697955 1.0319250207341276e-05
0.0009069560636537555 0.000683957435397253
-0.0005266696362007586 0.0008022378952009502
-0.00028061943877146785 0.00022478125474116755
-0.00033053234662680194 -6.103512068703069e-05
0.0006648593800951319 -0.0005295894644707724
-0.0007714205436307963 0.00039133760982967895
0.0007067855344131599 0.0008836090673382138
-0.00024721281885105106 7.254729867117626e-05
-0.00019381020319789624 -0.00025932845048846166
-0.00031805338983532315 -0.0005948355149995474
0.0005719153145230222 -0.0003795815626824249
-0.00010557791300193796 0.0003035899572570086
0.0006336382077580334 -9.036229755641809e-05
-0.0003322238730983632 -0.0006982514658409958
0.0007339432807050953 0.0009504195346570168
-0.0007494088499387391 8.233114145834916e-07
-0.00012539510559656064 7.981218875671284e-05
-0.0003955096219587923 0.00014435575545070574
0.00038325357534301245 0.0004675108986050297
-0.00037967055173512506 -0.00038479235612101436
-0.0003011179502436832 -0.000433683179823799
-0.0006280678079544728 7.489912566388735e-05
0.00040050115317366965 0.00043960299184146035
2.4658553604009064e-05 0.00043501450304055464
0.0005539692472858175 1.7438039152428547e-05
-1.4458564892025903e-05 0.0010071541202349582
-0.0009155874240086634 -0.0004238945151344294
-0.0005771788480304725 0.0003490779590978211
0.0007317945629697927 -0.00016364342206102433
-0.00035041587072754613 -0.00046917875578659905
-0.0001718695644868037 0.00011850888598877681
0.00012941560485484632 0.0003741178004048162
-0.0001967914628795065 -0.0002673859827851287
-0.0005078256182013917 -0.0002605307691440809
-0.0001432316051071589 -0.0010696440090281194
-0.00032358327583828104 -0.0015213681338224969
-0.00010064256996799216 0.00012227054206818784
0.00026971502651854513 -0.0006090415814066666
-0.0007800681348203343 -0.0005386134203938989
0.0007644551920480226 -0.00027322428880036565
3.728690746847698e-05 -0.0004151933051347167
0.00027003885334181513 0.00038614852975856064
-0.00010667106883849374 0.00023368487473764306
0.00035917510813690334 -0.0009458142319570149
0.00037196668271903457 -0.0001495007370810855
-0.0006034844891418176 -0.0001004251857298587
0.0010189331519239752 -0.0003734630024915701
0.0002420322484646255 -0.0010860690662160433
0.0003745338257901973 0.00042972870315112027
0.00017670342180283323 0.0003708306479940077
0.0007039513235818832 -0.0008029436367428599
6.503482169178456e-05 -0.00047357272384119836
-1.8368009882504108e-06 -0.0003962053571538349
6.211551121237343e-05 -0.0013379385519360072
-0.0010405512244290665 0.00042972289295385263
0.0011059139617799682 -0.0013110686809080212
6.467402393949786e-05 -0.0005238527844156323
0.0011582723932594785 5.66697002804675e-05
0.0004265754270347511 0.0007541278086321191
0.0005413380119950295 -0.00028641291729476466
-0.001060807948931659 0.00046183685527186014
-0.000233721462047069 -0.00011140567913954826
0.0015310448760373655 -0.00013076753550197854
0.0006055383841690027 -0.0001121115841728615
0.00025058784985426897 0.00016009871243055827
-0.0005892487309968717 2.672362505460848e-05
0.0010840962413749171 0.0006495607422575813
0.0004991197555199522 0.0007297759691631658
-0.0013676171128256924 -0.0008779756161917635
-0.0007835810990961562 -0.00013910197192419413
-0.00011052676960012016 0.00019665753970265747
-0.00016088170581292864 -0.0010357999009970994
0.0004942257100840922 -0.00021436604200859
4.2525119487797596e-05 -0.000994282061997163
0.0008504708302713239 0.00032735286678303325
-0.00031003932450412276 0.0007848894448251284
0.00010489381410537014 4.243617759966063e-06
0.0004465755353941203 -0.0008935138321241611
-0.0003431846543050695 0.00017168454611851626
0.00031460970405866644 -0.00037933902474511
0.0009322978454517173 -0.00018932182331725037
3.7771249774421836e-05 0.00012771681881185805
-0.0012570488942929903 2.8407326292896732e-05
-0.0006569492895107498 -0.00041667881232774904
0.0005455999660050956 0.0003144651163270891
-0.0007363279218159661 2.9413134448193414e-05
-0.0005790962685103839 -0.00016257360197117864
0.00016126496013972377 0.00013516432264903106
-0.0004762499897062423 0.0005158333422738132
0.00037975810463498796 0.0006724249481317056
-0.00014839559655790033 -0.00010957075178931338
0.0005077750578920941 0.00014273374747785102
0.0005334865554639729 0.0004195165848615263
0.0009318496949239014 -0.00034729215738082096
-0.0007413196693903793 0.00024970712191420123
3.3716542910532835e-05 0.00021617619936750536
5.2891716698908004e-05 -0.0009268697641998187
0.00018225699532918376 0.000570932350700928
-0.00033218289110685013 -0.0006877391343564921
0.0008111769106988128 0.00036190088404396137
-0.00017391844425868446 0.00046525784110921885
-0.00047999089480125557 -0.000968154811688526
-0.0001610174977961423 -0.0012400981876906749
0.00077586686796881 -0.00022733195460433172
0.0006572393635238609 -0.0002794547019287155
-3.974908338416721e-06 0.0003681329503886431
-5.927112663257077e-05 0.00010316571358982959
-0.00016988069599789088 -0.000928296638875146
-0.0001622800819897339 -0.0009086380495153744
0.00048660503211511377 0.000969146187313515
-0.00011866561302613231 3.022745593391067e-05
-0.0005836060395426393 -2.711599775237951e-05
6.054788137854318e-06 0.0001815720815466267
-0.0004225459506838274 0.00037534756868472816
0.0008149509715246881 -0.00016882087415060403
-0.0003675986098301486 8.641939466584594e-05
-0.000992720900024868 0.0005451532534914632
-0.00023429398709440586 -0.0002587435369139865
-0.0002986479164798319 -0.00023952491067877376
-0.0006812568556738927 0.0005145811754325091
0.0002532208339090174 -0.00045619048343689976
-0.0004480929669642701 -0.00022581758566671397
-0.0011064504530491853 -0.0004485386139031573
0.0003187647867181841 -0.0012416765178391393
0.0005499920856922005 6.253877939282588e-05
-0.00012978800863455112 -0.0005662218365399344
-0.0004987199493828977 -0.00027975756880597964
0.0006971860984374066 -0.0005303420506294471
0.0006382328757278637 0.00022729463157357028
-0.0005940112951539628 -0.0002956724717736936
-3.029121389795371e-05 -0.0005968330318230755
0.0005561287235615542 0.00027202972529572666
0.00030599904373794897 -0.0001622977053699092
-6.16675932822563e-05 0.00032156644399854303
0.00026608901159262617 5.3222349761635324e-05
-0.00048701797437557595 -0.00013409178208492777
0.0007666575252368744 0.0007517294202522294
-0.0003811243796070151 -0.0008463977094395123
