4.507541637805075e-05 3.9653288401448964e-05
7.480940960819063e-06 1.389798490047366e-05
0.022619602000989864 0.026905578566076623
1.6668267372791808e-05 0.00018201004440034899
0.0006938176747426462 0.00014259533536948292
-0.0016955111124910096 -7.337012882678219e-05
-0.00032152094085208 0.00023323420896328417
0.0009479370310471357 -0.0012914885506673656
-7.140231735977545e-05 0.00047135974635043753
-0.0003673537951948443 0.0005180898391920253
0.00044175623375593005 -4.283032937941936e-05
-0.00047541680189813274 -0.0013343858245219561
-0.001366999394152944 0.0003033739143274616
0.00037586711477106033 0.0004523439339079267
-0.0003327184225196614 0.0005295556899222954
0.0004840425442850888 -0.00011080139503138546
0.0008070222295628634 -0.0017659016807746455
-0.0010038915350819055 0.00028742943576920464
0.00023278079950044315 -0.0007792589596039729
0.0005853410555429926 0.0007525459774819262
-0.0002873202129920608 -0.00031428808248984614
0.0004609695284428647 -0.0006198032718761509
-0.00033730984990779073 -0.0012327938024564906
-0.0006322163954635699 -0.00035736388685479124
-0.0007053193116265052 0.00011076493760045917
-0.00013768340686030894 0.00026024445807839593
-0.0006849352987782874 0.00012326771850727382
-0.0002337309702488513 -0.0005319993619672847
0.0007311370152386549 -5.1734408988169134e-05
0.0007412413450465958 -0.0004539574527452801
0.00045528561482568753 -0.0007460550415755309
-0.0005403025374084293 0.0005168967608953006
0.00061219937847759 -0.0003803855542260728
-0.001028120529862085 -8.246321309290733e-05
0.00025558677840454853 -0.001724084160435085
-0.0005258407796953702 -0.0003511433970841857
-0.0003640247036217436 -8.972736489288094e-05
-0.0014661874316208266 0.00048483466669166326
-0.0004671504128735485 -0.0010121091066542579
-0.00014607359158303222 0.00011598376151231174
-0.001150926070291173 -0.0006423980019815462
-0.0002943369987880762 -0.0007961759279923465
0.0005024762100241402 -0.0010785525493391995
-0.00043520119330378435 -0.001425782171093783
-0.00031914650574101067 -0.0011504853375938118
0.0005812679131014921 -0.0009112159918026936
-0.0007684595149994893 -0.0004179340751883031
0.00017315682418137687 -7.713545565195077e-05
-0.0011970035578693842 -0.0003283618518848701
7.463330534744053e-05 -0.000586577921895651
-0.001650881557547718 0.00028381313123847674
-0.0006900519302523747 -0.0011757744761074604
0.0010957355699797425 -0.00015585896285530591
0.0002485790279853074 -6.909568311248883e-05
0.0005496112601604372 0.0003041259264468294
-0.00016564227258196077 -0.0005228924926902492
0.0006429049349854414 0.0013408271897435455
0.0008611032441745162 -0.00025989534036486553
0.00037140383819041684 0.00012016115112593162
-0.00013855145829378473 -0.0006255148340884824
0.0011127421352877132 0.001357233535699299
-0.0007366122000980214 0.0001767076334125058
-0.0003809454182338737 -0.00025749351288529307
-0.0007754850648740171 6.0413625979748206e-05
-0.0003713144207753824 0.0001334554070225952
-0.0010162894737669535 3.917923582217706e-05
0.001879555043124395 0.0007336948729331543
-0.0005907394758960021 -0.0005079867067521092
-0.00012997200401718883 -0.0006042634885625827
-0.0009353990652389354 0.0006060428112026378
3.346580519614856e-05 0.00031227154705209365
-8.929192468227011e-05 -0.0006041045057383563
-0.0001290194603187397 0.0007646143234862262
-0.00012069119972280686 -0.0003318821639820273
-0.0006929456258355703 0.0006902926983268361
0.0008153307340167301 0.000563796722008602
0.00025118535797009325 9.72582766441705e-05
0.0006849438166295834 0.0003824687182379377
0.0006243551764074763 0.0005596256037487278
-0.0002780682368870228 -0.0005984440950133466
0.0004225165523653317 -0.0009625792184091525
0.000203878441895413 -0.00021526022746751254
0.0009446021574227552 -0.00026785571338062915
-8.300467550396093e-05 0.001578300834170361
5.8720739022579474e-05 0.0002964743298702001
-5.1341915512681536e-05 0.000752946999620164
0.0005087744360226034 0.0008526623656143571
7.66715757149291e-05 -0.0003946458614416138
0.0007841457463381528 -0.001110295014463174
0.0004435130838139375 -0.0008619943308585462
-0.0004806852152112205 0.0011063743397902433
-0.0010972254618526437 0.0006451246730081643
-0.00010718496350206307 0.000833360112832797
0.0002457520936405867 -0.00064267751472324
0.0007614421170912752 1.7673603670090215e-05
0.0003142241919165869 0.0013404883470760796
0.0002512521005674383 -0.0005783116391889054
-9.762846929783363e-05 0.000540152262056717
-0.0002233949589677609 -0.0008831446179618467
-6.530617907615771e-05 0.0002169816460853673
0.0011122696405074285 -0.0007237775327568579
-0.0004962727550138205 -0.00025677648437645193
0.0009562708055758223 -0.0007318231089253457
-5.973203304887665e-07 -0.0012706926457514108
-0.00037709419536767204 -0.0005268817018808006
0.0011744470371667234 0.00046676416867745356
-0.00038502931633414427 0.000765973644555707
-5.100909703194804e-05 -0.0001345026991399167
-0.0003494836254450795 0.0010917204263297946
9.281092626625077e-05 0.00020868985428527503
-0.0007691708093749724 -0.0015041600324737106
8.881468405667191e-05 -0.0006852853904368987
-0.0006116288339893258 -0.000124690020900521
0.0011016920045470457 -0.00038301791484666965
0.00012893237473652445 -0.0003247419222634947
-0.0005734482210348169 0.0006430763830549917
6.178606858748448e-05 0.0005907883876575847
-1.2840208541540313e-05 -0.0006156652356652172
7.982618352057046e-05 0.00019103495624991226
0.0006122489112576787 -0.0005364750496587382
0.00044474184479372685 0.0006050345746063233
-0.0001425441687952098 -0.0001432920397665253
0.00039670025168651835 -0.0013099605685762438
0.0002509027737048824 -0.0005116091154176136
-6.459917359721025e-05 -0.0005041727823361175
-0.00027240764802089563 0.0001350486050265988
0.000713806029275593 0.00035889655729046035
-0.0009551446730587606 0.0008277240577941222
-0.00025737581530278243 -1.2414389530496585e-05
0.0012605228366868487 0.0004786373535466798
-0.0005901619269804099 -0.0005403144508160107
-0.0004422625406906804 -0.00010711379635129993
0.0003580070468639223 -0.0006518253968675267
-0.0003477012902281476 -0.00013008370675388222
5.994925363499837e-05 2.4548061735464752e-05
-0.000596997079156384 -0.0003345982926367644
0.00045095726828061624 8.4267190893663e-05
0.00044950914838326483 0.0007193598206718398
-0.000183232392090156 -0.000587295613129103
-3.960850287134034e-05 0.0011448174063425044
-0.00021320272392183313 0.0004121246692702878
-9.707005599177887e-05 0.00013052474687704675
0.0002592445896661794 -0.0006182850961270857
-9.533371083697594e-05 -0.00039475948489284246
-0.0005488155153855928 -5.938892740019534e-06
-0.0006954961183837635 -2.072464356060015e-05
0.00010633284625683135 8.34519929234227e-05
-0.0009976981991680792 -0.000630636529441886
-0.00034305393807047564 0.00022452499891995671
-0.00031339464793571234 0.0004935800790092574
0.00024898273845220506 2.6573137091472897e-05
-0.000971417463606808 0.00012089130983727575
0.0006200361290314864 0.00029104207311403976
0.000775383126667638 -0.0009355081251004994
-0.00022139860804020178 -0.0002055751357100857
0.00021042134200965296 2.9907177121428635e-05
-0.0010802751009745773 0.0001530331326542716
-0.000224734374327533 2.6883389676246887e-05
0.00011620277838284396 0.00022116879900938006
0.0007480871626764196 0.000579086997115704
-0.0001672195470675618 0.0009027990251731597
-0.0008493246229629308 -0.0007634635691134427
-0.00029862406264564257 0.0008384041544475758
-0.0004093719680566696 0.00015378650548568523
0.0002530333650936248 -0.00015524971488364159
-0.0005267979317166426 0.0002997908526484525
0.0005936149839730942 -0.00011596099365738757
0.0002678001540806124 0.0007636865637642613
-0.0008194467069248988 -0.00036320481134348014
5.877886955602786e-05 0.00032573554406710464
2.901421705069529e-07 0.00036430505142827954
-7.239787135364493e-06 0.00015210231974997285
-0.00037528079552685584 -0.00019772245586779425
0.00037555143069915403 -0.0007280066189799963
2.404694495696425e-05 8.029641893051379e-05
0.0007578595179544126 0.0007494290916834037
0.00021396642041318588 -0.0001659178884795117
-0.0002066870200638235 -0.0007340036035676011
-0.0007471862992358303 -0.0005029525690268068
-0.00015422668520318936 0.0003434159515547153
0.0008509429833673683 0.0004536883165059642
0.0006099980245433275 0.0008059381265306712
-0.0002861579060325015 -0.000901749325835999
0.0010757589128239842 -0.00032695258630113463
-0.0006700082870719444 -0.00043988576686716704
0.0004889917358744725 -0.0002702883012490455
-0.0005166562579581828 7.68028256972704e-05
-0.00019968939467970633 0.0009764132836560331
-7.1610755755031926e-06 3.227246976161754e-07
-0.00033206185414997024 -0.0004862951816166338
-7.895198782464051e-05 -0.00018695852936717781
-0.0013301519934682308 0.00038989398641426997
0.00042664144043448837 -0.0002833148415558651
-0.0010798335095204483 0.0011278851561320555
0.0002408573732809264 -0.00022663381795324434
0.0005649585651488677 -0.0010269732698258449
3.124870655575219e-05 -8.194341365213361e-05
0.00037186125507484804 0.0001730903921159192
-0.000658908504016666 0.00016692927926976095
-0.0007433461877681267 -0.00022107780060992124
0.0005576372590038558 2.0342592587250106e-05
0.0008848131198053437 0.0009161384615557255
0.00025058648315100224 0.00024905571821016574
0.0007964236929545768 -0.0007253675378055895
0.0009554894945761416 -0.00033208784049871745
8.129520123220074e-06 -0.0002134470228824713
-0.0005810107828504104 -0.0001800566247789057
0.0014958858072206503 -0.000866058372209324
-0.0007506720249441036 -0.0002491789852053272
0.00013426557155714626 0.0005667600592248558
0.0003030804132698981 0.0009751443234857927
2.551276102266491e-05 -0.0003777278240409374
0.00034364738545909193 -0.0006153088689870107
0.0008986193235257468 0.00022572354156804393
-0.0008441479415577344 6.82332905210358e-05
7.687599521232787e-05 -0.0007298824559001688
0.00043251200534276033 -0.00017863976420292563
-3.397370923655226e-06 -0.0004756051118273977
-0.001005851165572196 -0.00035116973372812256
0.0003593057105141136 -0.0008066298980821694
0.00021188486633890268 0.0006424722141530825
0.0008666897008733988 -0.0010236954765826991
0.0013334444612599107 -0.00038674230121750935
0.00020934861770277518 0.00031954676803438526
-0.0008143957536833752 0.0011293610908890053
0.0003170402231750668 8.430026471492242e-05
-0.0006515143703021001 0.0006156910623875664
-0.00017691544661864607 -0.00013708966174813344
7.699931724531946e-05 -8.435959545812025e-05
-1.3349540390196113e-05 -0.00023793005374037304
-0.0002955994733452442 0.0013577098951765992
0.0004906977691017158 -0.0002701751617967894
-0.00031083262101906563 -8.856531231055688e-05
-0.0008535476457290181 -0.0005933625995268689
0.0007791226989026397 -0.0005605018049015764
-0.00046736752766940215 0.0005769135780037954
8.100426523495623e-05 0.0005547995883490147
0.0003152919794961595 -0.0004512851794787753
0.00034293566922702053 0.0015861762133589834
0.00039719375934139917 -0.0006292502919134287
9.214155305065207e-05 -0.0008092758992368815
0.0009371053226129676 -0.00013849775191364513
-0.00027733272243883736 0.0002851089829556868
0.00020053916362070765 -0.001257071789164684
0.0005838099930208118 -0.0002967830247808636
-0.0001773655400163524 9.618442635030108e-05
-0.0010409259042479734 0.00013372911917856743
-0.00034471559010787386 0.000462919041510825
-0.0005752251108382326 -5.384498739558639e-05
-0.0006192479902793714 -0.00047658714336922323
-1.8834226356069552e-05 0.00021734588738363367
0.000949412999200067 0.0008067210422539503
0.0003149950844807922 -0.0010147849826803179
-0.0002960225938980734 0.0004554554579492392
0.0009652710483193305 0.00039287527846117165
0.0003185063673957817 -3.6733429251594398e-06
-0.0004665513232760895 0.0002198426725191055
-0.0003455036293212441 0.000799810877403248
0.000737673488083471 0.00044567574265567896
-0.0004907753436000728 -0.000469586347094368
8.701718512952457e-06 -0.00020848570119562948
-0.000714171367266927 1.2094015012326848e-05
0.00044706976411478606 -0.00013263212796594154
0.00026738376717357743 5.016015278724961e-05
0.00020466868126029625 -0.0011302688348131384
-0.00021394104517722255 0.0001386944202204308
0.0004762826965121188 0.00022429404331274436
-0.00012785783796357257 -0.0012756413631879605
-0.0008569799831800931 -1.5653784972673472e-05
7.963398315931113e-05 -0.0004656838456480645
1.2264964581776945e-05 -0.00035482150366293906
-0.00035669796019316516 0.0005212202320104912
0.001131529509383817 -0.0007397535896958974
0.0005809853232751657 0.0007327037920459012
0.000489764019786174 -0.0008862353090007979
-0.0007237161695163672 0.00014044439192968414
-0.0002792678902960745 -0.0006443732749790994
-0.00030721536226140084 -6.767401507573541e-05
-0.00031560427720584984 0.0009844562193519122
6.819505180865904e-05 -0.0011008335627604687
4.501341716961233e-05 -0.0003582056091892743
0.00018799297526963024 1.539044774191143e-05
0.0001387453424532566 -0.0005937663413381603
-5.459922894082432e-05 -0.00023243212953925847
0.0002950375036455973 -0.00021128920760659994
6.222929770017548e-05 0.00027627046825247787
-0.000391899900275793 -0.0008615790288019581
0.00018566138044643672 -0.00021645482359836636
-0.0005238179577053904 0.0007066319286834219
0.0007590529644739305 9.487369714917118e-05
0.0004128555690156462 0.00010276546996455558
0.0006187428485667166 -0.0004519063011193758
-0.00047475417087524156 -0.00047199832344830146
7.803256677747702e-05 -0.0003944488272956482
-0.0005501419431170145 3.2989819132394244e-05
0.0002743600757381975 -0.00042097955372826694
9.74980591993186e-05 -0.0002644120203041896
-0.00011935878693019626 0.00047233726135993595
0.0003777752336284743 0.00026258566400336214
-0.00033327213531150936 -0.0010863506545860698
-0.0002738763374140518 -0.0002931148949197868
-0.0005027170981952153 -0.00014800591539277497
0.00044265256963066157 0.00018603371008364908
