4.911223741448671e-05 3.277989230741736e-05
3.4693509045844066e-05 1.8368980979197113e-05
0.03096291984125517 0.01783044082811324
-0.0005412275626601713 0.0008605247089004796
0.0009583328408130761 0.0007139268651334373
0.0002807746655341739 0.0007809998230966676
8.758936651272705e-05 -0.0006620825404833857
3.931701488328014e-05 -0.0011478788373941637
0.00022688369869013119 0.00024957088777734346
-9.177789561950162e-05 0.0004582170754109275
-0.00034755386198375836 0.0012121888824507807
-0.0004274954578930971 -0.00028327766095842153
0.0005271773106816033 0.0009233207205318523
-6.654160349365606e-05 0.00048505433845902373
0.000832500186529765 -0.0008955307162009446
-0.000523071724379778 0.0006993745918317572
-0.0006609176465331552 0.001042373495465387
0.0003040072566112103 7.90412441084457e-05
-0.00017585991064934133 -0.00021011767082983513
-0.0006982659669757041 -0.00026171269409270106
7.131824777933523e-05 0.0005536527265176549
0.0016029689328097131 0.0003757919804614991
-0.0006967577189640656 0.0006974042801033813
-0.00047964005725600667 -0.001092639010562085
0.0010805551136567103 -0.0008237433712355976
-7.153681629965943e-05 0.0004255136867462234
-0.0013354167338806848 0.0011684896771389042
-0.0008219262039435794 -0.000123453597925456
0.0004502213846957211 -0.0004737995167717748
0.0002822808739637676 0.00031866820333823463
-4.464594806840326e-05 -0.0003768580180405355
0.0006571332030876256 0.0005024045422983786
0.0002829580974809895 -6.0974207455275956e-05
0.00023579371541082903 -0.00171829117933999
0.00034881208924843345 0.0009381911350483092
0.0006211067393962165 -0.001200276221948484
-0.0011423245579586718 0.0005949180832843973
0.0012991755817951373 -0.0008831590172543421
0.00011017674074591214 -0.00010418446436380615
0.0006861338803569844 -0.00042087645029039025
0.00021158625078798317 -0.00025522100372191414
0.001316934228292508 -0.0004741472080381173
0.00020617000935704206 -0.001251813575259166
-0.0002987427119260291 -0.00011921272913177965
0.0005180843525532469 0.001103715137649005
0.00012059276857146087 8.951567686098406e-05
-0.00017009181609503067 0.0005225281349744079
-0.000418952862856749 0.0005832460115576028
0.0006908641288400174 -0.00044276691630192874
0.0005287017406641353 -6.441252398337704e-05
7.797360185478755e-06 -0.0010493573895882285
0.0008713306231729853 -0.0007971845660379587
0.00030568797326727695 -0.0004044715630308159
7.545441752389587e-05 0.0008812731579480452
-0.0003179836667344704 0.000999281158616257
0.0007515122413780001 -0.0007577467814671886
0.00016266839375961184 -0.00028363062849866825
-0.0007677926070842542 -0.00038331678444967186
0.0004647732481026384 -0.0009161180983752078
-0.00046939515728608384 -0.0006569025869143892
-0.001104848600478283 0.0009259073490093715
0.00018992316182031143 -0.00031643838518120176
-0.0002803678272241987 -0.00010636459631562516
0.0014397541250390103 -0.001214226988414308
0.0012630917009855956 -0.00048820048537929204
-0.0010220656840075294 -0.00017256698075307034
0.000432312291044438 -0.0005334663685609218
-0.00029872994292455465 0.0006617674557472676
-0.00035361207635800304 0.00024686934073753274
0.00043709655283625035 -0.0003017137216608326
0.0008419742993892222 0.0007307091097815509
-0.00011351022416224126 -0.0017047890771048257
0.0005883854205465545 -0.00031677103298113825
0.0014412698273520202 -0.0009124135796084709
0.0007464947570689559 0.001549011874777066
0.0007546859567177614 0.0003656914668444781
0.0003545475207344618 0.0002900884075324481
0.00036667841708598267 0.0006321433441897504
0.00022532084775547193 -0.0007925176378551284
1.06452083006048e-05 -0.0005298985462857337
0.0005293368489000464 -0.00021897079517224082
6.34769312022438e-05 -0.000538816983520798
-0.0005460902244827866 -0.0007816826694127003
-0.0004622915689235096 -5.6871519686307705e-05
-0.0005894045080200933 3.0122831527971615e-05
-7.894956735971603e-05 0.0004554300731904622
3.468628578269751e-05 0.0014946864829304119
0.000785069625874699 5.1881562977947294e-05
0.000319369980251674 -0.00048441970403813664
-0.0004464253575625451 0.0007017097413440326
0.0007051683283898221 0.00020316700913779772
6.445970505665405e-05 -0.0006117897147823822
-0.0009668805415536367 -0.0003678080896027858
9.611988941029704e-05 -0.0012611871911366848
-0.0009082271610918738 -0.00021941580731221885
-7.057382202429094e-05 -0.001102566901789135
-0.000555444764624604 0.001238996059101528
0.0006720718920033823 -0.0009562633694475661
0.0004990786655171928 0.00022536479670243618
-0.00019535083567572424 -7.771478485489984e-05
0.001455108890239954 0.0012831223613699824
0.0006727574243963117 0.0004221103757345312
-0.0009857081478020235 -0.0005660102709057884
-0.0005876286110669108 1.1756004521506444e-05
0.00044588840630473353 0.00020310421308078767
-2.00877887571652e-06 0.0005079701236388783
0.0002073186915433615 0.0005783188134132228
-0.00022929252769324205 0.00025466331281858313
0.000756759382851678 0.0010516475345081788
0.00030884719043738863 0.00043720965179292246
0.0001126826519583868 -0.00040250024213309523
6.805343827119297e-05 0.0003750580351593794
-0.0006324908840679931 -0.00035626512416596086
-8.717405889254258e-05 2.6517076758076065e-05
-0.0012602811243039266 -0.00027838407065039445
-4.630921378691522e-05 -0.0003682537663351473
-0.000143907804516035 0.00022833933297309868
0.0010329945457633594 -0.0005386190642864724
7.517292397381187e-05 -0.00042652367171665864
-0.0008408896614235143 -0.0011579004556426427
-9.488182282571601e-05 0.00021733077682559802
0.0001237544885320691 -5.722927605531259e-05
0.0006088327677373876 0.0006236510121500939
9.902957789623486e-05 0.0004692394845769081
0.00068329059904608 0.0003477452246520271
0.0003277467913202507 -0.00045208865751337774
-0.0005657349779129055 0.00014819572758741593
-0.0003725978997043413 -0.0003542662096910589
-0.00015900157352863577 -0.0008710478646492931
-0.0007384724574014366 -0.0005084640674340995
-0.0006042141276771118 9.181191780455762e-05
-0.0001069911290965426 -0.0003881988775652662
0.0006915266148880019 3.192419752068116e-05
-0.00025881911974660014 -6.049301924921486e-05
0.0010162987818821477 -0.0005013173642040058
-0.0007294280910892378 -0.0001609455165609607
-0.00012204835270393475 -0.00043771862594569623
0.00014406293407763903 0.00057570612503255
-0.0002307026854338416 0.0012393948856937317
-0.0009006729867270639 0.0004693634040854956
-6.436439465913947e-05 0.0008992953237888284
0.0010708367740105247 -0.001000217153468365
0.0006629773588865289 -0.0007594972931337488
0.0003715782473614838 0.00030615929457292087
-0.0007394914011871204 -9.18748413727837e-05
-0.0001934558355298314 -0.00031909668562262134
0.0005301984544003701 0.00024023254470956562
-0.00012577304886853067 -0.0002306731224290942
0.0007803726526209032 0.00030999955245834723
-0.0010177214395798325 -0.00023572009952468418
0.0007892461484183479 -0.0008618472027435557
0.00044258550296274806 -0.0007578532285610098
0.0002781602441665017 0.00042300818262416655
0.0008530564627550813 3.8102506104786994e-05
4.501753185013456e-06 -0.0007188005912307667
6.067423827769162e-05 -0.0003277665264055787
1.1912468821432726e-05 0.0003210935074387623
0.00040637408049118743 -0.0001476835130306991
-0.00023564429876224302 -0.0005377368664341296
-5.802009472013862e-06 0.00028531235228005845
-0.0001987446858848107 -0.00010367696396392218
0.0005570034384227649 -0.0002894772701432801
7.191115791875019e-05 -0.0001432542778006026
0.00011056774846884331 0.0002968059331813757
0.00128197124772233 0.00047129586294904295
-0.0008691693859443364 -0.0004691960126838482
0.00027093441369551504 0.0007376520115862293
6.661114369483265e-05 0.0009581117300909268
-0.00038623971649828087 0.0004374285549541204
-2.9270123530239832e-05 8.804750449863268e-05
0.00012527204366434634 -0.00016968220863576393
0.00012051074005329894 -0.0002581073853395783
-0.00033360258954888325 0.0011794142291559268
0.0008717565930945417 -0.0004205654353007909
0.0009523598210856956 -0.0002927662503250442
-0.00044858973753316166 -0.0003967342116373703
-0.00013628653189580944 3.525364695772112e-05
-0.0006013404424043572 -0.000180414257737102
5.208742684298513e-05 -0.0007613050370076421
-0.0005426652360863289 -0.0007768092817756295
-0.00020648254605803537 -0.00043816696505300667
0.000842406243035258 -0.0005540055431889663
-0.0011927286300316355 -0.00040363512313632623
-0.0003420183259532552 0.0001980376480290738
-0.00026542403605973164 0.00017618836000085175
0.0010811723625802061 0.0002746532877087403
-6.0098056816100855e-05 -0.00027522429320953463
-0.000857313333239261 6.811929688382861e-05
0.000646037434678925 0.0004142470874526543
-0.0009789775931543605 0.00044757072949488724
0.0002204803484427317 0.0001874840003943184
-0.00045896300612746464 0.0001672224703863141
0.000431241989084495 -0.0009737563776243435
7.003014981085954e-05 -0.0012935702112025862
-0.0007091994420803325 -0.00042063073268316193
0.0001657640896084034 0.0005531494619442412
-0.0007333435628048936 0.00012891720169421416
-0.0005637665018146445 0.0002272718247335104
-0.0003863258906831743 0.0002933442000328742
-0.0006638860397285165 -0.00016917932282684435
3.847509217187175e-05 0.00037370816070841803
-0.0008323741706768211 -5.5236480670607766e-05
0.0007494249653779715 0.0005030334918955929
0.0003714291819266559 -0.00023366253008876776
3.884486020223222e-05 0.0009197173298117827
0.0003873625857845654 0.00011042484863775553
-0.0006094883746828473 0.0005340925968348055
0.00030005798885243673 0.0004109965585760234
-0.0004482003400401623 0.00037774499347944835
0.00015082325861391657 -0.0008841872766267079
-0.0012135237054030402 -3.337152625884172e-05
0.00051342730468763 0.00024161080986657277
-0.0006067558841874025 -0.00028183537324782927
0.0005172230214523735 0.0018297985123782268
0.0008148823588062222 8.399161950772889e-05
6.348562046005354e-05 -0.0004845850801406313
0.00024599427359662596 0.0003348314110641872
0.00010724684591533 -7.194034986754144e-05
0.0006272292818522362 0.0003548005735455409
1.4832063383690989e-05 -0.001108917642608925
0.0008143837154293131 -0.0005833130546557719
0.0014263496846919142 -0.0005729392471881959
-0.0008339815316674385 -0.0001470652978783092
-0.000534694655105815 0.00028041207048184
-0.0007899193736446591 6.578203063735133e-05
-0.0005793989924291758 0.0002755759772646051
0.0010895102308462776 -0.00047397062721509593
-0.00017335557157342459 9.837958675794058e-06
4.467290528537676e-05 -0.00021287069921059558
-0.0006267469395647261 1.547845506442782e-05
0.0006763411703743276 -0.00030996808307557543
-0.00012405036347442401 0.0005720992145116354
-0.0007507969051576081 0.0006146575457883309
0.00022570740151078522 0.00012405539361435433
-0.0008788762837443453 -0.000796079817767826
-0.00025390511104769135 0.0003009866082077676
0.00011669394375333655 -0.0008998699298693345
-0.000585759457440367 -0.000136835561625136
0.0002289236294743906 0.00048656525532675827
0.00026295323191067167 0.0001290120435213395
0.0005043580558314589 -0.0004083609522538264
-0.00026143905221790147 -0.0004438352798458227
0.00048424055060681956 -0.0006535984045300054
0.0002213787663931555 9.689298944460736e-05
0.00017621671164751705 0.0002443168428442345
-0.0004825087719492668 -0.00030409074470802737
-0.0005393472946117568 0.0005747145168949053
0.0010796870622830671 0.0003788683330258504
-3.348225831845226e-05 0.00010868154710668484
0.0002716609171985661 -0.0003592250041832624
-7.417475299618846e-05 -0.00025418380673727296
-0.0007117323974665681 -0.00024589897478135615
0.00032741542500492465 0.00032838522003969306
0.0007505921412096013 0.0002894748449219646
0.0005301446155856474 0.0006720892712920036
0.0011084878852884923 -0.0007957377808483556
-0.0007356370010349995 -0.00027143976812895676
0.0007149212365388813 -0.00020588746903025013
0.0007023182815198844 -0.0003809490441349603
-0.00017636131872543769 -2.5146653802926924e-05
-0.00028091232906049134 -0.00023751595008914168
-0.00017619191078724426 -0.0005470171709965195
0.0002603920297036554 -0.0008219620823051698
-9.229759955826698e-05 0.0004908920135802895
-0.00034063268597485515 8.608529208265865e-05
-0.00035663113358519336 0.000585994392738063
-0.00015848772183989218 -0.00013845774096175363
-0.00044166392226062856 -7.657663825240033e-05
0.0005179073559989411 0.0013034311576435667
0.0007624103792228568 0.00010059555288506853
-0.00024307375998768241 -0.0006800311485663834
0.0006884496187612289 5.394589376406891e-05
0.0007429075959570074 0.0003258893169677596
-0.001022182611261202 1.9571182486225396e-05
-0.00016686671293780102 0.00028315791566996506
0.00015654397815363105 0.00036019716015220533
-0.0005232918613441654 0.00041414380261529726
-0.001309353452452483 -0.0006565320309154299
-0.0002096955656602026 -0.0006009666666394959
0.0005692762569894444 0.00012996464129085854
0.00011189690942381097 -0.00023494679490078873
0.0005256546572886275 -8.689145563687613e-05
-0.00021309564830110665 -0.00048611033920549257
-0.0001661703279119778 -0.0003394759970742378
3.2701802713181445e-05 -0.00021540477224095238
0.00025299395055594523 0.0007754629966107993
-0.00031532343434151957 -0.00045134865896420884
0.00032079201542258625 0.0001913839460241743
-0.0002690097464707064 0.000699073582600153
-0.0010218907518297629 0.00047926455587979063
0.0004147249965427345 -0.0003542619581397758
-0.0008872385471462752 -0.00010228353407755063
-0.0005685273037008745 -0.0006333752804712154
0.00031744788371886523 0.0008077067012109364
0.00044827719367960335 0.0005058423982074718
-0.00011637469362663963 0.0017218331855205064
-0.00020864338546498749 -2.0110741402093343e-05
-0.0010206837908255753 -0.00010937074467260447
-0.00075386317192291 -0.00028086574291887934
-0.0007290333841472871 0.00041611198684534295
0.00039458230430686355 0.0010632389886213846
-9.36226760575624e-05 -0.00027305967503926773
0.0005666214468140732 0.0005350964726057035
