5.7303739816613444e-05 3.1042982358734714e-05
1.3060719800926051e-05 5.2435612731756055e-05
0.025791051262898438 0.017957083317843674
0.0010139879635183366 0.00037639033582613247
9.238867694901607e-05 -1.762659687965707e-05
-0.0003990704550412052 5.950118830729022e-05
-8.456820733144446e-05 -0.0012562485371453173
0.0003697178689898612 0.0004357492713142997
-0.0002169113917640937 8.813903285056467e-05
0.0008770331270744571 -0.000490334463552899
-0.0004169752541954972 0.000512397978736541
-0.000699485565809138 1.6812010209834305e-05
0.0004254392677541277 0.0007837199274613075
-0.00198544702051421 -0.0011843596718951839
8.801243477860167e-05 -0.0005913381782590789
0.0007795169536526258 -0.0005020863498174892
-0.0009039898713319316 0.0006815954842729465
0.00015485726461871374 0.0009515942498667369
0.0007137482780427831 -0.0003713077815350659
0.0004906088228724139 -0.00019800942992520012
0.00014328154191303058 -0.0007912673925381561
0.0005168674037003591 0.00012308850158796939
7.653891813324053e-05 0.00014303816029673436
-0.00011914612614898884 0.0011409484596179983
0.0006227939576084823 0.0010512834041462036
-0.0009809293723037906 -6.7607295687413106e-06
-0.0008769660082630651 -0.0006679799368724927
0.0011233062562127974 -0.002294107805243769
-2.2538479042416405e-05 -0.00011488913307632866
0.0005065023535357025 0.0005454671453100292
-5.0573556858068675e-05 -0.0005512414275065893
-0.0007838259523344264 -0.00012138361565221036
0.0008269813845570304 0.00010020118027827744
-0.0006614185055514988 0.0005000139628137037
-0.000938511764688609 -3.164869773841849e-05
-0.0005134101441507387 -0.0005324827019104887
-0.0003290570252279163 -0.0009617247917360467
0.0005168161865313315 -0.0012382557951456058
0.0006463943085485116 -0.0012338343490802919
0.0004853179227810572 0.00045797782404774447
-0.0003804388742555917 -0.00032074655399421385
0.0009644418270823462 0.0007313080881614068
-0.0015447517113636822 0.0005555720869719593
-0.00040587998839666805 0.00014097489432245586
-0.0006680634500807926 -0.0007035915357160515
0.0008499530728512796 -1.852506276513738e-05
5.418250760621218e-05 -0.0003335150697353975
-7.762610361183224e-05 -0.000993774521921725
-0.0005542231535959586 0.0005729424218263858
0.00019520519071644773 0.00036677409138167555
0.000486064112738902 0.0008829476901556366
-0.00010323398694070113 -0.0005774115297541969
-0.00010809596951192304 -0.00037406876760826376
-0.001368818754823293 0.0005535026729771728
-0.00042122479935513063 0.001078171591657136
-0.0001890077866516325 -0.000373482942061959
-0.0005161491760209364 0.000615955025202782
0.00048357886367268564 -0.00022762695597230244
0.0005372381161268065 -0.0006449101718009841
-0.0011474584790829064 0.0010164468695501216
-0.0007520720528598908 -0.0004574370423856755
-7.794465831674674e-05 5.0341038870499685e-05
-0.000700911707142615 0.0003731024624328852
-0.0006427021471979755 -0.0004801801159816326
0.0004639573577827627 4.533091029677604e-05
-0.00019098674254096603 -0.001026303840113486
-0.0012853392991870518 0.0005733436750862655
-0.0003443719847442814 0.0008697166846595563
0.0004432364473084822 -7.001103505368081e-05
0.00027150225913199935 0.0012508966902233817
-0.0005918409131545452 -0.00019706042275135157
-0.00017934186759594202 0.0009079675822055072
-0.00030947968838003796 0.0007467211670188074
-0.00011583646875814332 0.00020198217356468947
0.0007727963120699401 0.0005258927878484203
0.00022531990966922295 0.0008859576107227652
-5.710642200692963e-05 -8.134589402775938e-05
-0.0017367905050613406 -0.0001293112130157412
-0.0002191625765243305 0.00010775011901232631
0.00013497609520364055 0.00024974985748212877
-0.0003667377440303553 -0.0008390942602869067
9.314293453083237e-05 0.0003293127485469192
0.00020126142026558405 -0.0008883002491641003
-0.0006186770860041671 0.001144714894745631
-8.99274026376989e-05 0.0003957681439716505
0.0003389391050797026 -0.0004673550778271521
0.0006767269307211152 0.00015786538267857788
0.00048323010597824026 0.0006822094445086702
0.000896597012130701 0.0008002830097194543
0.0006268479398606866 0.0010952952728204824
-8.414732630743483e-05 -0.0005446106081401622
-0.0006052839059436061 0.0008025711896793611
-0.00033761019747739925 -0.0006527151769791242
1.218510168942977e-05 -0.0004222486854174992
-0.0018180324654403258 0.00041251960436597954
-0.0008340293937655885 0.0008582491644993926
0.000564491891586856 -0.0009190323064700924
0.0002830332942585866 0.0003023852369077087
0.0008667139374507681 0.00044347669700070096
0.00023747988512143607 0.00011042870160167859
-0.0005427820949018974 4.498668075625704e-05
0.0004489130829305763 -0.000515609978472299
0.00020090614846827946 -0.001530992155977687
0.00037479175974976085 -0.00012884290301984333
-6.889414843153713e-05 0.0006120392972909745
0.0003142363093316948 -1.6435808843073666e-06
-0.0004048425284656864 -0.0007086307398316696
-4.432397627273005e-05 -0.00027365802073185956
-0.0005841510296344571 -0.0009071593113608722
0.0004272604009859793 4.2899822668249255e-05
-0.0006748132518885392 0.0004389620041533653
-0.0006611999473485823 0.0008764871331641041
-0.00014952337580499813 -2.832805783798154e-06
0.001473962804531935 4.8494934343414665e-06
0.00043367834159077845 -0.0007787523723564451
0.001017424805488184 0.00046652065038725815
-0.0016540451881479898 0.0007026191003985782
0.0001520546417132601 0.00043545012120682923
0.0013931747672491844 0.0005155027104074448
0.0005812210044076248 -0.00028617219572581377
5.478845090427325e-05 -0.00013624924596138628
-0.00040825342012358997 0.000325199696012708
0.0004584941898762165 -0.000419634057102785
-0.0005513182726211712 -0.0006578001568443183
0.0002725126242809561 0.0006311473066227746
-0.0004267646863487456 -0.00010266338353419652
-9.23067066093464e-05 -0.0005362964725797678
-0.00033499224221563383 0.00045392246574548937
-7.469092493096956e-05 -0.00017663149906979234
3.467932887095792e-05 -0.00036915592245865094
0.0005857336360499079 -0.00033371095087415153
6.768502041763714e-05 -0.00043881528160804966
-4.4100103426449406e-05 -0.0003417728947299989
-0.00038026993464727936 -2.626216372706904e-06
0.0006844457133834508 -0.00128163880735512
-0.00019409420281537058 0.000202751045333693
0.0005892387349838464 0.00042833300511101077
-4.1050527731400004e-05 -0.00032268356617748883
0.00033879705341314175 7.233391999584421e-05
-0.0005559856779015975 8.947698348732131e-05
-0.0003461278431649783 -0.0015567190797090408
-0.00030963650399822625 0.0003514758403586306
-0.00020659845112950826 -0.00013798380193250648
8.221401756444727e-05 -0.0004043810043227625
0.0007297000993746953 4.5788997200178724e-05
-0.0002138148710681041 -0.0009640784499446477
-0.0006980302656161477 -0.0005264040156095071
0.0002434928257705902 -0.0004191651345555719
-0.0005503998457024503 0.0009977470049749328
0.0008481616437574358 5.437769635703573e-06
0.0006162703850166785 -0.00015991563957514814
0.00017203560456080868 0.00018776856133568922
0.0007348942898044394 -0.0003709273541999288
0.00048651056470971476 0.0003482238896973422
0.001094083240580889 0.0006179322413122498
-0.00016724987250488113 0.0006351008038341226
0.0003210116783728035 0.001092552984952797
-0.0010310262936095718 0.00026333071750386686
0.00019722445804689576 8.537591252953879e-05
0.0005245912923416678 -0.0004126733393447664
-0.00036038627927756475 0.0005814715902110716
0.0001655336590066781 0.0004796857167084147
0.0004492748529087029 -9.718546713415086e-05
3.405748280833577e-06 -0.0005035136182855987
0.0004955275935484511 -0.0005413431189716859
4.0680111097551145e-05 0.0005396366417658033
0.00048046229454057224 0.000803341362482876
0.0011890030877411296 -0.00059013935605939
0.00025781701688793905 -1.8667907399028602e-05
-0.0006370541656763477 -0.00021001219834662724
-0.00040854968374500004 0.000200949293194361
0.00027723944363979903 0.0002652105452175481
-0.0002812971822352825 -0.0006004322865274978
0.000441178114677356 0.0004101582920227578
-0.0002695095127901882 0.00035376495177976753
0.0002944699188894805 0.000576604817199971
-0.00041613230500900573 0.000987151535740808
0.00015080457845377833 -1.711637361997287e-05
-0.00046569443172763525 -0.00035904310472055544
-8.148627436440877e-05 -0.0004347552138292328
0.0004643433231566899 0.0008991255035223898
-0.0011340172367050136 0.0007955634365080217
-0.0001394524145597179 -0.0013837072501522321
8.428659250123472e-05 -0.0009434433327697877
9.871903564527711e-05 0.00020305646501719667
5.19184233680587e-05 -0.000500283857925202
-0.00026913366251366704 -0.0006041715412401721
-0.0008562244855894783 -5.84689703371193e-05
0.0002052745390261801 -0.0008447803623842098
0.0008594235838940307 1.1393629014736127e-05
0.00028475087902778617 -1.4821121186576568e-05
-0.0005864035200633486 0.0004369585565689735
0.0008104583995708885 -0.0010526601809913209
-0.0004411963378803478 -0.0006968265939701519
-0.00020429441465471708 -0.0009195163533391173
-0.00016164891785480873 0.0007016559230691046
-0.0009990535242504212 -0.00041252286120388156
-0.0006641645596218334 -0.0003790556456359256
3.267327168021957e-05 0.000918085669998656
0.0007059126797563124 0.00017066833705298853
0.00046554699927301395 0.000977578669003223
-0.00042621122320859296 -0.0006004374133161981
-0.00048152142270822834 -0.0002685594150875141
-0.00015441733489465534 0.0006370181540287838
-0.0004798749635246835 0.0003690260792012932
0.0005291271506317061 0.00043190923314803524
0.00047764333455387775 7.114091960075979e-05
-0.00038330358633716555 0.0004228320330662555
-9.65328500167619e-05 -0.00014423124815988555
0.0005637361879928014 0.0009409303790189637
0.0004377369965981396 -0.0007743753228311299
0.00021661996651251876 0.0003795915673970934
5.805097261280935e-05 -0.00036191529326874667
0.00021516603433254262 0.00023607930514693941
3.4674234814661056e-05 -0.00014138247255553204
9.334907605524864e-05 0.0009964182540108807
-0.0001501310488617829 -0.0002574770684457362
0.0006070954593048919 -0.00016463837947566535
0.000518360443781308 -0.00021027394124013436
-0.0009527149895082155 -2.1214443976949792e-06
0.00018802744187713258 0.00019017583013439422
-0.0010797007404625804 -0.00040665225337974386
-0.00048195106492743484 -0.00036792299716259915
0.0004575935378972123 0.0001610274623949597
5.226698043482075e-05 0.001158532568559947
-0.0005114594732958935 0.0001669908024061369
0.0008439441369036576 5.81774597665465e-05
0.00019792038623514633 -0.0003630603656157481
0.00016956019188336198 0.0005671860711775809
-0.0007474409238717542 0.0011295547372549147
-1.3652147083266589e-05 0.000137801213928697
-0.0003223710021785793 0.0001430856341937777
9.888559835805776e-05 -0.0001400741784392315
0.0010977026868097357 -0.0005605504740891529
-8.662072423967714e-05 0.00046212220206494825
0.0003984295163413432 -9.239201589627798e-05
-0.00036067892396366455 -0.000325451700228403
8.760320018469884e-05 -0.000541150556667112
-0.00018281313413143522 0.0006628587076494295
-0.0005542005520658193 -0.0006306934669807735
0.0002645447376492464 0.0002747629223268215
-0.0009058489619174917 -0.0015064858768506747
-0.00022991294185699773 -0.0007012318436117237
0.0007316374380203854 -0.0007343596366874284
9.747690925964086e-05 0.00019755599298535134
-0.00041277054393332505 -0.00043725070978713806
-0.0007060964607915265 -0.0011891392727618629
-0.0007547843689175133 0.0001622497214591042
0.0003804321913922556 0.00017415224669273854
-0.0004092516060274243 0.00029484405340454034
-0.00042004009341604573 0.000431254448848892
0.00018643223437671733 -0.0009211330963723454
0.0006729279022464484 6.987200611817892e-05
-0.0009118957277900832 -0.00032544588914234807
6.741383291451413e-05 0.00042326252848452187
0.00033913966476107515 0.00017443976599078656
-0.00013398515305730133 -0.0002840389138792879
-0.0009929006436286845 -4.476328884033441e-05
-0.0014663082900241843 -0.00022848762972444464
-0.00027740325036722827 -0.00015259974867858948
-0.0003102377657448891 -0.0005524329001258648
0.0003352783186760081 0.00021765250565445227
-0.0007199044561061314 0.0007262318759290177
0.000563755593933789 1.9375816393382604e-05
-0.0001578752232381696 -0.000387261050696987
0.000748367799810435 -0.0001655739231841189
-0.0014155535134083442 -0.000546470342623116
0.00017334389069219422 0.0001767842620113273
-0.0004016318231165395 -0.0009051580477334787
-0.0008792949067498939 0.0002612390743007618
0.0011164882185720642 0.000498170045591557
0.0004539907645134568 6.939712047311462e-05
0.00040174854789506526 -0.0001730640386557407
-5.597773968530789e-05 -0.00036789024326166917
0.0005555963615010274 0.0005191118707828856
-0.0006465981461439329 0.00024932706602031094
0.000768469528936901 0.000979191841499432
0.0005040191847333061 -0.00027505340819890657
0.00029132703676480195 0.0006451089899592438
-0.00021861784487909835 2.1205350555545734e-05
0.0002526356996205483 -0.0003337288716924831
-0.00015310456741647596 -0.0003811331730320676
-7.841759587080824e-05 0.0012633802332086522
-0.0007091286452454821 -0.0002245566728956656
0.0008249526890912444 -0.00020314278681742538
-0.0003439906330435176 -0.00044076707964544237
0.00014752661131773966 -0.00037741745806248346
-0.00031542856277040333 -0.00049434433983113
-0.00010558337367899386 0.00025411834764424185
0.0001732464866630833 -0.0008787310800897444
0.0001684170944627717 0.00018229567531894466
-0.00010808391477571839 -7.95116802029016e-05
-0.0011836165722871781 -0.0003146819212241546
-0.00010274645794981183 -0.0009766609875573647
-0.001182060263522605 0.00013736778505434206
-0.0007779987623907249 0.0005369340360436135
0.0002349307690880691 9.321752908669949e-05
0.0008121113949653381 -0.0008438297248848912
-9.606485387816158e-05 0.0004408401891086791
0.000157063722890129 0.0004804175167707129
0.0009368076179685507 0.00036652126171662696
-0.0007981145507836425 7.087551654656582e-05
-0.001413204676709632 -0.0006459596543832661
