5.26541505724108e-05 3.920207284618483e-05
4.632843835064222e-05 4.023030612100689e-05
0.02867957795330283 0.015476987936779828
0.0014184315247241757 -0.0004415337589289181
0.00020382938782820086 -0.0011709035554942674
5.743873668185377e-05 0.0011974225500012434
-8.629362523076847e-05 0.00042907523195519426
-3.8066080841024844e-05 -0.00018236569671802228
-0.0004066133214545686 0.001012221677233857
-0.000810884106435595 0.0014393126539085457
0.0009921286259373452 -0.00046073534913936487
-0.0009142088067409629 -0.0007258227212895202
0.000514225514760353 -0.0005288963541874129
-0.0004268686590198186 -8.446671435915999e-05
-3.6163051110969114e-05 0.0012157912810259771
0.00018201632430183722 0.0005781825158283616
0.0004223384569808483 0.00026828217867538114
-0.00034828158937758616 0.0002712345969357972
-0.0011178113117459904 -0.0012360089461066232
0.00044651972994057206 0.0005684429384414658
0.0002188667589487821 -0.0004817199366609371
3.869029731994599e-05 0.0007808385305324757
0.0006779281516698518 0.0006236107947693924
0.0004020861014117554 0.000739892387590047
-0.0005186363035029165 -0.0002267888643166417
-0.0007778398965316912 0.00042926411323688856
0.0008414875066309366 0.0004979434049150921
-0.0007643129464071031 -0.0003296181621447078
-0.00016212616947538567 -0.00034170959692509436
-0.0003577703685333176 0.0002013978129240092
-0.000281189709195829 -0.0003334513046462173
-0.001079745519873529 0.00021808216010028376
0.0007179438028527896 -0.0004652486097397268
-0.0011365764395389404 -0.0004474937218262741
0.0007580474749389787 0.000281299145798719
-6.863882325812126e-05 -9.049549577207447e-05
-0.0008193591436862654 -0.0008167736121437023
0.0007694436116931377 0.00024242021396113416
-0.00016541237503611431 0.00047703080682311334
0.00024051658557440242 0.0001623025672376761
-0.00037206604803631435 -0.0007851936181602807
0.0007000811083888821 -0.000104535433466881
0.00043292792925296375 0.000528746353868446
0.00046012458729000744 -0.0008641451161834923
-4.68463951841942e-05 -0.001511699493140012
-0.0004836979016909519 0.002016969530047885
0.0004955805301880356 -0.0012085942665885554
-0.0010650906987573682 0.00038840562431798927
-0.0002296199208255435 0.0005406812011146446
0.00046062454918790536 0.000747165221863287
0.0009603226441905828 -4.9825220735718466e-05
7.39175999778243e-05 0.0006789118446476891
-0.0015482374640719227 -7.464370265217508e-06
0.0004400814113130462 0.00025364192965246117
-5.109360839773897e-05 0.0008131299412807881
0.0006372783348416438 -0.0006453658817514669
0.00044471681610525044 0.0005868052419032832
0.0002842527099964464 -7.240692033150706e-05
-0.0011527894422256435 -0.00029689654803537267
-0.00013292804310885764 -0.00015987268266364805
0.0006697446571398279 -0.001502948736187319
0.0001801940204241796 0.0012504757260541589
0.0009929297147513452 -0.0004370517953164226
-0.0005350637006991634 0.0011198573955560876
-0.0003926295959632782 -0.00040353403610198803
0.0014042210157660673 0.002193763563404659
-0.0006027765007219137 5.3159117765548036e-05
0.0006146338400930275 0.0002601395936236996
5.400633067462052e-06 0.0009251887713172844
-0.00012286480644558545 -0.0013333829657265622
-5.1165306275417275e-05 0.00018323790079941915
4.637272521514515e-05 0.00041320475204956474
0.0006138519977969882 0.0006358837327415654
0.0007506133167740165 0.000453346239760067
0.0006899462839854362 -0.000258909398175372
-2.8749982766492764e-05 0.0003930012515242365
0.0005178409708645441 -0.0001937816251219877
-0.0006732163030391613 0.00010267687184525549
1.930155905284933e-05 -0.0010988743815884328
0.0012624866023022705 0.0007074484983607257
0.0010100176211708246 -0.0004659512146902749
-0.0007425831315834413 0.0009516891878733649
-0.000492776493156887 -0.000830840106987341
-0.00023067900038181255 -0.0003274139774533954
0.000636993436277044 -0.0002068847770463019
4.4447999568669856e-05 1.2193612560437556e-06
-0.0008292084292741269 -0.0005687219043822787
0.00024328301064756931 0.0013393554538980695
0.0006399874594617958 -0.00038880513586189545
0.0009855130681414453 -0.000418404117913607
-0.00046245313510326135 -9.492372618481681e-05
0.0003304358307561521 0.001167555073351508
-0.00034645782612388414 0.00028871330224654524
0.0012632792345125073 0.0005181087062676157
0.0007218113377092112 7.702317182252852e-05
0.00047151856371433675 3.99157328319052e-05
0.00030060352759426687 0.00036856114507918147
-0.0015049616187300778 0.0002855449667567028
0.0013221324742906037 -2.3444190425412876e-05
0.00031739281489012657 -0.0002423447852527203
-7.609004271755697e-05 0.0009487032687355984
-0.0004582373916141238 0.0006791736328337029
-0.00026625861578315077 0.0004899726821084975
-0.00035731915203506204 0.0010004276926539534
-0.00018680993500897597 -0.0005065970196886491
0.00010089530726001672 -0.0002225415322861433
0.00015644813818661116 0.0004259462969065617
0.0005208724136485975 7.804778328077654e-05
-5.633240403895527e-05 -0.0002494651452913387
0.001083543918546868 -0.0009454829296862093
-0.0006474841443896838 -0.0007869774655544873
-0.0008126926632296283 0.0005041266365509388
0.0004868640364302919 0.0002025108167193401
-0.0007262700481192262 0.0004007052365237445
-0.0003515572355125592 -0.00024410860896380667
-0.000390170049982445 0.00046062412516615454
-0.00025716807660549766 -0.0004685159096775756
-0.0006276687285045749 0.0001419783792748299
-0.00041502888676260926 -0.0007554077962858288
0.0009156594445860106 0.0006309844003800778
0.0003748471818150171 -7.243708631992568e-05
-8.76855286582958e-06 7.581351131407043e-05
0.0005759425879358242 0.0005520211116465894
0.00010615238034034607 0.00040191170682351245
0.0006562967994442979 -0.00097812409047386
0.0005121194453766243 0.00017937440506663976
-0.000823084913193703 0.0003425084910130602
0.0006974481951058637 -0.00032996560777265305
0.000638083819880785 0.0001810151700474974
-5.7981502794923466e-05 -0.00039564412399033954
0.00029670983787385356 0.0012407636633700479
0.0007846761516300567 0.00035933342012656395
-0.0003780879435798619 -2.2641875571692185e-05
0.0011013839621090186 0.0009089927252511584
0.00029872864485495725 -0.001061941648521738
0.0004501193515738986 -0.001164072471928755
-7.374425455007651e-05 -0.00028850084702731365
1.1891010628361062e-05 -0.000982373521259753
-0.0007122304116260817 0.000640370366206961
0.0001020117124096909 0.0008109013561586171
-0.001434771842588025 4.828690440671355e-05
0.0007268003749393996 -5.596265671587868e-05
0.0006414312761455587 6.0146849471928575e-06
-0.00011636380398332338 0.0002153840951743298
0.00010022459228220446 -0.0004157858409888466
-0.0001472770948372917 0.00021820847580290444
-4.83703527552019e-05 -0.0002881278012498503
0.0003781296853686991 -0.0006531088241250561
-0.00011991623730649384 -0.0011814949103100736
0.0005345555846355709 0.0007524458433464995
-0.0003287538691865321 2.4024946049189748e-05
-0.001158646561260281 -0.0004556116478242045
-0.00025525460961988366 -0.0007483021901400143
9.802215090544431e-05 -0.0005521807129179881
-1.0605689993939916e-05 -0.00019037462472626295
-0.00031130145407091807 -0.00036492043441897206
-0.0008644354199919286 -1.4855610267351338e-05
-0.0004138511095411931 -0.00012389049740689435
-6.201877457844875e-05 -0.0008660707155698827
-2.9203635941579705e-05 -0.00020405875905606243
-0.001251415538734123 0.0002824750635616273
0.00019983460882712782 4.607353708306792e-05
-0.00044919936787374265 -0.00016515628138820895
-0.0007733972296774845 0.0005639864165466907
-0.0007114182594425699 -0.0006635823438799174
-0.0002185286522824028 0.0004835707430449828
-0.0006947554638154213 0.0004070573927218302
3.6645921213162196e-05 -0.0007909650827418687
0.0005737348232335368 2.8768398976976196e-06
0.0004055284843496412 0.0005024461153306201
-0.000995014427228719 -0.000725736205717563
5.68238821558145e-05 -0.00016287677517989985
0.0003587747895501001 0.00026126980454817885
0.0006744868551113234 -0.001017481617957728
0.0006425926548714479 -0.00025558536147195736
-4.162276550851024e-05 0.000408423189766624
0.0002608545888118366 0.0005759283065898033
4.839682722420052e-06 0.0003262418405829845
0.00024332020885150957 0.0004633756728919024
0.00013265570391851345 0.00117373736348199
0.0003019147690138182 -0.0007099058590114596
-0.000682954624209429 0.000178779638465336
-0.00034320838626277747 -0.00043426566798188273
-1.4285291616194152e-05 -0.0006303035781176556
-2.6830762826208463e-05 -0.00012002704573021392
-0.000888498932872019 -0.0005532405145415393
-0.0002128485416777571 -0.00014740600822932132
4.32946792251076e-05 0.0001443424480599764
-0.00010601483815228848 -1.188451625276678e-05
-0.000494392909736599 -0.0007507418767764048
-0.00028333454660215665 -0.0012699780470728165
-0.0007142555395884037 0.00032413316875603773
0.00024221100378576287 -3.695621444403875e-05
0.00020654313051427176 -0.000677875813894503
0.00023816859204270027 0.0003791410618598028
0.00037717300435204646 0.0003711264025997226
0.0005621794991621383 0.000689335363217222
-0.00018176533387943657 -0.0006582843229838723
0.0004007143188159463 -0.00029078658925543353
6.361739857888916e-05 -0.0007929541509467272
0.0005816601804391358 0.000716635992744642
-0.0007235681484308191 -0.0005210640706516604
0.0003909452980289897 0.0009476766912773375
6.105937823398255e-05 -7.268054524256287e-05
-0.0003599708930481089 -0.0006842171157217938
0.0006470901674331036 -0.00027978523694547144
-0.0005547045005800906 0.00019204619414330167
-0.000495276976475438 -0.0004025946830845225
0.00012455976740794554 2.2218873856705018e-05
-0.00012318294168794653 -0.0010093003129347602
0.0008556544869390147 -0.0002516219977994672
-0.0004452321619788298 -0.0005249612042231239
0.0008011225969842307 0.0007365646203349232
0.00047176100049701406 -0.0006115277605054774
0.0009177278695231737 5.537051432532923e-05
-0.0004511784290946251 -0.00016823377706731766
-0.0006400136326259544 0.00013455286683939098
-3.7177851351570946e-05 8.528888620098122e-05
-0.00047441782123996653 -0.0005394372014894105
0.00011905050087185958 0.0010917459968046322
-0.0007582492899164675 -3.338405854860717e-05
-0.00019514869806793762 -0.00010204046923058805
-0.0001995122136068599 -0.0001220640693624215
8.192028615588809e-05 0.00021542537987256842
-0.00011028045416569216 0.00047617235899764766
-7.896491025485463e-05 6.711977589588391e-05
-0.0006054718816678669 0.00013669068199867633
5.34527358319689e-05 0.00011625871324430103
-0.0005685993155813474 -0.00012109162182864745
-0.001259752371198747 -0.0007017843498355797
-0.00020208849939858293 -0.0006752106071446597
0.00015007264633057856 -0.0005866841368366212
-0.0004389933525920458 -0.00045352627943416905
0.00033253197260316137 -0.0008709646064072287
0.000314488781085934 0.0003768409437367397
0.00016492339014586088 -0.00023116149434341906
0.000531797064231999 -8.295142842328524e-05
0.00045761455365230116 0.0006877970551116278
-0.0006671423484170387 0.00029872462901874117
-0.0002161292106445025 0.00020402864651597883
0.0007445885809094906 0.0007313393874675727
-0.0008076578310842592 -0.00011095617391495081
-0.0006444219627945115 0.0002226643264504958
0.0004105687677810764 -0.0005751639006351849
0.00026901524923653625 -0.0001228393413183451
-0.0009891261772767151 0.000709469726526285
-0.0006133804823702984 -0.0006331168582779202
0.0004928776540889113 -0.00021057437673510768
-0.000401063262249897 0.0005962433757712111
-0.0006630118216510236 0.000110087238790905
-0.0002519955969770445 0.00037050011435990095
-0.00020653368548574985 -1.9395489325299392e-05
-0.0009900408365796374 -0.0003368072641240934
0.00013354769381740793 0.00031280870511586455
0.00015126025818210833 -0.0010489596501325063
6.959614731508047e-05 0.00019181592280101775
-2.487607471657612e-06 -0.00032804510096353404
4.626742247442909e-05 -0.0002770070080675709
-0.0002557296302735715 0.0007902808096969723
0.00034906816306427005 -0.001069417135050349
0.0008653426514486464 0.000369508678313892
-9.673053961746579e-05 0.000486058044887714
-0.000608471796532299 9.662312291665775e-05
0.00038611686970031685 0.00025426042083594234
0.000582227286309819 0.000637519449748877
0.0004587723627928281 -6.099733323142377e-06
-0.00031046812412816884 0.00028784338879544904
-0.000543290187542684 0.00044332255558524416
0.0007902121477907874 0.0004956102877146284
-3.693813451102521e-05 0.0003168092833784906
-0.00011139098341915861 0.0004802870433674433
-0.00056722893315848 -0.0003833918734378127
-6.599528049178572e-05 -9.775849202690764e-06
0.0009163953187236241 8.725783119938746e-05
-0.00026938201262856684 -7.863947254700957e-05
-0.0004096142908739172 6.08034786673738e-05
0.0009615062885188576 0.0006290266382097937
-0.0010274067271241274 -9.725099858221679e-05
-0.0006634151066147862 -0.0009800812735250768
0.0010979188410136205 7.274817868701487e-05
3.5196256778693976e-06 -0.000890300796336658
0.00018745007434284924 -0.0003635202090700942
0.0002521472891190508 -0.0003306184376160195
-0.00034805632429625404 0.0006714840815575205
-8.944699130962831e-05 -0.0005015067674199871
-0.0005904126383724566 -2.771548702712664e-05
-0.0005224682900482876 -0.000524851272702927
-1.8767775951030892e-05 -6.139158924635406e-05
-0.0007489643900132722 1.4767985455088978e-05
0.0004504120888821538 0.00032936185615837046
0.0006546453941976131 0.0008208695082995486
4.71909542638736e-05 -0.00048243997465711086
-5.3360477511814565e-05 -0.00044030077712400737
0.0011819323098477765 0.00025971112679272886
0.00041099978387203396 -0.000373813519456112
-0.00010311987511846086 0.0011675750404603524
0.00018472337301868937 -0.00047829577394032367
0.00029044636021264636 -5.2129148361942274e-05
-0.0006034238060562094 -0.00026832835388182697
-0.0002743217459319294 -0.0005876436870062089
-0.00018165168796607244 -0.0010952505470917394
-1.5971565352051554e-05 -0.000289280998206128
-0.00015939725287287873 7.981065134752784e-06
