3.659767614202428e-05 1.715333535158066e-05
3.396867140439976e-05 3.243436834386703e-05
0.00926027596782139 0.02850244865345272
0.0007677605462263648 0.0017364673711752574
4.675945731550193e-05 0.0008237177657803431
-0.00018868420419706987 -0.0008393416666124301
0.00023815382588350837 0.0003029064098063115
0.0006023613910389674 -0.0008750193797092378
0.0014385618119195833 -0.000498432391664926
-7.012625720827903e-05 0.0005115278391746728
0.00022853934340793687 0.0022694508448028007
-0.00027797072649912626 -0.0009674739755901716
0.00032703327051216124 0.00013652504086325736
-0.0003296793364072681 -0.0005489457775962488
0.00033802548416626306 9.65381961622482e-05
6.1664995489089305e-06 0.0009482957336121574
0.0019583754999020746 9.427368212264744e-05
0.0009522640921269032 0.00021964599814299797
0.001250778071903452 0.0007792109174145563
-0.00015334246278401163 -1.2493638944051971e-05
-0.001152977989902022 0.0004654979653118451
-4.242328427181713e-05 -0.0010459117768779856
0.0005692741448166713 -0.0002547357316440786
0.00014169661597336503 0.0011059856533992432
-0.0006100152892372723 -0.0015012479828049204
-2.4162038193349003e-05 -0.0007302933170442611
0.00030908679529474556 0.0004482425149109381
-0.0009434057953786909 0.0004771185234453372
-0.0005046157707934421 -0.0002926262034159434
-0.00013339648491846864 0.0009452877974881735
0.0006406053729468569 9.29908544300392e-05
0.00032346023998224444 0.0007988305576015137
0.0005217646681527872 0.0002546857531193294
0.00017066255182793082 0.0015108696532038417
0.0006629252287116083 -0.0016067461675284718
-0.0004508263862314166 -0.001068227706835654
-4.99165650626219e-05 -0.0002322397635316929
-0.00036592075351500776 0.0016088383333440585
6.595430735303445e-05 -5.6694814128295476e-05
-0.0006038992626025815 0.0007775035019963013
-0.00046890626439686134 0.0007985972703916782
-5.878952798140631e-05 -2.8444179927876388e-05
0.0006676081075911264 0.00020792814591903195
-0.0011595198314662074 -0.000145733564415955
-0.00035033253394798947 -2.9172850093041324e-05
0.00026928238709871086 0.00012377721092556447
0.00022618890862362095 -0.000944150762542531
6.598870804872826e-05 0.0016051246200329155
0.0005289717524326464 0.0008705057174631653
0.0011613858683904887 -9.631099516686109e-05
0.0002787070207003711 -0.000588910630889982
-0.0001870792331318902 -0.0008309859440110937
-0.00031541938892779307 1.1415225591559957e-05
-0.00026446620332476657 -0.0014573777957127205
-0.0001721851419380784 -0.00020655926964709983
-0.0007134210711547734 -0.0003871630278437807
-0.00036276646708149836 0.00020893106852846088
-0.00015821453680190019 -1.1918997680311646e-05
0.0010279830597073778 -0.0006897326167686056
-0.0003876580037305553 -0.0006622514761329316
-0.0007232007476233965 -0.0006449956848683567
7.566397556167498e-05 -0.0011583486284631713
-0.0011229668866315331 -0.0004960712417472451
0.0005015384735506582 0.00019912445394739398
0.00042265467214924626 -1.5189241341439492e-05
0.0016068845455726414 -3.9893865706755426e-05
-3.6985758329131144e-05 0.0004792293550707586
-0.00026602948049719497 0.00018773881715727185
0.0010553203357843387 0.000789004951592194
0.00024136177948443655 0.0008278251590713489
0.0002512056788222299 0.0001940145538296912
-0.0003395660019137286 0.00042137295784517475
-0.0010650744809582015 0.0005785871529046006
0.0010559073685737508 -0.0010273832199682472
-8.926660984752633e-05 -0.0008305773925156137
-0.0006579345703278389 0.001199101296820903
-0.000454188357155696 0.0005964042018452952
-0.00034242636106932646 0.0014467181945626458
-0.0015238481220377926 -0.00030419765283620483
0.0004651753085137285 -0.0010315751164300792
0.000544553096032112 9.075891466390093e-08
-0.0005681461115821673 0.00026309524434228076
-0.0005496331831632134 0.0003620645428969313
-8.348079816209655e-05 0.001478777990410628
-0.0003024226027032568 0.001579239861048741
-0.0009556631237659567 -0.0005725373359313998
0.0002708212653412938 -7.829627903983952e-05
0.0003636187918186745 -0.0007595150661000392
-0.0006045676387481635 0.00019442272930590378
-7.406299148553626e-05 0.0014572349401536947
-8.828743541382452e-05 -0.0003680734459201695
-7.902390262315664e-05 -0.00021698145440450736
0.0008969456980681488 0.000551816353372631
-0.0010868789665504364 -0.0003519324210876571
0.0005330671418337725 0.0007894022082252913
0.0002434278780573786 -0.0016599975310119279
0.0004888981375261807 0.0004174723797375367
-0.00014883080647300692 -0.0005619365110805756
0.00011887387036163572 0.00040588400472608077
0.0007712481045096132 0.0014595660313625328
3.813048300368881e-05 -0.0009196181695011118
-3.466819818476807e-05 0.0012343834542137674
0.0006402922284482779 -1.3783919837485743e-05
-0.0003871016653159206 0.0007357864776523158
5.240689138147042e-05 -4.008530415111739e-05
0.0002864959325004159 0.00023351990364368642
0.0010763203729261715 -0.0005412812825768972
-0.0017472475639808416 0.00020422818616181061
0.0007291743186011866 -4.3027223596451657e-05
-0.00028244374497483297 -0.001153917216486943
0.000181620470228279 -0.0006065114194806514
0.0009859847172778381 -0.0004529697283946359
0.000604058074408333 -0.001262295985361585
-0.00022792164728459787 -0.0007643436535186927
0.0002845339734886292 0.0006496535151938996
-0.00022338411700494095 0.000577417789019309
7.12322667301141e-05 -0.0001111666772139344
3.436906139295095e-05 -0.0005518121563852737
2.6159910011947228e-05 -0.0004399659660532819
-0.0004206437628917604 0.001065844643568773
-0.000747822329555812 0.0008180789318816925
0.00039613332642847595 0.0006443583886524224
-0.00025609931261635406 0.00038765321018092275
-0.0013078893307000583 0.00020076006734422497
-0.0008116629252601718 -0.000540384753572898
0.0003997474287650839 -0.0004556361876335588
0.0003441916912134081 -0.0002859819552518258
1.2406686858906501e-06 -0.0006399500765543295
-0.0008253240630356227 0.00019702019886498807
-0.0001403666123840094 -0.00024312807448027804
-0.0013478071357258133 -0.00021810657734426468
0.0007232553924132309 -0.00014796460069878053
0.000131637600953452 0.0015005015540180437
-0.0004541462585080184 -0.00012618594756149575
-0.00028275123419148904 0.0005316585150478921
0.0001484235306788116 -0.0004056166609193944
4.964853897065507e-05 -5.0497807043329295e-05
-0.0008972047436103534 0.00012912544212770108
-4.44658972685421e-05 -1.3428810370604355e-05
-0.0009426483970189241 0.0006637539230049455
0.00018300686824686196 0.0007604926286702145
0.00045632798755750536 0.00018309383799047226
-0.00015667208216114356 -2.2073952103485943e-06
-0.0001334976462847585 0.00017331042058142316
-0.0006118838176047861 -0.0004145419375585725
0.0007052489307499738 0.0007540921882584966
4.667248264146447e-05 -0.0008772472938229344
0.0006573348139905977 0.00036537607790460344
0.0001043058327396355 -0.0008620734838688011
0.00026560354879838835 -0.000697516800458006
0.0003066117885298881 0.0008700794552732068
-0.0004051705410214819 -0.00039395683115935965
-0.0003239835866008666 0.00034576692584910366
-4.887955746538733e-05 0.0001135624707641218
-0.000551584114388062 -0.0006778082763669648
-9.788098898463052e-05 -0.0008876401365054455
0.0010261602450359853 -0.00013465063948355565
-0.00017169731558686687 -8.644866628548311e-05
0.0002496067322092934 0.0008932791489948669
0.00024012220299680885 0.0005672249217097845
0.000829854643473488 0.0004160924430318619
0.0002640984612550496 -0.0005540125722007562
-0.0008623086513291564 0.0014318151962129989
-0.00026728455973955983 0.00015540564275488462
0.0003233261723688798 -0.0009557400851590872
-0.0004332210781402843 0.0003037156878453923
-0.0002107002102341534 -0.000789443904262575
0.0005266626234628481 -0.00013835529132917611
-5.388865999094244e-06 4.661618262405265e-05
-0.0007001477204148363 0.0005245305650367209
-0.0009821118476023172 -0.0002628054055463862
-0.00027029932698337727 0.0007948229944840323
5.930810821554094e-05 -0.00020238522292483752
-8.587753141745979e-05 -0.0007918720983847141
-0.00036255545674770604 0.0008363086473701825
-0.0008700332055878129 3.862673112431421e-05
-0.0005635103287716206 -0.00022731493249875128
0.0004579144787411454 0.00018492586256082692
-0.0002441571162077939 -0.00035325252716184984
-0.00011123189186209285 -8.777108435068428e-05
-0.00037854388476729167 -6.029511792747624e-06
3.623049105963944e-05 -0.0007650558580362065
-0.0006277309667096359 -0.000792839829419134
-0.00035363716103410843 0.00012727617426108693
-0.0009680135937025089 -0.0004630624073716295
-0.0017193970992844538 -0.00012789335958615652
-0.0005824983190021587 -5.697991184881291e-05
0.0008642488017997227 0.0008601102372359021
0.001613070345113722 -0.0010418021844682223
-0.00016946780809809668 -0.00030767825317983526
-3.6749546870920845e-05 -9.594856585414072e-05
4.969621457591182e-06 8.650425612279063e-05
1.6467906530285676e-05 -0.0008199314040988485
-8.9653535042488e-06 -0.0006702578251787577
-3.116182946471151e-05 3.6217822713761824e-05
-0.00036098223356949673 -0.001314526461844584
-0.00016633856331084505 -0.0006169932525099286
0.0006096124923666227 0.0007512119865885829
-0.00013565999171069286 -3.857383478044084e-05
-0.0008901202811321433 -0.0004393308155400256
-0.0005910999099048866 -0.00014030044550710497
0.0009031960595074597 -0.00028971440694872585
-0.000548221501137626 -0.00030255798728035985
-0.00024567893470771275 -9.88604868068156e-05
0.0003660039821463158 -0.000626167720000179
-0.0005227000818052871 -0.00056111007454314
-0.000747291950107729 0.0009081476673858783
3.3225808758099514e-05 -0.0001651688086137907
0.0006489313380066064 0.0008859535743216076
0.00017536225155529472 -0.0004989762898660103
0.00021777430093426222 0.0008008685432454711
3.5575777399764934e-05 0.00012849570935342112
0.0004262040581895946 0.0005041783100329099
-0.0004923323409139253 0.00021028673153180642
0.00024805318888258127 0.0001976866810565965
0.00036633258318902894 -0.00035043306020775294
-0.0005155641502598504 0.0010453610979348719
-0.001032395228371439 0.00046268169735298314
0.00016064338485139741 -7.90903902721069e-05
0.0010031652719063283 0.0003559556475788814
-0.0005438390833911127 -0.0011363234343358274
-0.00013441207053494433 0.0004293470832159982
8.876337209609485e-05 -0.00034818481035043213
-0.0009472889879575383 7.760076145441852e-05
0.00042640216518601855 0.000643405609499623
0.0004624341619785137 0.0008243531140315637
0.00021480099817078574 0.0003779747025505406
-0.0007525759374164382 0.00015261407450673382
-3.559996763002238e-05 0.000558195239519671
0.0001831006735852756 0.00016850017717505873
-0.00037145900525212185 -0.00031364472033378234
-6.724161108875889e-05 0.00011562491335801978
-0.0011871153371522613 -0.0011743636405075653
-0.0007283348736736413 -0.00018405512233064076
-0.00013166326168767675 -0.0005781895021345839
-0.0003201959109399374 0.00034103061041362837
-0.000618536457563431 7.706788567398986e-05
0.0007535341078390427 -0.000843634287163797
6.858993170486355e-06 0.0003695792014375511
0.0002935423620329769 -8.897785700139094e-05
0.00025706362593137544 0.00027751614794312824
-0.0005984956544431207 0.00014418213886930833
-3.68932640349749e-05 0.0004994199848116961
-0.00010403848392609223 -1.81314048820674e-05
-0.0002217312560022709 0.00047895054651863315
-0.00021734040036099656 6.0490840286737515e-06
8.06162601561849e-05 0.0003370346205080465
-0.0005346496613056181 -0.0007693745034565445
0.00039952946010722996 -0.000573474780174882
0.0015341812142602323 -4.843488078671476e-05
-0.0004826188001155042 0.00033190673441179237
-0.00047170406509782495 -0.0006489800958168129
7.157915936591127e-05 -0.00012241692650012808
0.0004850506140867463 0.0004657732315192477
-0.0002180304742802916 -0.000373943780569456
-0.0010854893955384729 -0.0010752036495839184
0.00022996931318413553 0.00032643256267516756
-0.0008276369673928909 -0.00011131880565448385
0.00036698234798835587 -0.001133923951354417
-0.00018493044468165622 -0.00044501731871613755
0.0002830776307038641 -0.000392976345244598
0.0002381990986370961 0.0005230329706079707
-0.0012022870740018984 -0.00034552005193271603
0.00017690564447808162 -0.000321327695260177
-0.00041323495957124316 -0.001141404839985786
0.0002662713923509156 1.964651343422925e-05
-0.0002207869030394586 -0.0008832289475824984
2.3114456299291568e-07 -0.0002535105710498062
0.0009007715343793901 0.0012185695562016922
-0.0006368922833885128 -0.0003074966210672791
-0.00026517822373730676 0.0003637050076123097
0.0004276039851575906 -0.000763285503180948
-0.0014242659455705388 0.0005296154140500262
0.0012004012046436421 -0.0007118582132824391
-0.0003627214299200291 0.00133264740082422
-0.0002375973129308473 -0.0009063568048157513
0.00019256601699223694 0.0001334939762588303
4.314085935425406e-05 0.00028988339576311613
-0.00014999753219346887 0.0003763474613820228
0.0007452913326686161 0.0007015672683595316
-0.001241769829244954 0.00011247567873099381
0.0015424362902742626 4.8825094005486786e-05
-9.407525126518206e-05 4.360739629851925e-05
0.00014383922133834987 -0.0005201711129483253
0.00012041000864651888 0.0004677087603508342
-0.0003003907380517816 0.0004161967076985214
0.0002011164990944437 -0.0001964149882844731
9.954207303473404e-05 0.0006658453218809182
-0.000807882014493912 -0.0007417416292253753
0.0001468849167164204 -5.181588988964658e-05
0.0003440941187844191 0.0008174032467700918
-0.0007533948921787105 -5.726414579169275e-05
0.0008587839131189226 -0.00017915407512208048
-0.001296751015635534 3.434275809418649e-05
0.00032874655972965123 -0.0003152102735426733
-3.073098591355993e-05 0.0001636116081490656
-8.254872951570766e-05 -0.0001172815020353772
-9.099908083491737e-07 0.00038782032609807116
-0.0003366125340165696 -0.0006186877787383661
-0.0005731212662850946 0.0002502066032341207
-0.0001449553429929674 -0.0002231310714080782
0.00021665827637068206 -0.0006379900668262412
-0.0003479331915418732 2.6858660649213645e-05
