4.386491080693125e-05 2.928151020889179e-05
2.232040065384606e-05 9.462169039541511e-06
0.011762394616134967 0.03522591816304085
-0.0012461150996834803 -0.000742633193527178
-0.0019082370716155832 -0.0008507020870003754
0.00029593194071725137 0.0012908768231752283
0.0007477062870927672 0.0002492345216018041
-0.0009704956155067458 0.0008981572571388381
0.0007918658778344126 -0.001312022260580365
-7.924906212500422e-05 -0.0008099010053540832
0.0009199374146736814 0.0010428338083986258
0.0007548993845600248 -0.0009163828145500919
0.0002001436945095146 0.0007420712281534338
0.0004760572745154914 -0.0003276252661011304
-0.000824524186749294 -0.0008325213692518457
-0.000813458910281434 -1.2114189439934286e-06
-0.0003975642381960689 0.00014628102857952796
0.0005889356472358 0.0006465238829810421
-0.0007165674077802146 0.0007497201519051388
0.0010284688209498815 -0.0009672583679017608
0.0007565465392109387 -0.00018472579052523114
0.0012881716332972608 -0.00043697597258684297
0.0001971168994974506 -0.00023961236342418465
-0.00012355208526495842 -0.0008873668204082509
-0.0006881418446490802 8.422005059988817e-05
-0.00048367299673399166 -0.000621424827006612
-3.311875875047299e-05 0.0005079439819365184
-0.0009401421363717508 -0.00041292183702604896
0.00013941261229622333 -0.0008927371792754305
0.001405444127049731 0.0008840065969109411
3.9419531790000805e-05 0.0001701003830540932
-2.2379877266964642e-05 -0.001010438711519076
6.192956607979404e-05 -0.0007558117150841681
0.00017563803485251493 -0.00015247390911676782
-0.000943477703025444 0.00035028368999308557
0.00011654681520130882 0.0005237283090506608
0.0005428180189745614 -0.00063303992902438
-0.0001190092915456717 -0.0005345623351580684
0.00014706181949080698 -0.0005657004794629368
2.9447675803303625e-05 0.000718521266331392
0.0012008024647052833 0.0007323206237130089
-0.0005041393783900196 0.0006791199579123882
-0.000538989464842963 -0.000306446467103399
0.0004996820823771564 0.00021447568624431603
4.05804208874214e-05 0.0006254613225343227
-0.00034754273357721335 -5.811912388382462e-05
-0.0006765119883381009 -1.7528520561193163e-05
0.0010605508425300563 0.0008137338189973382
2.0462086653307134e-05 -0.0004951431966676209
0.0002334088791590414 -0.0002918856601737395
0.00047679924039661345 0.0005562571243018883
0.0008632707705287512 0.00040153542053899584
0.0009239672710988637 0.0008866805596054063
-0.00040246457044269227 -0.00012870636230962783
4.1638930116639744e-05 0.0005615161176128862
0.0004093556122094564 0.001078856531741482
0.00046807183747307605 -0.0002223514944297704
-0.0006289896264157215 0.00033520108090270346
0.0002906260484626393 -0.000558804024106589
0.00043782510726411944 0.0004037522326679232
3.0357462851750566e-05 0.0006947694337201955
-0.000712618246506782 -0.000260700461119293
0.00020248881382878766 -0.001415851271084495
-0.0008907614723802925 0.00023033738491502292
0.0004597922809933073 -0.0003534458758573195
0.0002516881313452931 -0.00017417423847104782
0.0007243580182211845 -0.0015934405208749098
0.00022874458277240536 -0.00028897398846261014
0.0003353911766605391 -0.00012049920107537999
-0.00032841583233154487 -0.0008063866354558737
-0.0009101869365476666 -0.0008264106653593852
-0.000275462586662235 -6.582351707200561e-05
-1.783571500809199e-05 0.0003947794113448654
-0.0005406440842950627 -0.00022053519196187495
0.0003612837090615589 0.00039605010063947414
0.00021473130821670602 -0.0010673203100886907
0.000656972299182021 0.0009953183463938698
0.0009980169378638775 -1.5530061385740744e-05
0.0021122163758277917 -0.00031881850811469546
0.0012920184015457277 0.00028923438360985463
0.00023520269436229314 -1.855132427582572e-05
0.0003626157838478888 -0.00022234116470730094
0.00030405301063288486 0.00015550857869620226
0.0003249609848129331 0.0009437838885651479
-0.00019132827863238474 -3.599627781995125e-05
0.0010804243265036908 -0.0005453684473179809
7.893085111076867e-05 -0.00011944628720583875
-0.0011171631358588218 -4.228050315413825e-05
0.0007409584379849674 -0.0010026772644757603
-0.0001642917040374862 -0.0008075574074092997
-0.0014794238641157068 -0.0009159727329525745
0.0021155628482552626 0.0007874459739570237
-0.0005871412540057236 -0.00014730656318564302
8.827787037495923e-05 -0.0007090950670770941
4.763781670896971e-05 -0.00015117219407061245
0.00012482579840147635 0.00025442419613776944
0.0007120153986679617 0.0002965337000174962
-0.0002670473706351471 0.00028909822209438894
0.0002506522428755305 -1.57583548004094e-05
0.001081970817476637 -6.06571859864375e-05
-0.0004613211172878599 0.001460762444438931
0.0002250939848112273 0.0010177685462995395
0.0004769976855875876 -0.0006792219071918109
0.00017702739773414966 -0.0007778997564505023
6.0459355519932854e-05 -0.0009705806975803783
-0.0008602831637292708 -0.0010811650438198
-0.00044442008043585877 -0.0002424466632772416
0.00012789190736501335 -0.00017177697559166345
0.0009114690084429763 -4.971293899786626e-05
-0.0006253614972564701 0.00020674203178113834
-0.00027716786011375744 0.0006197360074430098
0.0013789579939163762 -0.0013262234843260197
0.0010907665705248608 -6.762917276891208e-05
0.0011853595654534063 0.0006635406061797168
-0.0003215430163943755 0.0003804332062079846
0.0006584097003996677 -0.0003907058872455613
-0.001271653956418918 -0.0005413691464756102
0.00029529507163437074 -0.00024065541850097183
0.000119113216662994 -0.0009770447246071068
0.0013073479185448107 -0.00015517323756996588
0.0011510484369780891 0.0018582283494130128
-0.0005394032530352872 -0.0008041220342734973
6.948898153342062e-05 0.00014656110301530873
-0.0008090041791165055 0.0003580474150607436
-0.00013605464515073525 -0.0008750608259494273
-0.0004383246537503484 -0.0002788046396676013
0.00016523478659640154 0.0006215527290980967
0.0009107106003070862 -0.00011018398455122093
0.0004265916405579043 6.863398794364394e-05
-0.0004837486551079744 0.0003889349735419375
-0.0006041770670644107 0.0012856422096687555
0.0009667202102112936 0.0003603466701745161
0.0010837043576789297 1.6922432471284758e-05
-9.02156515509855e-05 0.0004294596671300364
-0.00025607874230069896 -0.00028993467436259484
-0.0007968629078254232 7.04318183526049e-05
-0.00022344526115013143 -0.0006216433111630794
-5.17610890941887e-05 -0.0003993701347111385
0.0006928923318117723 0.0003985483741042472
-0.00015452935694207273 -0.000154365327899568
0.000861413288327177 -0.00014721864362297494
0.0007297472575771778 -0.0001923090221859967
2.8100210849670804e-05 -0.0006491390200041299
-0.0003426241910784535 0.0004121385982059014
-0.0004604008303179338 -0.0004142735745946887
0.0008039202511318567 1.5217252456259819e-06
-0.00045478935730697197 0.0006979915130478846
0.00019934528151995418 -0.000787363407717159
0.0008626252463518993 -0.0007077386799698615
7.937221145222647e-05 0.00016321174050700082
-0.0002701546591398791 0.0009521825391096563
0.0006118489369873846 2.36748062850018e-05
0.0003487180567219472 0.0006788399729783161
-0.0010841996579931108 0.00032054094137341267
0.0009843964812486729 0.0010596035879979005
-1.2775403041424056e-05 0.0014964348250662183
0.0005578134142335225 -0.0005666136370691382
-0.0009469015257560756 0.0008377169200560157
-0.00023419981191167918 -0.0003482571369801406
0.000329112429473556 0.0005806287459029449
0.0007641363981317585 -0.00011571312792415885
-0.00028075166188717916 0.0006424096593706966
0.0003103510723152384 -0.0007333587950526066
0.00043957392397977026 -0.0009027273010618743
-0.0003474110290699564 -0.0004824423719326628
0.0004211623044054198 0.0005721944600096854
-0.00015558484913277373 -0.00012289218198780464
-0.0001837117598543729 0.00044450839165756514
-0.0008814901210079098 -2.2035553750585393e-05
-0.00020310839465262435 0.00011356007870238672
0.0003613308792004481 0.00038409157179077763
-0.0005766555264302161 -0.0007536125082289207
0.00040190826536193195 0.0003730983406595943
0.00013874509500035973 -0.000531189166213867
-0.0006566860545154686 -0.00018121264804956522
-0.0003789068833920641 0.00045523875705709866
0.00010679726702870691 -0.00041476349154048
-0.0005908021764985985 0.00046396674402784195
0.0010249729026697775 -0.0001705085093453609
6.638929414278256e-05 6.12518954376481e-05
0.0006126165436870376 -0.0004335506428464602
0.0007546820557957055 0.0003095969144247787
-0.0006819312892414121 -0.00013628835848556887
0.00024314140717328678 0.0008275022953239337
0.00044086824343562167 0.00030774794996851567
-0.0002170645884301582 0.00023298857264223262
-0.0008965286084687657 -0.0010713736061156267
0.00025565903450465894 -0.0006038941646440216
0.00029165210431057503 -6.35373822679281e-05
-6.523314452477576e-05 -0.0007049505112919286
-3.22609663218256e-05 -7.905724947186402e-05
-0.00012298172287958422 -0.0007057097149537819
0.000219925404850968 -9.649403936462351e-05
-0.0015516746254968102 3.4153819595444447e-05
-0.00020608847284538041 -0.0003477964447846592
-8.355975655470517e-05 -5.7827037178614497e-05
-0.0010482276775636338 -0.0007303686151983518
-0.00024624889137512813 -0.00043652424568172684
-0.0003531564807114733 -0.0007579240384682717
5.831958283153848e-05 -0.00031310106792642857
0.0003469914604310441 0.00031488758199531183
-0.0011187789292352356 0.0002571290087308228
0.0006482431285835565 0.00033491597299751657
-2.7349556005827634e-05 0.0011715510895773439
0.00016983890300583087 0.00040984692560154106
0.0005069033725326052 0.0006107602227592028
0.000518179549279214 0.0017075486658038584
3.730600475271227e-05 0.0006816667335060578
0.00012267782301483856 -0.0005519023476997828
-0.0005334948757995021 1.8880960063095713e-05
-0.00013478561405049036 -0.0004224341760822827
0.00013404307856146737 -0.0007494187404428556
-0.00034467577845734835 0.0005984003778157389
0.0004032468419777133 -0.00036960957145903674
-0.0005007843061865804 -0.0004406675533474913
-0.00024903738712918393 -0.0002797279289062024
-0.0010210148573699754 -5.5565331681358113e-05
-0.0008844821839592588 0.00010139790902604845
-0.00014594019536360073 -0.00030348608775733287
0.00040616001863803423 0.0010453995692024497
0.0005834093559192785 -2.0399724318825617e-05
0.0008456913266546809 0.00032405813891531063
0.0004806163619561811 -0.0005264489404363905
-0.00013166575894567382 -5.9797910126320876e-05
-0.0004905839634659453 -0.0006915053417128551
0.0002892071901217348 -0.0001464847374639983
0.0005216633803950325 0.0009172705387478323
-0.00026343972178101123 -0.00010157264987272513
0.00025068947690515936 -7.835525563278007e-05
0.0001121501714212394 0.00011621671013212578
0.0007462408832682022 6.232758319204767e-05
0.000598355716880305 -0.0006479327512179791
-0.0002582710084698769 0.0010044887116095825
0.00032987480811755374 0.0001068063258697442
-0.0001861014172977463 -2.9967697641129913e-05
-0.00036041221852057745 0.00027175282769710464
0.0009460053911652476 0.0005562454581148114
0.00013909784743559332 -0.0003671119261880691
-0.0007113131731604851 0.00019023112214992235
-0.00014516450492900064 -0.0006349364204936315
0.00022535679512392784 0.0003074048080155842
-0.000786387616252325 0.0005205502174746608
-0.0006489392492000165 5.538633743879412e-05
0.0006276068893892513 0.00020622419677964534
0.0008962454204284513 -0.00105633737283562
0.00025802198409040854 -0.00023114863740120506
0.0012734965388898143 5.340031893185154e-05
-0.00025092423464293944 0.00012724770421868503
0.0001520170549054273 -0.00038396583719081624
-0.00018783240632494144 -0.0007864635596936897
-0.0008191938535179877 0.0005621356604112623
0.00017145531061160603 0.0004433383249818752
-0.001441300757594345 -0.0007014323187776468
-0.0007690445011840307 0.0005989749743679785
-0.000889822094828945 0.0006016591426842224
-0.0010472525199934917 0.00011540249892237742
0.0003990953463749975 -0.0009391918707509512
0.00037298903481136354 0.001137275576280223
-0.0002838906780080612 0.0005528422049718458
4.154566963227281e-05 2.352886552079557e-05
0.0009245103903244812 -0.0010299540313412614
0.0011267823299555132 0.0005939641317869799
0.0004395427502928252 0.00021905912895629352
-0.001298182659061076 2.6545755741234645e-05
0.0007193643855159128 0.00020496142971453675
0.0005984864230199456 -0.000520766373302529
8.5540542112932e-05 0.0008298623322937378
-0.0005273858785946257 -0.0001701204796586501
-0.0007742915138311937 -8.468945091232385e-05
-0.0001645842589206586 -2.5005271376334187e-05
0.00017301708784706589 0.00023116967819386124
-0.0004882319175529792 -0.00032604551070640773
0.00013940721959029801 0.00023868596347316186
-0.00018020993774770115 0.0004660992761566437
0.00027581473376990956 0.0001740642870179115
0.00033823254973210803 0.0007520284916193011
-0.0006803313321915305 0.0010653683299777803
0.0012037413471434923 -0.00031354517634079216
-0.000780013655840224 0.00015478335334254356
0.000611697225977316 0.0003704213920036191
-0.00028485893909763313 7.3120868133667e-05
-7.809510322603409e-06 -0.0003481741411157057
-0.00028179940142430136 0.00010480055563238208
-0.0008851370437312239 0.0006474966184486671
-0.0008186914808204033 3.905722257130678e-06
-0.000981290556843605 0.00014341932388086816
-0.0004674559207502628 3.782312238680876e-05
-0.0001809080401492831 0.00025851339149685423
0.0007337284945357054 0.0002676943232723378
-0.0002556522567387885 5.517060317056768e-05
-6.481815697622508e-05 -0.0006925777738796161
0.00018503957544082635 -0.0005833398692747682
-0.0005410340518692986 0.0010078038519379668
0.0007838446582602077 0.0004925754353305061
-0.0001132227703454871 0.00010806957008928853
0.00043056120427725964 0.0003919014108826609
0.00046524396213677087 0.0005269075618103975
0.0002874745362323394 0.00033736718937911253
0.0011767126350292836 0.000878619955706806
-0.0003664164677120925 -9.385273874262126e-05
0.00020381808100459082 -0.0006532262180907844
0.0005523643920810526 0.00022841152915763118
-0.0011388597282881174 -0.0009490789305564528
