4.657501304693428e-05 2.8376254341412488e-05
2.83177411510431e-05 1.7626708614973215e-05
0.022197703445141284 0.028968699148621543
0.00031551782505287673 -8.883196501714679e-05
-7.056186145230939e-05 -0.001102603161298169
-0.0003937869742040081 0.0008034886968347009
-0.0014366795633799674 0.000366524631140764
-0.000523490076469585 0.0010803851606652171
0.0003014684013403028 -0.001010117020796163
0.0006650060924518378 8.487508929409084e-05
0.0005561228816203741 -0.0004946332584248324
0.0007845671239926867 -9.153284664290635e-05
-0.0009307352923420424 0.000694379818652106
0.000693957313163 0.0011767597030069602
0.00018393502151254718 -0.000647998385633208
-0.0006599150532537111 -2.6865981514710715e-05
0.0011058898332515722 -0.0007237355813297641
9.689441738898295e-06 -0.0009564754163833363
-0.0010288142731647212 -0.00017066015431329735
6.26851865484328e-05 -0.000772966814592039
-0.00034711399071750155 -4.8456915809111446e-05
0.0011270568835652648 0.0012436431523087943
0.0009533481827783123 -0.0010840990132068077
-0.0016683172844612088 0.00020283167479934433
-0.00032936502115380747 0.0005547546396989018
-0.0006677244403144309 4.1121405283825504e-05
-0.0008009103334127705 0.0001992276078630428
0.0015410852151745112 -1.8625126557652665e-05
0.00010077425379893592 2.162824423835774e-06
0.00045229498074256057 0.0009480166039178129
0.0005296799328644465 3.342819165855139e-05
0.0010200353311187874 -0.0009951827784259377
0.0006249984145533389 -0.0002714216572644805
0.000949285751023645 0.0003606410969025364
-0.001174831128358773 -8.381263405366737e-05
7.49814204669026e-05 -0.00041907734746639177
0.0005406582289395219 -0.0010739222785079905
-0.0011013028019208153 -3.3125410556724846e-05
0.0009268086504381405 0.00042409415907961436
-0.00042431482789871705 -0.000498097025075848
-0.00040696082378829305 0.0006533499854743598
-0.0003464813091149548 0.0001908630597653109
0.00015701051693260638 -0.00031664950797732325
0.0010592346466338687 0.00046730969374690243
0.0007833735003941716 0.00027588640372057323
0.000744873384006038 -0.00027331798035701456
0.0010846545766671207 -0.001239565158972743
-0.0004917751924078843 0.0005151863792776667
0.0005855957641479658 -0.00023528174718690398
0.0004147205838922352 -0.00032554417893830177
-0.00019123365282125971 -0.001120459805616365
-0.00013931269554340488 -0.0004552053029834689
-0.0004915655061878135 0.00034026966077740884
-0.0009431129737256019 -0.00027569160102071817
-0.0007660281173627796 -0.0007358412111371313
0.00017836278477190878 0.0008135832453179747
0.00047700069034770564 0.0002784102275487078
0.0001687363381270935 0.0005620559716452569
0.00022347941780237696 0.00034257417522412395
-0.00010280860844601067 -0.0011906712029453046
-0.001486014152784894 -0.0011205203836680197
-0.0007639722489274243 -0.0003751653635021206
0.00045059940838911743 0.001433123406383598
-0.0015383054978845621 3.915352371474481e-06
0.0004091962898820193 0.0005037655965600005
-0.0006507336260484795 0.0001338668956087138
-0.0005014103294505573 -0.0011319650089868557
-0.0004442066842797019 -0.00043472024442669306
-0.0003395572634313172 0.00013770174846107
0.0006544752273295274 0.0017113349358144519
0.00096313063382514 -0.0012631708127856624
0.00015846427082400087 0.0001400661373987849
0.0002516553192056651 0.0005090975787053444
-6.951587160766452e-05 9.769996583072945e-05
-0.0012620654201489243 0.0001069892695964619
-0.00014851243116299325 0.0015314641836373826
0.0007120000920150671 0.0002518710534564152
-9.459816940426316e-05 0.00022601011440643773
0.0006983519123574929 0.00019094024567242645
0.0015136105464090468 0.0006579207721322605
0.001292015955673345 -0.0007322002635727184
0.0005092220398552553 0.0006563957783674584
-0.0005364162257256964 7.472384638106094e-05
0.00036774691272972574 4.641354791156207e-05
0.0005223358819884044 0.0006160990911618658
0.0006848181012026586 -0.00026262036889247844
-0.0006581573990512636 -0.0008465134134734394
-0.000880318599604344 0.0009976313855867053
-0.0001579416553298801 -0.0007756596859749317
0.0008993115576172255 -0.00031531607830624
0.0004859728899011219 0.0006000761880220382
-0.00010297688955160654 -0.00018706665283785433
0.0014727894227368349 0.0004389717974324382
6.978540050581437e-05 -3.384866438411454e-05
3.0618690236432176e-05 -9.523540420832534e-05
-0.0005333618124474244 0.0005919635126878687
0.0004858465328391794 0.0012591311325986644
0.0004442213683816043 -0.000485477947306967
0.0002721792551749694 -0.0003099103908471233
0.0005691305758686626 -0.0003832441382256488
0.0007838798483291547 2.155427851174606e-05
0.0004018330394495116 -0.0014063031248617922
0.00030685465269414354 0.0003662668020193273
-0.0002812645948823799 0.00033472361506131176
-0.00029580054639536996 -8.582094754435845e-05
-3.260517251245887e-05 -0.000611884360103636
8.523932274762049e-06 0.0007261388070777819
-0.0007134708816113936 0.00010115311666693542
0.0008782207354317686 -3.3565327989031586e-05
3.715798547114058e-06 -0.0004472372634351142
-6.609351496380016e-05 0.0004947608820959825
-0.001001119591975984 -0.0006140951694442117
-0.0006383808414945079 -3.5081805057982137e-05
0.0002492679962506534 0.0005359337342381253
0.000921166042936102 -0.0004029648009398844
0.00040599825083779316 -0.001141024497950851
-0.0005947778340985009 0.0003044850257728684
-0.0003332792822586619 -1.969094835741551e-06
0.000617862368755055 -0.0002872589660868157
0.00011475890226943132 -4.3418447634370905e-05
7.823110659228978e-05 4.697713933617894e-05
4.313112499297234e-05 0.00019363843752412865
6.966437773947444e-05 -0.001451828605954154
-5.7296890024446336e-05 0.0001781191687942945
0.00011728998125273306 -0.0004807051235454978
-0.0005337512537172429 0.0002959516020799987
-0.0002614018320919731 0.0006917663846257073
-2.1656366889710108e-05 7.824696253663504e-05
-0.0008385680843482834 -0.0003554924674705415
0.0015509327260021712 0.0006530424352228307
-7.363095800353121e-05 0.0005196305297431756
-0.0002714618516721888 0.0005088946163602746
0.0006988244240258236 -0.0005537585960389904
1.2098518025830768e-05 -0.00044730832197099456
0.0015078309398714959 6.189495095407865e-05
-0.0009345218678361595 0.00027347121849696576
-0.0003093905169206764 -0.00034175503948582635
0.0002387201712667156 0.000771233335694994
0.0006166787450033883 -0.00046308235997366955
0.0006739358457072765 0.00028725373996536666
0.00012485501798293884 2.185352445926632e-05
-5.940562077182943e-05 -0.0004056685466099743
0.0003948005615297255 0.00021523337827068122
0.0001417924169798334 -0.0004437161675855188
-0.00027911575125849896 0.0006051551252349185
-0.0009246377378814095 0.0003467345709148757
-5.588199966933033e-06 0.0007714322231241128
0.0009266748165395549 0.00020035844127342585
-0.0003683494429635074 -0.0010685545574030662
-0.0009054082354643141 0.00028465466494250336
0.00022791415234544522 0.00033931101825432185
-7.52714663800494e-07 -0.0012778476286662926
0.0002842961147179242 0.00011595625672990352
-0.0004735134508238981 -0.0002466464885245902
-0.0006375762814761329 -0.0014035705252042105
-0.0004636181145354579 1.9876420426098e-05
7.673910708915484e-05 -0.00022004922172078555
0.00011388669254888329 7.897810700494821e-05
0.0005958511280873981 0.0006767396303583419
5.1529864953088226e-06 -0.00030988511370759274
-0.0001278746651982732 -0.00030793495411430216
0.00029282653704288026 -3.125217947090706e-05
0.00010879518517532413 -0.0005532594795817546
0.0003221115860585775 -0.0003840556601419772
-0.0004941764309078396 0.00046005258326803675
2.1978882137849853e-05 0.00048781842121640366
-0.00018699004363946826 0.0005760479085690934
0.00030960264881366926 0.0006047820900664678
0.0005932559574979379 0.0005030715485316687
3.114324931215301e-05 -0.000537664790481596
-6.87558013971881e-05 0.0006728949622352965
-0.0006133041932054519 -0.0010105309766903112
0.001436676045055936 -0.0001941585224579485
0.000239975315113556 0.0009521612161489492
0.0014882869033833329 3.724774469966858e-05
0.0003573618398061448 -1.530226513074218e-05
-0.0003475750631940876 -1.844839438352185e-05
0.0014695120625189356 -0.00048062723085090764
0.0001185281535627603 -0.000264202402171623
0.0002662602687842266 0.0015690807048172064
0.00014603018596610792 0.00046813200597621405
-8.077294036033801e-05 -0.00028016452379100694
-0.000543543801870614 -0.0002558037476439771
-0.0007123115829270287 2.8096809879927468e-05
0.00015822828454159995 0.0009238935324721713
0.0008631840040004437 -0.0004691830452979888
0.00014076004820432088 0.0004185433187057477
-0.00010666734032092273 0.0008567508965402143
-0.0007793228932548847 -0.0001327505353186424
-6.98986924071381e-05 -0.0006971984600009723
-0.0006723212994507807 0.0002004387315671281
-0.0007687952144347361 -0.00042348310585507736
-0.0003505336574111874 0.0004335930182058012
0.0002063372509553177 -0.00036676469155221556
0.00017845781515245704 -0.0007439629281117775
-4.770842163735375e-05 -0.00028277620551802013
-0.0008448659970728004 0.0004651154177356068
-0.0007089249699985939 -0.0002669067788268707
0.0009248543336585488 0.00039281414670556226
-8.469798816684363e-05 0.00025153164808227544
0.0005980067693060815 0.0005215874461859424
0.00020133605189809285 -0.0004906187416744347
0.0002839106564181404 0.00017844269862105162
0.0006040096520414703 0.0006011344759826574
0.0006677324185718742 0.0006767716966733906
5.4352523644570255e-05 0.0008690338763270306
-0.0007233609476497368 -2.463796852270135e-06
-0.0006598550205917943 -0.0002604994415803852
0.0002393559710071135 -8.304525148006777e-05
-0.0001558316557446508 0.0003121078696621563
0.00026972655076518517 -0.00017322985541518013
0.0008908625627211871 -0.00015196180615831964
0.00014004862404766485 0.0004838567699030089
-0.0007591546625181702 -0.0001247883872957543
-0.0002900431471627798 -0.00029113660603505574
-0.00011402767815844188 0.0007633657558747315
0.0005010765078753912 -0.00013088300071911508
5.601802285515921e-05 0.001531096882694452
-0.000222761773433808 0.0003415414683762724
-0.0004067285272297114 0.0002687427770028562
-0.00023107532562753705 -0.00024998118768292734
-0.00033945889153691244 -0.00028528284729618827
0.0004936009916654236 -0.00034304579643104475
0.0005722592402246833 0.0002187511366737626
0.0009053517686625834 -0.0002696457024400137
0.00010986855327287256 -0.000210793760008337
3.73620973161845e-05 -3.8300659966692965e-05
0.000258866178631949 0.0005442932518743335
0.00027191566904937316 -0.00036466247006092776
0.0005029345944983867 0.00012608587064195164
9.984415866016113e-05 0.00025264457748284323
-0.0006867932953183895 0.0004709140198740336
1.7510986775756064e-05 -0.00026054266271412707
-0.0001847871411089451 0.0006397048052892391
-0.00014798205543676497 0.0001228977550399875
0.00043845482775531114 -0.0011288925403882201
-0.0004128850515922552 -0.00021878632434276174
-0.00028111620910854963 0.00043627195465229283
0.00019178534266238787 0.00013704792846573095
0.00032600815456817437 -0.00033527025184252864
-0.0006564164202179512 0.0007931808018241331
6.410434648236256e-05 0.0008169236650652786
0.00016951796786637572 0.00040044023592045966
1.4283835315067826e-06 -0.0016628171479322461
-0.0005157573142381374 -0.00038111230255505666
0.00017990784698984768 -1.933384243255509e-07
0.0005819544365693811 -0.0002677482071948923
0.0005263359677941173 8.6038710684371e-05
0.00033456465043744715 0.00018186217107582167
0.00015663215254798892 -0.00024095480318375452
-0.0009407274515688803 -0.0006347692638875667
-0.00181482717086174 0.0006543484029467566
-0.0006666426175981472 0.0002419798172502927
-0.0008560999110949552 0.00011030645112523248
0.0005332376469311371 -0.0010119751899638006
0.000483516525594565 -0.0001842654529021097
-0.0010549889369346238 6.372120002787223e-05
0.0005531342366488408 -0.0007607973982999852
-0.0006315347455284347 0.000315669267338511
-4.033983012220262e-05 -0.00010083046370228591
-0.00011195430731742474 0.0002778653311344331
0.0005952823624203159 -0.0007107875159408047
-0.0010492379287624313 0.00013201839028288245
-0.00011739371232989756 0.00037905798957886723
3.7796759032876064e-05 0.00019417429425468624
-9.119129032605827e-05 0.0004026865840581805
0.00026156210211392416 -0.0010072973430426805
-0.0004334055163183315 -0.0003838497838726334
-0.001401343390529552 0.0003838801204174591
-0.00022446877055412725 0.000769030517642787
2.1496347962637032e-05 -0.00043961311285424553
0.0008315408975739776 0.00045319193217929743
0.00045907736146841874 0.00014555585517186633
0.0005004816276739603 -0.00029888007108961397
0.00038572904808262926 -0.0006742666338572895
-0.00032486491711356506 0.00034514754781479057
-0.0003892152838079226 5.144551527707998e-05
0.0003185932220833951 -0.001012628391449297
0.0008034869535930409 0.00013164752442529088
0.0003337893633279789 -7.558925741538658e-05
-0.001136032650581164 -8.416004256188116e-05
0.00024107225731833613 0.000547546026606364
-0.00024251495734174593 -0.0007607128877977072
-0.00022079233284730395 -0.0002678134750791803
-0.0004739108960529776 0.0003302535077305433
0.00038442552287085217 0.00012014523794580479
-3.682252898976697e-05 -0.00022871643292715065
0.0001735748078586564 -9.894225342451357e-05
-0.00016512493859571206 0.0009138158268614557
0.00014533358868660322 0.0005944666018068433
0.0005076211668413834 -8.388105600600596e-05
-0.00018738826411648663 0.0007731859360680099
0.0006927209615052917 -0.000510111892548464
-0.000601042160063312 0.0006754717104493512
0.0006503111867398328 -0.0006913966793665074
-0.000621712895041103 -0.00034040779952063913
-0.00013429844266333785 -0.0012970489354734132
4.064453174774846e-05 -0.0002798890112179561
0.0004936151455938261 -0.0004385961376873265
0.00021561053367591236 -0.0001585353429339423
-0.0005553620226914614 -4.1375760825840395e-05
-0.0007850356615337264 -0.0005703797966975501
0.0003844244358333734 -0.00020981065527596836
